month,day,time,net,globali,globalr,pari,parr,tsoil,ppt,t,rh,u,rhsoil
1,1,0,-34.15492958,0,0,0,0,27.91353861,0,27.48904902,74.82527505,3.742,3.360117648
1,1,0.5,-33.5915493,0,0,0,0,27.83436774,0,27.50918195,75.02515557,3.462,3.360117648
1,1,1,-33.8028169,0,0,0,0,27.81457502,0,27.35818502,76.05454028,2.846,3.360117648
1,1,1.5,-34.85915493,0,0,0,0,27.81457502,0.1,27.08639055,77.30379357,3.192,3.360117648
1,1,2,-36.90140845,0,0,0,0,27.78488595,0,26.95552655,78.33317828,3.018,3.360117648
1,1,2.5,-38.73239437,0,0,0,0,27.73540415,0,26.96559301,78.91283181,3.889,3.360117648
1,1,3,-38.09859155,0,0,0,0,27.66612964,0,26.93539362,79.0627422,3.684,3.360117648
1,1,3.5,-37.11267606,0,0,0,0,27.63644057,0,26.69379854,79.69236586,2.645,3.360117648
1,1,4,-38.45070423,0,0,0,0,27.64633693,0.1,26.442137,80.55185213,2.627,3.360117648
1,1,4.5,-39.22535211,0,0,0,0,27.62654421,0,26.24080776,81.25143397,3.32,3.360117648
1,1,5,-39.22535211,0,0,0,0,27.57706241,0,26.13007668,81.55125476,3.771,3.360117648
1,1,5.5,-29.36619718,3.6,1,4.488946629,0,27.52758062,0,26.02941206,81.95101581,2.915,3.360117648
1,1,6,-5.633802817,24.6,7.6,31.95073777,1.547316952,27.49789154,0,26.05961145,82.35077686,2.841,3.360117648
1,1,6.5,26.61971831,61.8,18.4,78.16048248,3.094633905,27.44840975,0,26.22067484,82.65059765,2.111,3.360117648
1,1,7,71.54929577,132.8,40,161.0739673,6.962926286,27.41872068,0.1,26.37167176,82.75053792,2.906,3.360117648
1,1,7.5,230,356.8,107,386.0494101,16.246828,27.41872068,0,27.18705517,80.75173265,3.51,3.360117648
1,1,8,190.8450704,266.2,81,276.9944126,12.89430794,27.35934252,0,27.52931487,78.71295128,3.402,3.330238739
1,1,8.5,195.1408451,262.8,78.2,307.8889276,12.12064946,27.46820247,0.1,27.67024533,77.93341723,3.959,3.330238739
1,1,9,328.3098592,426.2,122.2,490.3514053,18.30991727,27.57706241,0,28.18363488,77.14388915,3.551,3.330238739
1,1,9.5,346.056338,438.6,125.8,512.0039714,19.08357575,27.57706241,0,28.71715736,75.30498831,4.362,3.299787062
1,1,10,338.0985915,433.6,127,502.2339111,19.08357575,27.60675149,0.1,28.97888537,74.78529894,3.727,3.299787062
1,1,10.5,396.4084507,508,147.6,579.0741151,21.92032349,27.73540415,0,29.37147737,73.43610539,3.047,3.299787062
1,1,11,418.1690141,534.2,156.6,601.782904,22.95186813,27.80467867,0,29.91506631,71.21743154,3.317,3.26874408
1,1,11.5,388.3098592,499,147.2,560.0621059,21.40455117,27.87395318,0.1,30.21706016,69.04872783,3.078,3.26874408
1,1,12,378.5211268,487.2,143.6,546.0671546,20.88877886,27.99270948,0,30.70025033,68.72891899,2.862,3.237090405
1,1,12.5,490.4225352,618.8,178.8,697.6351173,26.30438819,28.10156943,0,30.92171249,67.2498031,3.458,3.237090405
1,1,13,611.971831,756,211.8,851.8436368,30.94633905,28.19063665,0,31.45523496,65.7307111,3.059,3.204805749
1,1,13.5,666.1971831,817,224.2,916.5372794,32.493656,28.32918568,0.1,31.85789343,63.29216867,4.603,3.171868865
1,1,14,551.4084507,673.4,189,765.7614838,27.59381898,28.44794198,0,32.15988729,62.51263462,4.042,3.138257493
1,1,14.5,663.3802817,794.2,225.2,886.9630428,32.493656,28.57659464,0,32.40148237,61.56320212,4.383,3.138257493
1,1,15,309.9295775,377.8,110.2,431.7310434,16.50471416,28.77452182,0.1,31.37470327,62.90240165,5.812,3.103948293
1,1,15.5,74.50704225,109.2,33.8,129.9153966,5.415609333,29.12089437,0,29.29094568,69.7583037,3.46,3.103948293
1,1,16,42.3943662,67.6,20.4,82.12131774,3.352520064,29.28913247,0,27.97223919,74.59541244,2.336,3.103948293
1,1,16.5,69.29577465,157.6,47.4,186.6873686,7.736584762,29.12089437,0,27.31791917,78.23323802,2.115,3.103948293
1,1,17,41.05633803,151.8,47.8,177.7094754,7.478698603,28.82400361,0,27.14678932,80.75173265,2.094,3.103948293
1,1,17.5,63.38028169,109,32.8,125.9545613,5.157723175,28.68545459,0,26.88506132,81.85107555,1.391,3.103948293
1,1,18,18.45070423,53.6,16.6,60.20469597,2.320975429,28.65576551,0.1,26.86492839,82.15089634,2.467,3.103948293
1,1,18.5,-54.92957746,4.4,1.4,6.337336418,0,28.59638736,0,26.573001,83.94982107,2.946,3.103948293
1,1,19,-25.91549296,0,0,0,0,28.55680193,0,26.33140592,85.84868607,3.585,3.103948293
1,1,19.5,-17.18309859,0,0,0,0,28.47763106,0,25.76768406,87.04796923,2.994,3.103948293
1,1,20,-33.09859155,0,0,0,0,28.40835655,0,25.08316466,87.54767055,2.759,3.103948293
1,1,20.5,-32.81690141,0,0,0,0,28.2994966,0.1,24.74090496,87.1479095,2.084,3.103948293
1,1,21,-28.8028169,0,0,0,0,28.1807403,0,24.61004095,86.94802897,1.014,3.103948293
1,1,21.5,-32.74647887,0,0,0,0,28.04219127,0,24.72077203,87.1479095,1.277,3.103948293
1,1,22,-29.15492958,0,0,0,0,27.93333133,0,24.70063911,87.44773029,0.671,3.103948293
1,1,22.5,-30.91549296,0,0,0,0,27.83436774,0,24.69057265,87.84749134,1.447,3.103948293
1,1,23,-29.64788732,0,0,0,0,27.75519687,0,24.58990803,88.54707318,0.545,3.103948293
1,1,23.5,-27.53521127,0,0,0,0,27.68592236,0,24.57984157,88.74695371,0.981,3.103948293
1,2,0,-25.35211268,0,0,0,0,27.63644057,0,24.53957572,88.84689397,1.484,3.138257493
1,2,0.5,-24.08450704,0,0,0,0,27.57706241,0.1,24.67043972,89.14671476,1.772,3.103948293
1,2,1,-27.81690141,0,0,0,0,27.51768426,0,24.87176896,89.44653555,1.739,3.103948293
1,2,1.5,-23.5915493,0,0,0,0,27.47809883,0,24.97243358,89.74635634,2.345,3.103948293
1,2,2,-21.4084507,0,0,0,0,27.43851339,0,24.9925665,88.94683423,2.391,3.138257493
1,2,2.5,-26.05633803,0,0,0,0,27.39892796,0.1,24.93216773,88.64701344,1.546,3.138257493
1,2,3,-14.92957746,0,0,0,0,27.40882432,0,24.93216773,88.74695371,2.064,3.138257493
1,2,3.5,-17.46478873,0,0,0,0,27.3890316,0,25.02276589,88.44713292,1.934,3.138257493
1,2,4,-21.12676056,0,0,0,0,27.35934252,0,25.00263296,87.64761081,2.027,3.138257493
1,2,4.5,-21.83098592,0,0,0,0,27.32965345,0,24.92210127,87.54767055,1.493,3.138257493
1,2,5,-24.01408451,0,0,0,0,27.33954981,0.1,24.94223419,88.14731213,1.011,3.138257493
1,2,5.5,-23.16901408,4.6,1.6,5.017057997,0,27.35934252,0,24.80130373,88.74695371,1.176,3.138257493
1,2,6,-5.070422535,32.6,10.4,38.55212987,1.805203111,27.32965345,0,24.8617025,88.34719265,2.226,3.138257493
1,2,6.5,51.83098592,116.2,37.2,128.3310625,5.931381651,27.24058622,0,25.38515851,87.1479095,2.103,3.138257493
1,2,7,162.1126761,267.2,84.6,280.1630808,12.63642178,27.2207935,0.1,26.35153884,85.04916397,1.626,3.138257493
1,2,7.5,170.4929577,246.2,75.6,276.9944126,11.60487714,27.2207935,0,27.00585886,82.85047818,1.459,3.103948293
1,2,8,223.0985915,316.6,102.2,362.8125099,15.21528337,27.29996437,0,27.50918195,80.05215081,1.85,3.103948293
1,2,8.5,323.5915493,434,124.4,496.424686,18.56780343,27.41872068,0.1,28.30443243,77.53365618,1.901,3.103948293
1,2,9,391.1267606,494.2,139.2,555.5731593,20.37300654,27.51768426,0,28.93861952,72.10689989,2.799,3.068916779
1,2,9.5,235.4929577,305.6,90.6,349.8737814,13.66796641,27.5077879,0,29.41174322,68.70893094,2.303,3.068916779
1,2,10,616.1971831,734.4,205.2,837.0565185,28.88324978,27.59685513,0.1,30.2069937,65.46087238,2.571,3.033137246
1,2,10.5,715.4929577,870.2,214,969.0843605,30.43056673,27.60675149,0,31.33443742,61.39330367,3.178,2.996582688
1,2,11,698.5915493,822,229.4,947.4317944,32.493656,27.87395318,0.1,32.26055191,58.51502409,2.894,2.959224716
1,2,11.5,587.3239437,628,193.2,684.6963888,27.85170514,28.20053301,0,33.00547008,56.6561352,3.323,2.921033461
1,2,12,754.9295775,904.8,231.6,1020.311163,33.26731448,28.37866747,0,33.31753039,55.22698943,3.81,2.881977479
1,2,12.5,783.8028169,927.6,240.6,1043.812119,34.29885911,28.586491,0.1,33.64972363,54.54739565,3.047,2.842023636
1,2,13,684.5070423,806.6,216.4,910.7280543,30.94633905,28.87348541,0,34.01211626,54.04769433,3.012,2.801136995
1,2,13.5,434.9295775,529.8,149.8,596.2377346,21.66243733,29.08130894,0,34.07251503,54.24757486,2.574,2.759280685
1,2,14,447.3239437,558.6,160.2,633.2055304,23.46764044,29.2099616,0,34.15304672,54.23758083,2.023,2.716415763
1,2,14.5,312.5352113,380.4,111.8,426.9780411,16.50471416,29.20006524,0,34.53557227,51.98892491,2.697,2.672501059
1,2,15,244.4366197,330.8,97.6,395.0273034,15.47316952,29.28913247,0,33.9215181,55.63674451,2.43,2.672501059
1,2,15.5,418.3802817,526,155,588.0520084,22.95186813,29.33861427,0.1,34.6060375,51.25936099,2.908,2.627493012
1,2,16,261.971831,347.4,107.8,393.9710806,16.50471416,29.2594434,0,34.24364488,51.41926541,2.555,2.581345488
1,2,16.5,149.5070423,193.6,59.6,229.2003338,9.799674032,29.23965068,0,34.25371134,49.72028093,4.13,2.581345488
1,2,17,95.14084507,150,47.4,180.3500322,7.994470921,29.27923611,0,33.17659993,53.26816028,3.024,2.534009579
1,2,17.5,9.295774648,51.6,16,67.8623108,2.836747746,29.24954704,0,32.76387499,54.68731201,2.856,2.534009579
1,2,18,-18.94366197,18.8,5.6,27.46179114,1.289430794,29.22975432,0,31.71696297,59.07468957,3.079,2.534009579
1,2,18.5,-29.78873239,4.2,1,6.337336418,0,29.2099616,0,30.14659493,61.85302888,2.379,2.534009579
1,2,19,-27.32394366,0,0,0,0,29.13079073,0.1,29.33121153,65.36093212,1.127,2.534009579
1,2,19.5,-28.38028169,0,0,0,0,29.00213807,0,29.08961645,69.26859641,1.621,2.581345488
1,2,20,-37.11267606,0,0,0,0,28.8042109,0,28.69702444,70.48786762,2.534,2.581345488
1,2,20.5,-35.70422535,0,0,0,0,28.57659464,0,28.55609397,70.92760478,2.048,2.581345488
1,2,21,-35.77464789,0,0,0,0,28.47763106,0,28.21383427,72.96638615,2.61,2.581345488
1,2,21.5,-37.6056338,0,0,0,0,28.37866747,0,27.95210626,73.78589631,2.668,2.581345488
1,2,22,-37.25352113,0,0,0,0,28.23022209,0,27.79104288,74.30558568,2.268,2.581345488
1,2,22.5,-36.90140845,0,0,0,0,28.15105122,0,27.56958072,75.28500026,1.786,2.581345488
1,2,23,-38.09859155,0,0,0,0,28.14115486,0,27.2575204,77.42372189,1.887,2.581345488
1,2,23.5,-36.26760563,0,0,0,0,28.07188035,0,26.85486193,78.88284973,2.085,2.581345488
1,3,0,-39.01408451,0,0,0,0,27.98281312,0.1,26.64346623,79.95221055,2.103,2.627493012
1,3,0.5,-35.49295775,0,0,0,0,27.86405682,0,26.52266869,80.95161318,1.615,2.627493012
1,3,1,-34.08450704,0,0,0,0,27.81457502,0,25.99921268,82.2508366,1.151,2.627493012
1,3,1.5,-33.73239437,0,0,0,0,27.77498959,0,25.63682005,82.75053792,1.948,2.627493012
1,3,2,-32.53521127,0,0,0,0,27.70571508,0,25.69721883,84.34958213,1.938,2.627493012
1,3,2.5,-46.4084507,0,0,0,0,27.61664785,0,25.65695298,84.64940292,2.414,2.627493012
1,3,3,-34.50704225,0,0,0,0,27.52758062,0,25.49588959,84.94922371,0.853,2.627493012
1,3,3.5,-32.3943662,0,0,0,0,27.5077879,0,25.09323112,85.44892502,0.929,2.627493012
1,3,4,-31.1971831,0,0,0,0,27.5077879,0,24.91203481,87.24784976,1.309,2.627493012
1,3,4.5,-33.09859155,0,0,0,0,27.45830611,0.1,24.84156957,87.54767055,2.168,2.627493012
1,3,5,-34.71830986,0,0,0,0,27.3890316,0,24.84156957,88.24725239,1.501,2.627493012
1,3,5.5,-31.90140845,3.8,1,5.017057997,0,27.34944616,0,24.79123727,88.44713292,0.322,2.627493012
1,3,6,-10.28169014,49.2,16.2,49.37841292,2.578861587,27.32965345,0,24.94223419,89.34659529,0.74,2.627493012
1,3,6.5,24.71830986,135.6,45,141.7979023,7.220812445,27.34944616,0,26.17034253,88.94683423,0.789,2.627493012
1,3,7,116.3380282,238,75.2,256.3980692,12.37853562,27.33954981,0,27.0461247,86.94802897,1.12,2.627493012
1,3,7.5,204.084507,341.6,102,326.3728255,15.47316952,27.29996437,0,28.12323611,84.34958213,1.62,2.627493012
1,3,8,188.5915493,289.8,96.4,318.9792663,15.21528337,27.34944616,0.1,28.51582812,80.95161318,2.15,2.627493012
1,3,8.5,401.8309859,546.8,149.8,605.2156279,21.92032349,27.49789154,0,29.36141091,77.65358449,2.707,2.581345488
1,3,9,484.0140845,641.8,168.2,711.8941242,24.49918508,27.53747698,0.1,30.32779124,72.3767386,2.642,2.534009579
1,3,9.5,559.9295775,725.4,185.2,804.3136137,26.56227435,27.60675149,0,31.28410511,68.41910418,2.535,2.485433389
1,3,10,546.4084507,662.6,189,767.3458179,27.33593283,27.62654421,0,32.07935559,64.65135625,2.697,2.485433389
1,3,10.5,697.8873239,853.6,210.6,949.5442399,29.65690825,27.75519687,0.1,32.62294453,61.61317225,3.545,2.384336168
1,3,11,680.2816901,778.6,218.4,934.2290102,30.94633905,28.20053301,0,33.31753039,56.92597391,3.383,2.33169412
1,3,11.5,697.8873239,674.6,226.8,782.1329362,32.75154216,28.65576551,0,33.88125225,52.41866804,3.344,2.277569142
1,3,12,606.3380282,710.8,180.6,804.049558,26.56227435,28.79431454,0,34.37450888,50.24996433,3.373,2.221890279
1,3,12.5,776.056338,923.2,239.4,1032.457725,34.29885911,29.01203443,0.1,34.66643627,51.34930722,2.838,2.164581728
1,3,13,776.056338,910.6,240,1015.03005,34.55674527,29.36830334,0,35.2905569,48.43105154,2.732,2.105562403
1,3,13.5,593.6619718,711,193.4,777.6439896,27.33593283,29.44747421,0,35.62275014,47.17180422,3.077,2.04474546
1,3,14,108.2394366,152.2,45.8,174.5408072,6.962926286,29.61571231,0,34.87783197,48.9107648,1.994,2.04474546
1,3,14.5,20.91549296,46,13.6,57.03602776,2.320975429,29.95218851,0,30.68011741,57.89539446,5.15,1.982037751
1,3,15,22.95774648,48.8,13.8,63.37336418,2.578861587,30.20949383,0,27.48904902,71.22742557,5.403,1.982037751
1,3,15.5,-75.98591549,86.2,25.6,102.7176611,4.12617854,29.86312128,0.1,27.52931487,73.81587839,5.196,1.982037751
1,3,16,99.92957746,161.4,47.8,191.7044266,7.220812445,29.36830334,0,27.36825148,76.85406239,3.77,1.982037751
1,3,16.5,60.98591549,106.8,31.2,131.7637863,5.157723175,29.03182715,0,26.7843967,80.15209107,4.718,1.982037751
1,3,17,11.76056338,51.8,14.8,72.61531312,3.352520064,28.91307084,0,26.67366562,79.23264065,2.277,1.982037751
1,3,17.5,-4.084507042,33.6,9.4,49.90652429,1.805203111,28.7547291,0,26.7843967,78.71295128,1.492,1.982037751
1,3,18,-17.6056338,20.6,6.2,29.8382923,1.547316952,28.62607644,0,26.89512778,79.86226431,1.23,1.982037751
1,3,18.5,-33.23943662,5.2,1.6,7.12950347,0,28.55680193,0,26.79446316,82.05095607,2.337,1.982037751
1,3,19,-37.74647887,0,0,0,0,28.52711285,0,26.61326685,83.55006002,1.126,1.982037751
1,3,19.5,-35.49295775,0,0,0,0,28.44794198,0,26.37167176,84.94922371,0.922,1.982037751
1,3,20,-35.21126761,0,0,0,0,28.34897839,0.1,26.0998773,85.74874581,1.145,1.982037751
1,3,20.5,-33.8028169,0,0,0,0,28.23022209,0,26.02941206,86.94802897,0.852,1.982037751
1,3,21,-33.87323944,0,0,0,0,28.14115486,0,25.78781698,87.74755107,1.258,1.982037751
1,3,21.5,-33.09859155,0,0,0,0,28.06198399,0,25.68715236,87.9474316,1.419,1.982037751
1,3,22,-34.57746479,0,0,0,0,27.98281312,0,25.42542436,88.64701344,0.705,1.982037751
1,3,22.5,-34.36619718,0,0,0,0,27.92343497,0,25.17376281,88.94683423,1.785,1.982037751
1,3,23,-35.77464789,0,0,0,0,27.85416046,0,25.01269942,89.14671476,1.808,1.982037751
1,3,23.5,-36.1971831,0,0,0,0,27.76509323,0,24.81137019,89.14671476,1.335,1.982037751
1,4,0,-34.29577465,0,0,0,0,27.70571508,0,24.75097142,89.14671476,1.156,1.982037751
1,4,0.5,-35.21126761,0,0,0,0,27.64633693,0.1,24.61004095,89.64641608,1.193,1.982037751
1,4,1,-34.50704225,0,0,0,0,27.54737334,0,24.37851233,90.34599792,0.974,1.982037751
1,4,1.5,-35.42253521,0,0,0,0,27.48799519,0,24.16711663,90.9456395,2.107,1.982037751
1,4,2,-35.14084507,0,0,0,0,27.42861703,0,24.12685079,91.04557976,1.641,1.982037751
1,4,2.5,-35.84507042,0,0,0,0,27.36923888,0,24.15705017,91.64522134,2.516,1.982037751
1,4,3,-35.21126761,0,0,0,0,27.31975709,0,24.11678433,91.64522134,1.818,1.982037751
1,4,3.5,-35.21126761,0,0,0,0,27.29006801,0,24.04631909,91.64522134,1.807,1.982037751
1,4,4,-35.07042254,0,0,0,0,27.24058622,0.1,24.02618617,91.54528108,1.451,2.04474546
1,4,4.5,-34.43661972,0,0,0,0,27.20100078,0,24.02618617,91.84510187,1.969,2.04474546
1,4,5,-35.28169014,0,0,0,0,27.16141535,0,24.22751541,92.04498239,1.867,2.04474546
1,4,5.5,-31.83098592,4.6,1.4,5.281113681,0.257886159,27.11193356,0,24.18724956,92.14492265,1.89,2.04474546
1,4,6,-8.873239437,45.8,15.8,47.79407882,2.578861587,27.1020372,0,24.34831295,92.54468371,1.471,2.04474546
1,4,6.5,45.91549296,135.8,44,144.9665706,7.220812445,27.12182991,0,25.15362989,91.84510187,0.761,2.04474546
1,4,7,59.57746479,249.6,77.8,270.3930205,12.63642178,27.02286633,0.1,25.56635482,90.14611739,2.001,2.04474546
1,4,7.5,229.7183099,375.2,111.8,367.8295679,17.02048648,27.14162263,0,26.49246931,88.54707318,1.329,2.04474546
1,4,8,182.1126761,307.2,124.6,399.7803057,18.82568959,27.2207935,0.1,27.45884964,86.54826792,1.275,1.982037751
1,4,8.5,355.2816901,501.8,138.4,560.8542729,20.88877886,27.40882432,0,28.21383427,82.2508366,1.42,1.982037751
1,4,9,468.3802817,650,174.6,715.5909038,25.78861587,27.57706241,0,29.22048045,76.66417589,3.488,1.91733923
1,4,9.5,313.0985915,424.4,122.4,473.7158972,17.79414495,27.64633693,0.1,29.76406938,75.08511973,3.735,1.91733923
1,4,10,445.1408451,580.4,161.2,669.9092705,23.46764044,27.90364225,0,29.87480046,75.54484494,4.661,1.91733923
1,4,10.5,571.8309859,739.6,197.4,811.1790614,28.36747746,27.99270948,0,30.36805709,73.95579476,3.676,1.850542278
1,4,11,113.1690141,206.6,62.2,232.1049463,9.283901714,28.16094758,0,30.02579739,74.72533478,3.962,1.850542278
1,4,11.5,75.63380282,222,63,274.8819671,10.31544635,28.55680193,0.1,29.43187615,80.05215081,3.74,1.850542278
1,4,12,56.90140845,78,21,106.150385,4.12617854,28.76462546,0,26.51260223,80.55185213,4.618,1.850542278
1,4,12.5,-10.42253521,31.6,8.4,45.94568903,1.805203111,28.87348541,0,25.59655421,84.34958213,2.981,1.850542278
1,4,13,-0.563380282,63,18.4,74.72775859,2.836747746,28.6359728,0,25.3348262,86.54826792,2.115,1.850542278
1,4,13.5,67.18309859,131.6,38.8,148.6633501,5.931381651,28.31928932,0,25.55628836,86.94802897,2.037,1.850542278
1,4,14,126.1971831,197.2,59,218.9021621,8.768129397,28.06198399,0.1,25.72741821,87.1479095,1.916,1.850542278
1,4,14.5,186.971831,267.6,79.4,298.9110344,12.12064946,27.93333133,0,25.96901329,86.54826792,2.748,1.850542278
1,4,15,187.6056338,270.4,80.6,306.8327049,12.37853562,27.88384953,0,25.96901329,85.84868607,2.449,1.850542278
1,4,15.5,180.2816901,259.6,77,297.0626446,12.12064946,27.90364225,0,26.45220346,84.34958213,2.417,1.850542278
1,4,16,179.084507,255.4,76.4,296.0064218,12.12064946,27.93333133,0,26.50253577,82.15089634,3.026,1.781530951
1,4,16.5,131.3380282,193.8,58.8,231.5768349,9.799674032,27.97291676,0.1,26.77433024,79.91223444,2.568,1.781530951
1,4,17,227.0422535,340,111.8,372.5825702,16.76260032,28.09167307,0,27.43871671,78.79290349,2.742,1.781530951
1,4,17.5,145.7746479,239.4,81.2,251.9091226,11.8627633,28.20053301,0,28.04270442,75.76471352,1.826,1.781530951
1,4,18,15.21126761,59.6,18.6,63.10930849,2.578861587,28.20053301,0,27.62997949,76.34436705,1.009,1.781530951
1,4,18.5,-18.09859155,7.8,2.8,7.12950347,0.257886159,28.28960024,0,27.39845087,77.53365618,1.449,1.781530951
1,4,19,-22.46478873,0,0,0,0,28.31928932,0,27.02599178,80.3519716,1.098,1.781530951
1,4,19.5,-20,0,0,0,0,28.23022209,0,26.60320039,82.75053792,1.447,1.781530951
1,4,20,-21.90140845,0,0,0,0,28.11146579,0,26.50253577,84.34958213,0.974,1.781530951
1,4,20.5,-25.91549296,0,0,0,0,28.0125022,0.1,26.02941206,85.14910423,2.038,1.781530951
1,4,21,-29.08450704,0,0,0,0,27.93333133,0,25.23416158,85.44892502,0.436,1.781530951
1,4,21.5,-32.46478873,0,0,0,0,27.85416046,0,25.15362989,86.74814844,0.42,1.781530951
1,4,22,-33.66197183,0,0,0,0,27.77498959,0,24.81137019,87.84749134,0.401,1.781530951
1,4,22.5,-33.87323944,0,0,0,0,27.68592236,0,24.53957572,88.94683423,0.647,1.781530951
1,4,23,-34.08450704,0,0,0,0,27.57706241,0,24.3080471,89.44653555,0.802,1.781530951
1,4,23.5,-24.85915493,0,0,0,0,27.46820247,0,24.25771479,89.64641608,1.001,1.781530951
1,5,0,-18.8028169,0,0,0,0,27.3890316,0,24.46911049,89.54647581,0.04,1.781530951
1,5,0.5,-33.45070423,0,0,0,0,27.31975709,0,24.54964218,89.94623686,0.145,1.781530951
1,5,1,-34.71830986,0,0,0,0,27.28017165,0.1,24.28791418,90.64581871,0.223,1.781530951
1,5,1.5,-36.26760563,0,0,0,0,27.24058622,0,24.07651848,91.24546029,1.444,1.781530951
1,5,2,-36.47887324,0,0,0,0,27.20100078,0,23.87518924,91.54528108,0.714,1.781530951
1,5,2.5,-35.91549296,0,0,0,0,27.14162263,0,23.65372708,91.7451616,0.577,1.781530951
1,5,3,-36.76056338,0,0,0,0,27.09214084,0,23.39199908,91.84510187,1.09,1.781530951
1,5,3.5,-35.77464789,0,0,0,0,27.03276269,0,23.23093569,92.24486292,1.146,1.781530951
1,5,4,-35,0,0,0,0,26.97338453,0,23.0698723,92.34480318,0.648,1.781530951
1,5,4.5,-35.28169014,0,0,0,0,26.90411002,0,23.07993876,92.64462397,0.744,1.781530951
1,5,5,-35.28169014,0,0,0,0,26.84473187,0,22.91887537,92.74456423,0.693,1.781530951
1,5,5.5,-35.42253521,3.2,1,3.696779577,0,26.75566464,0,22.62694798,92.64462397,0.697,1.781530951
1,5,6,-1.056338028,70.6,24.2,63.37336418,3.352520064,26.71607921,0,23.01953999,93.04438502,0.926,1.781530951
1,5,6.5,70.98591549,159.6,50.6,166.355081,8.252357079,26.66659741,0,23.94565448,93.14432529,0.94,1.781530951
1,5,7,113.3098592,192.6,60.2,206.7556006,9.541787873,26.67649377,0.1,24.47917695,93.14432529,1.279,1.781530951
1,5,7.5,180.6338028,351.4,106.4,341.4239995,15.47316952,26.74576828,0,24.83150311,92.74456423,1.283,1.781530951
1,5,8,234.7183099,363.8,119,421.9609831,17.53625879,26.8843173,0,25.4656902,91.34540055,1.176,1.781530951
1,5,8.5,322.8873239,456.4,127.2,512.0039714,19.34146191,27.00307361,0.1,26.0193456,90.14611739,1.6,1.781530951
1,5,9,487.8169014,673.2,175.4,735.1310244,25.78861587,27.16141535,0,26.67366562,86.54826792,1.658,1.781530951
1,5,9.5,592.9577465,773.6,194.4,844.4500776,27.85170514,27.29006801,0,27.40851733,83.45011976,2.057,1.710180135
1,5,10,593.6619718,719.2,204.6,839.961131,28.88324978,27.30986073,0,28.27423304,80.05215081,2.107,1.710180135
1,5,10.5,693.6619718,891.2,216,984.9277016,30.68845289,27.5572697,0,29.17014814,76.16447457,2.21,1.710180135
1,5,11,642.9577465,832.8,223.2,907.8234418,31.71999752,28.26980752,0.1,29.864734,72.76650562,2.665,1.636354589
1,5,11.5,740.8450704,721,238.4,809.3306717,34.29885911,28.90317448,0,30.68011741,68.15925949,2.464,1.636354589
1,5,12,821.1267606,1005,246.2,1093.454588,35.33040375,29.21985796,0,31.58609897,65.24100381,1.844,1.636354589
1,5,12.5,650.7042254,798,199.8,881.9459848,29.14113594,29.51674872,0,32.35115006,61.6331603,2.765,1.559907867
1,5,13,774.6478873,952,240.6,1033.513947,34.55674527,29.87301764,0.1,32.65314392,60.02412207,2.142,1.559907867
1,5,13.5,497.8873239,612,163.8,675.9825512,23.98341276,29.96208486,0,32.91487192,58.23519136,1.95,1.559907867
1,5,14,378.5915493,483.2,132,525.2067556,18.82568959,29.89281035,0,33.08600177,57.75547809,2.587,1.559907867
1,5,14.5,406.4788732,516.2,142.6,571.1524446,21.40455117,29.98187758,0,32.82427377,58.38510175,2.22,1.480681097
1,5,15,508.3802817,646.8,175.4,727.2093539,27.07804667,30.02146302,0,33.83091994,53.28814833,2.518,1.480681097
1,5,15.5,489.2957746,629.4,175.6,696.3148389,27.07804667,30.07094481,0,34.00204979,50.20998822,2.478,1.480681097
1,5,16,360.2112676,489.2,142.6,545.2749876,22.17820965,30.13032296,0,34.10271441,48.55097985,2.231,1.480681097
1,5,16.5,292.8873239,406.4,122.6,442.5573265,18.05203111,30.1204266,0,34.18324611,51.64912801,2.943,1.480681097
1,5,17,81.33802817,137.2,41.4,154.4725752,6.705040127,30.07094481,0,33.00547008,56.99593209,3.095,1.480681097
1,5,17.5,44.08450704,95,28.6,107.2066077,4.641950857,30.08084117,0,32.14982083,59.23459399,3.829,1.480681097
1,5,18,11.05633803,61.4,20.2,65.74986533,3.094633905,29.95218851,0,31.32437096,60.84363223,3.455,1.480681097
1,5,18.5,-27.3943662,9.4,3.2,9.77006031,0.257886159,29.76415769,0.1,30.50898756,61.69312446,2.135,1.480681097
1,5,19,-33.5915493,0,0,0,0,29.60581595,0,29.59293953,66.70013165,1.674,1.480681097
1,5,19.5,-35.35211268,0,0,0,0,29.47716329,0,28.92855306,71.22742557,1.157,1.480681097
1,5,20,-36.05633803,0,0,0,0,29.28913247,0,28.00243857,76.26441483,2.101,1.480681097
1,5,20.5,-32.88732394,0,0,0,0,29.07141258,0,27.6803118,78.08332762,1.908,1.480681097
1,5,21,-20.70422535,0,0,0,0,28.84379633,0,27.2575204,79.79230613,1.809,1.480681097
1,5,21.5,-18.8028169,0,0,0,0,28.67555823,0,27.10652347,79.24263468,2.052,1.480681097
1,5,22,-19.57746479,0,0,0,0,28.55680193,0,27.15685578,79.54245547,0.584,1.480681097
1,5,22.5,-22.81690141,0,0,0,0,28.48752742,0,27.09645701,80.75173265,0.293,1.480681097
1,5,23,-20.07042254,0,0,0,0,28.42814926,0,26.88506132,83.45011976,1.054,1.480681097
1,5,23.5,-27.18309859,0,0,0,0,28.37866747,0,26.65353269,83.65000028,2.383,1.480681097
1,6,0,-24.22535211,0,0,0,0,28.28960024,0,26.39180469,83.55006002,1.236,1.480681097
1,6,0.5,-24.71830986,0,0,0,0,28.23022209,0,26.28107361,84.34958213,1.724,1.480681097
1,6,1,-21.12676056,0,0,0,0,28.17084394,0.1,26.0193456,85.2490445,0.937,1.480681097
1,6,1.5,-22.88732394,0,0,0,0,28.12136214,0,26.10994376,85.84868607,1.453,1.480681097
1,6,2,-20.28169014,0,0,0,0,28.06198399,0,25.58648775,87.04796923,1.74,1.480681097
1,6,2.5,-17.32394366,0,0,0,0,28.00260584,0,25.55628836,87.1479095,1.458,1.480681097
1,6,3,-18.16901408,0,0,0,0,27.95312405,0,25.47575667,87.84749134,1.635,1.480681097
1,6,3.5,-17.11267606,0,0,0,0,27.91353861,0,25.55628836,87.9474316,0.717,1.480681097
1,6,4,-18.38028169,0,0,0,0,27.88384953,0,25.55628836,88.24725239,1.778,1.480681097
1,6,4.5,-18.94366197,0,0,0,0,27.8442641,0,25.58648775,88.64701344,1.611,1.480681097
1,6,5,-14.36619718,0,0,0,0,27.81457502,0,25.66701944,88.74695371,0.883,1.480681097
1,6,5.5,-25.91549296,0.6,0.2,0.792167052,0,27.77498959,0,25.55628836,89.34659529,1.602,1.480681097
1,6,6,-21.90140845,6.8,2.2,7.921670522,0,27.73540415,0,25.30462682,89.74635634,1.519,1.480681097
1,6,6.5,-20.84507042,16.8,5.4,18.74795357,0.773658476,27.7255078,0,25.26436097,89.54647581,1.592,1.480681097
1,6,7,0.070422535,28.4,8.8,31.95073777,1.547316952,27.70571508,0,25.13349697,89.44653555,1.171,1.480681097
1,6,7.5,28.87323944,57.4,17.2,64.95769828,3.094633905,27.68592236,0,25.18382927,89.14671476,1.765,1.480681097
1,6,8,83.30985915,127.6,37.4,146.0227933,5.931381651,27.65623328,0,25.40529143,88.84689397,1.447,1.480681097
1,6,8.5,174.7183099,241,69.2,274.0898001,11.08910483,27.63644057,0.1,25.93881391,87.54767055,1.465,1.480681097
1,6,9,260.915493,348.2,99,397.1397488,15.47316952,27.60675149,0,26.58306746,84.94922371,1.89,1.480681097
1,6,9.5,394.8591549,527.8,138.2,589.9003982,20.88877886,27.62654421,0,27.61991303,82.05095607,2.176,1.480681097
1,6,10,574.6478873,698.4,190.2,821.4772331,28.62536362,27.64633693,0,29.0493506,77.56363826,2.509,1.480681097
1,6,10.5,602.1126761,774.2,186.8,861.0855857,28.1095913,27.70571508,0,30.21706016,72.51665497,2.656,1.480681097
1,6,11,633.0985915,781,201,882.2100405,29.91479441,27.97291676,0,31.2337728,67.98936104,2.358,1.39850159
1,6,11.5,700.7042254,653.4,215,741.9964722,32.493656,28.41825291,0,32.02902328,61.95296915,2.307,1.39850159
1,6,12,809.1549296,988.2,227.6,1083.156416,34.55674527,28.81410725,0,32.8142073,58.96475528,1.992,1.39850159
1,6,12.5,708.4507042,857.2,200.6,945.8474603,30.68845289,29.29902883,0.1,33.56919194,57.69551394,1.823,1.39850159
1,6,13,529.1549296,660.8,159.2,735.3950801,24.75707124,29.69488318,0,33.76045471,57.4556573,1.41,1.39850159
1,6,13.5,695.7746479,857.2,208.8,934.2290102,31.71999752,30.01156666,0,34.55570519,53.64793328,1.831,1.39850159
1,6,14,775.3521127,961.4,238,1034.306114,36.36194838,30.01156666,0,35.03889536,50.25995835,2.525,1.39850159
1,6,14.5,246.3380282,592,151,646.1442589,22.95186813,30.37773193,0,31.05257649,59.46445659,6.972,1.39850159
1,6,15,-20.91549296,157,39.6,187.21548,6.18926781,31.02099525,0,27.2575204,71.51725233,5.219,1.39850159
1,6,15.5,-28.5915493,17,4.4,24.29312293,1.289430794,30.51628095,0,26.08981083,77.21384734,2.411,1.39850159
1,6,16,-53.8028169,10,2.2,15.57928536,0.257886159,29.76415769,0,25.8884816,80.05215081,3.44,1.39850159
1,6,16.5,-32.6056338,11,2.8,15.57928536,0.515772317,29.42768149,0,24.67043972,85.04916397,3.656,1.39850159
1,6,17,-24.50704225,12.6,3.4,16.6355081,0.515772317,29.13079073,0,24.58990803,86.34838739,3.735,1.39850159
1,6,17.5,-24.36619718,7.8,1.8,11.88250578,0.257886159,28.83389997,0,24.54964218,87.54767055,3.008,1.39850159
1,6,18,-18.16901408,3.6,1,4.753002313,0,28.64586916,0.1,24.59997449,87.9474316,1.443,1.480681097
1,6,18.5,-20.63380282,1,0.2,1.32027842,0,28.45783834,0,24.26778125,87.9474316,1.23,1.480681097
1,6,19,-20,0,0,0,0,28.31928932,0,24.21744894,89.44653555,1.946,1.480681097
1,6,19.5,-18.30985915,0,0,0,0,28.20053301,0,24.25771479,90.44593818,1.7,1.480681097
1,6,20,-20.35211268,0,0,0,0,28.11146579,0,24.26778125,90.64581871,1.685,1.480681097
1,6,20.5,-21.69014085,0,0,0,0,28.05208763,0,24.32818002,91.14552002,1.914,1.480681097
1,6,21,-21.61971831,0,0,0,0,27.99270948,0,24.28791418,91.44534081,1.926,1.480681097
1,6,21.5,-21.4084507,0,0,0,0,27.95312405,0.1,24.24764833,91.64522134,1.779,1.480681097
1,6,22,-21.12676056,0,0,0,0,27.89374589,0,24.25771479,91.64522134,1.073,1.480681097
1,6,22.5,-20.42253521,0,0,0,0,27.85416046,0,24.27784771,91.7451616,0.911,1.480681097
1,6,23,-23.52112676,0,0,0,0,27.79478231,0,24.29798064,91.94504213,1.797,1.480681097
1,6,23.5,-28.23943662,0,0,0,0,27.75519687,0,24.28791418,92.14492265,1.443,1.480681097
1,7,0,-34.57746479,0,0,0,0,27.70571508,0,24.31811356,92.14492265,1.214,1.480681097
1,7,0.5,-27.81690141,0,0,0,0,27.676026,0,24.25771479,92.54468371,1.111,1.480681097
1,7,1,-24.08450704,0,0,0,0,27.63644057,0.1,24.27784771,93.04438502,0.76,1.480681097
1,7,1.5,-21.76056338,0,0,0,0,27.57706241,0,24.28791418,92.8445045,0.723,1.480681097
1,7,2,-18.16901408,0,0,0,0,27.53747698,0,24.32818002,93.04438502,1.452,1.480681097
1,7,2.5,-18.23943662,0,0,0,0,27.5077879,0,24.36844587,93.14432529,1.158,1.480681097
1,7,3,-18.94366197,0,0,0,0,27.49789154,0,24.37851233,93.24426555,1.072,1.480681097
1,7,3.5,-20.28169014,0,0,0,0,27.48799519,0,24.37851233,93.34420581,1.181,1.480681097
1,7,4,-19.29577465,0,0,0,0,27.47809883,0,24.36844587,93.54408634,0.747,1.480681097
1,7,4.5,-18.52112676,0,0,0,0,27.46820247,0,24.40871172,93.44414608,0.605,1.480681097
1,7,5,-18.52112676,0,0,0,0,27.42861703,0,24.39864526,93.44414608,1.155,1.480681097
1,7,5.5,-18.66197183,1.2,0.2,1.848389788,0,27.40882432,0.1,24.39864526,93.54408634,1.409,1.480681097
1,7,6,-9.295774648,14.4,4.2,17.42767515,0.515772317,27.39892796,0,24.28791418,93.74396687,1.056,1.480681097
1,7,6.5,16.47887324,49,13.6,57.30008344,2.320975429,27.37913524,0,24.5194428,93.94384739,1.598,1.559907867
1,7,7,68.16901408,113.8,32.4,131.235675,5.157723175,27.33954981,0,24.7811708,93.84390713,1.761,1.559907867
1,7,7.5,69.08450704,117.6,33.8,132.8200091,5.673495492,27.29996437,0,24.82143665,92.94444476,2.52,1.559907867
1,7,8,75.28169014,119.6,34.8,133.0840648,5.415609333,27.31975709,0,24.83150311,92.34480318,2.526,1.559907867
1,7,8.5,81.05633803,125,36.4,138.6292341,5.931381651,27.37913524,0,25.03283235,91.94504213,2.633,1.559907867
1,7,9,116.8309859,176.2,50.8,198.5698744,8.252357079,27.40882432,0,25.22409512,91.64522134,2.14,1.559907867
1,7,9.5,374.2957746,494.6,135,551.3482683,20.37300654,27.41872068,0.1,25.69721883,89.34659529,3.587,1.559907867
1,7,10,373.5915493,472.8,134.6,529.4316465,20.11512038,27.31975709,0,26.38173823,87.34779002,3.81,1.559907867
1,7,10.5,305.6338028,392.4,110.6,446.2541061,16.76260032,27.37913524,0,26.68373208,85.04916397,3.308,1.559907867
1,7,11,154.3661972,217,66.8,233.161169,9.799674032,27.52758062,0,26.84479547,84.04976134,2.947,1.559907867
1,7,11.5,302.3943662,408,117.6,457.8725562,17.79414495,27.68592236,0,27.0461247,82.45071713,3.11,1.559907867
1,7,12,384.8591549,501.6,142.6,562.1745514,21.66243733,27.7255078,0,27.43871671,79.65238976,2.858,1.559907867
1,7,12.5,431.6901408,555.8,156.2,622.3792473,23.7255266,27.7255078,0,27.87157457,75.31498233,3.014,1.559907867
1,7,13,571.8309859,710.6,192.8,797.4481659,29.3990221,27.70571508,0.1,28.55609397,70.94759283,3.701,1.559907867
1,7,13.5,672.5352113,807,212,908.3515532,32.23576984,27.676026,0,29.41174322,68.15925949,3.641,1.559907867
1,7,14,707.0422535,844.4,220.2,949.0161285,33.52520064,27.82447138,0,30.21706016,66.27038852,2.858,1.559907867
1,7,14.5,611.971831,733,195.4,833.0956832,30.17268057,28.09167307,0,30.79084849,62.06290344,3.313,1.480681097
1,7,15,553.3098592,677.6,185.4,769.9863747,28.88324978,28.45783834,0,31.30423804,59.53441478,2.846,1.480681097
1,7,15.5,470.2816901,590.4,165.8,669.9092705,26.04650203,28.86358905,0,31.67669712,57.43566925,2.008,1.480681097
1,7,16,373.5915493,488.2,143,557.6856047,22.95186813,29.08130894,0,32.06928913,55.75667283,2.055,1.480681097
1,7,16.5,271.4788732,381.2,118.6,439.3886583,19.08357575,29.05161986,0,32.36121652,53.95774809,1.449,1.480681097
1,7,17,172.3943662,269.4,89.8,310.0013731,14.44162489,29.10110166,0,32.5524793,52.69850078,1.108,1.480681097
1,7,17.5,24.43661972,74.6,24,99.54899289,4.899837016,29.11099802,0.1,32.05922267,53.78784965,1.371,1.559907867
1,7,18,-18.5915493,20,6.2,30.89451504,1.805203111,29.15058345,0,30.15666139,64.12167286,2.395,1.480681097
1,7,18.5,-31.47887324,6.6,2.2,9.241948942,0.257886159,29.23965068,0,28.39503058,71.29738375,2.251,1.559907867
1,7,19,-35.63380282,0,0,0,0,29.11099802,0,27.7306441,73.69595007,2.154,1.559907867
1,7,19.5,-24.78873239,0,0,0,0,28.87348541,0,27.52931487,76.49427744,2.817,1.559907867
1,7,20,-29.22535211,0,0,0,0,28.60628372,0,26.99579239,72.49666691,5.626,1.559907867
1,7,20.5,-41.26760563,0,0,0,0,28.39846019,0,26.03947853,73.44609941,4.25,1.559907867
1,7,21,-50.14084507,0,0,0,0,28.34897839,0,25.03283235,78.81289155,3.623,1.559907867
1,7,21.5,-26.4084507,0,0,0,0,28.25001481,0.1,24.64024034,81.35137423,1.283,1.559907867
1,7,22,-39.29577465,0,0,0,0,27.99270948,0,24.63017388,83.15029897,3.07,1.559907867
1,7,22.5,-31.4084507,0,0,0,0,27.81457502,0,24.47917695,84.1497016,1.922,1.559907867
1,7,23,-28.52112676,0,0,0,0,27.74530051,0,24.47917695,85.04916397,1.283,1.559907867
1,7,23.5,-31.05633803,0,0,0,0,27.68592236,0,24.32818002,85.74874581,1.155,1.559907867
1,8,0,-27.11267606,0,0,0,0,27.63644057,0,24.1771831,86.54826792,1.346,1.559907867
1,8,0.5,-23.45070423,0,0,0,0,27.57706241,0,24.18724956,87.1479095,1.378,1.559907867
1,8,1,-22.53521127,0,0,0,0,27.51768426,0,24.18724956,88.14731213,1.325,1.559907867
1,8,1.5,-21.26760563,0,0,0,0,27.46820247,0,24.02618617,88.54707318,1.364,1.559907867
1,8,2,-21.61971831,0,0,0,0,27.42861703,0,23.74432524,88.54707318,0.361,1.559907867
1,8,2.5,-23.45070423,0,0,0,0,27.37913524,0,23.89532217,88.94683423,1.057,1.559907867
1,8,3,-21.4084507,0,0,0,0,27.30986073,0.1,23.78459109,89.24665502,0.819,1.559907867
1,8,3.5,-21.33802817,0,0,0,0,27.27027529,0,23.84498986,89.44653555,0.904,1.559907867
1,8,4,-21.33802817,0,0,0,0,27.24058622,0,23.77452463,89.54647581,0.99,1.559907867
1,8,4.5,-22.18309859,0,0,0,0,27.20100078,0,23.80472401,89.8462966,1.37,1.559907867
1,8,5,-23.66197183,0,0,0,0,27.18120807,0,23.87518924,90.24605765,1.154,1.559907867
1,8,5.5,-21.83098592,1.6,0.4,2.112445473,0,27.15151899,0,23.72419232,90.74575897,1.624,1.559907867
1,8,6,-12.32394366,18.4,5.8,19.01200925,0.773658476,27.13172627,0,23.66379355,91.14552002,1.814,1.559907867
1,8,6.5,2.394366197,34.2,10.4,36.17562872,1.805203111,27.1020372,0,23.59332831,91.04557976,1.331,1.559907867
1,8,7,20.63380282,55,16.6,58.88441755,2.320975429,27.0525554,0,23.90538863,90.9456395,1.575,1.559907867
1,8,7.5,82.3943662,131.6,39,144.9665706,5.931381651,27.03276269,0.1,24.11678433,90.74575897,2.489,1.559907867
1,8,8,166.2676056,239,70.8,279.1068581,11.34699098,26.99317725,0,24.6503068,89.74635634,2.513,1.559907867
1,8,8.5,161.3380282,237,66.4,284.1239161,11.34699098,27.00307361,0,25.13349697,88.24725239,2.132,1.559907867
1,8,9,325.1408451,451.8,118.4,513.0601941,18.82568959,27.07234812,0,25.82808283,86.54826792,2.076,1.559907867
1,8,9.5,490.6338028,630,160.2,708.9895117,24.24129892,27.1020372,0,27.18705517,81.75113528,3.28,1.559907867
1,8,10,399.7887324,488.6,135.8,604.6875165,20.88877886,27.11193356,0,28.11316965,77.42372189,2.641,1.559907867
1,8,10.5,755.6338028,924.6,227.8,1019.518996,33.26731448,27.28017165,0.1,29.17014814,73.14627862,2.623,1.559907867
1,8,11,651.4084507,796.6,213,896.2049917,31.46211137,27.48799519,0,30.16672786,67.16985089,2.406,1.559907867
1,8,11.5,756.3380282,740.6,249.8,813.5555626,36.61983454,27.87395318,0,30.99217772,62.45267046,2.537,1.559907867
1,8,12,730.9859155,884.2,222.2,982.8152561,32.75154216,28.21042937,0,31.36463681,57.87540641,2.344,1.559907867
1,8,12.5,766.1971831,917.2,236,1015.558161,34.81463143,28.47763106,0,32.14982083,54.35750915,2.477,1.480681097
1,8,13,857.7464789,1026,262.8,1127.517771,38.42503765,28.65576551,0.1,32.70347622,51.31932514,2.749,1.480681097
1,8,13.5,773.943662,941.2,241.8,1041.435618,35.84617606,28.91307084,0,33.32759685,48.59095596,2.345,1.480681097
1,8,14,730.9859155,878.2,230,974.8935856,34.55674527,29.07141258,0,33.37792916,47.28173851,2.158,1.480681097
1,8,14.5,651.4084507,810.6,218.2,896.7331031,32.75154216,29.21985796,0,33.64972363,47.83140996,2.103,1.480681097
1,8,15,661.2676056,826.6,228.8,898.0533815,34.04097295,29.57612687,0.1,33.9215181,48.26115309,2.207,1.480681097
1,8,15.5,361.4788732,464.8,133,509.6274702,19.59934806,29.8334322,0,33.32759685,52.87839325,3.069,1.480681097
1,8,16,239.5774648,328,96.4,369.413902,14.69951105,29.95218851,0,32.38134945,55.92657128,3.201,1.480681097
1,8,16.5,218.028169,303.2,93.4,332.1820506,13.66796641,29.88291399,0.1,31.55589958,56.92597391,3.328,1.480681097
1,8,17,105.4929577,291.4,94.4,304.9843151,13.41008025,29.70477954,0,30.43852232,59.63435504,3.442,1.480681097
1,8,17.5,-14.64788732,164.6,49.4,179.8219208,7.478698603,29.55633416,0,28.59635982,61.61317225,5.367,1.480681097
1,8,18,-85.07042254,24.4,6.6,29.57423662,1.031544635,29.51674872,0,26.81459608,70.46787957,4.28,1.480681097
1,8,18.5,-38.66197183,0.8,0,1.056222736,0,29.496956,0,25.35495912,77.14388915,3.604,1.480681097
1,8,19,-13.52112676,0,0,0,0,29.12089437,0,25.03283235,80.05215081,2.921,1.480681097
1,8,19.5,-25.49295775,0,0,0,0,28.79431454,0,24.6503068,82.85047818,2.677,1.480681097
1,8,20,-30.84507042,0,0,0,0,28.55680193,0.1,24.35837941,85.2490445,3.404,1.480681097
1,8,20.5,-32.04225352,0,0,0,0,28.34897839,0,24.16711663,86.44832765,2.704,1.480681097
1,8,21,-35.35211268,0,0,0,0,28.17084394,0,23.92552155,86.84808871,2.174,1.480681097
1,8,21.5,-37.46478873,0,0,0,0,28.02239856,0,23.77452463,87.1479095,1.705,1.480681097
1,8,22,-34.43661972,0,0,0,0,27.93333133,0,23.85505632,88.24725239,1.81,1.480681097
1,8,22.5,-27.32394366,0,0,0,0,27.85416046,0,23.93558801,88.74695371,1.302,1.480681097
1,8,23,-26.76056338,0,0,0,0,27.78488595,0.1,23.85505632,89.0467745,1.296,1.480681097
1,8,23.5,-25.63380282,0,0,0,0,27.7255078,0,23.76445816,89.54647581,1.211,1.480681097
1,9,0,-31.83098592,0,0,0,0,27.66612964,0,23.73425878,89.8462966,1.203,1.480681097
1,9,0.5,-41.76056338,0,0,0,0,27.60675149,0,23.65372708,90.04617713,1.057,1.480681097
1,9,1,-43.94366197,0,0,0,0,27.54737334,0,23.51279662,90.14611739,0.979,1.480681097
1,9,1.5,-43.94366197,0,0,0,0,27.48799519,0,23.38193262,90.34599792,1.447,1.480681097
1,9,2,-41.05633803,0,0,0,0,27.40882432,0.1,23.27120154,90.64581871,1.536,1.480681097
1,9,2.5,-21.69014085,0,0,0,0,27.33954981,0,23.16047046,91.44534081,1.042,1.480681097
1,9,3,-25.28169014,0,0,0,0,27.28017165,0,23.29133446,91.7451616,1.747,1.480681097
1,9,3.5,-33.45070423,0,0,0,0,27.23068986,0,23.38193262,91.94504213,0.96,1.480681097
1,9,4,-43.30985915,0,0,0,0,27.20100078,0.1,23.40206554,91.7451616,0.973,1.480681097
1,9,4.5,-33.02816901,0,0,0,0,27.15151899,0,23.281268,92.04498239,1.215,1.480681097
1,9,5,-26.12676056,0,0,0,0,27.1020372,0,23.38193262,92.24486292,1.272,1.480681097
1,9,5.5,-23.8028169,2.4,0.8,2.376501157,0,27.0525554,0,23.42219846,92.54468371,1.547,1.480681097
1,9,6,-15.35211268,21.4,6.2,25.87745704,1.031544635,27.04265904,0,23.27120154,92.94444476,1.839,1.480681097
1,9,6.5,28.02816901,83.4,24.2,96.64438037,4.12617854,27.02286633,0.1,23.412132,93.24426555,1.822,1.480681097
1,9,7,119.1549296,204.2,66.2,233.4252247,10.83121867,26.99317725,0,24.04631909,92.94444476,2.07,1.480681097
1,9,7.5,158.3802817,274.8,80.6,292.8377536,13.1521941,26.97338453,0,24.58990803,92.24486292,1.228,1.480681097
1,9,8,148.6619718,281.8,126.6,382.8807419,19.59934806,27.0525554,0,25.14356343,89.74635634,2.399,1.480681097
1,9,8.5,354.6478873,492.6,132.4,558.4777718,20.6308927,27.06245176,0.1,26.10994376,86.84808871,2.326,1.480681097
1,9,9,238.5211268,326.8,89,390.0102454,14.44162489,27.1020372,0,26.39180469,84.24964186,1.974,1.480681097
1,9,9.5,312.8169014,414.4,111.6,478.2048438,17.53625879,27.27027529,0.1,26.71393147,81.1514937,2.124,1.480681097
1,9,10,496.9014085,573.6,164.2,640.8631452,24.49918508,27.35934252,0,27.91184042,77.34376968,2.202,1.480681097
1,9,10.5,504.5070423,618.6,154.2,699.4835071,23.46764044,27.37913524,0,28.39503058,74.83526907,2.261,1.480681097
1,9,11,736.6197183,952.6,236,1028.232834,34.29885911,27.74530051,0.1,29.50234138,70.37793333,2.42,1.480681097
1,9,11.5,678.1690141,594.4,207.8,672.5498273,30.94633905,28.1807403,0,30.21706016,65.88062149,2.312,1.39850159
1,9,12,818.3098592,962.6,227.2,1071.537966,34.04097295,28.43804562,0,30.84118079,63.02232996,1.88,1.39850159
1,9,12.5,803.5211268,950.6,228.2,1060.711683,34.04097295,28.6359728,0,31.30423804,60.25398467,2.518,1.39850159
1,9,13,795.0704225,944.2,229.8,1056.486792,34.81463143,28.85369269,0.1,31.85789343,57.34572301,3.019,1.39850159
1,9,13.5,779.5774648,930.2,232,1031.665558,35.07251759,29.00213807,0,32.58267868,55.05709099,2.522,1.39850159
1,9,14,468.1690141,554.2,145.2,635.0539202,22.69398197,29.10110166,0,32.76387499,54.05768836,2.026,1.39850159
1,9,14.5,566.9014085,687.8,181.4,768.930152,27.85170514,29.20006524,0.1,33.04573592,51.69909814,2.136,1.39850159
1,9,15,372.0422535,466.8,124.6,535.2408716,20.11512038,29.26933975,0,33.35779624,50.37988667,1.949,1.39850159
1,9,15.5,336.971831,442,124.2,500.9136327,19.85723422,29.36830334,0,33.00547008,51.55918178,1.38,1.39850159
1,9,16,94.57746479,147.8,42.6,180.8781436,7.478698603,29.5464378,0,32.77394146,53.72788549,1.493,1.39850159
1,9,16.5,-3.732394366,108.6,30.6,131.4997307,4.899837016,29.67509046,0,30.40832294,63.03232399,4.199,1.39850159
1,9,17,-52.46478873,24.4,6.4,30.10234798,0.773658476,29.6651941,0.1,26.13007668,75.14508389,6.338,1.39850159
1,9,17.5,-42.95774648,8.4,2.4,8.977893258,0,28.70524731,0,24.83150311,79.7823121,3.221,1.982037751
1,9,18,-38.94366197,3.6,1.2,3.696779577,0,27.91353861,0.1,25.15362989,81.75113528,3.074,2.716415763
1,9,18.5,-32.6056338,1,0.2,0.792167052,0,27.44840975,0,24.62010741,82.95041844,2.577,3.033137246
1,9,19,-20.77464789,0,0,0,0,27.27027529,0,24.61004095,86.74814844,1.979,3.171868865
1,9,19.5,-20.63380282,0,0,0,0,27.19110442,0.1,24.7811708,87.44773029,1.467,3.237090405
1,9,20,-19.92957746,0,0,0,0,27.18120807,0,25.04289881,87.84749134,0.853,3.299787062
1,9,20.5,-19.15492958,0,0,0,0,27.20100078,0,25.23416158,88.74695371,1.475,3.330238739
1,9,21,-30.49295775,0,0,0,0,27.25048258,0.1,24.8617025,88.24725239,2.204,3.360117648
1,9,21.5,-24.57746479,0,0,0,0,27.28017165,0,24.3080471,88.54707318,2.111,3.360117648
1,9,22,-24.08450704,0,0,0,0,27.26037894,0,24.16711663,88.94683423,2.198,3.389441522
1,9,22.5,-22.18309859,0,0,0,0,27.2207935,0,24.15705017,89.0467745,1.956,3.389441522
1,9,23,-21.05633803,0,0,0,0,27.21089714,0.1,24.23758187,89.24665502,1.639,3.389441522
1,9,23.5,-21.47887324,0,0,0,0,27.21089714,0,24.35837941,89.34659529,1.076,3.389441522
1,10,0,-19.64788732,0,0,0,0,27.20100078,0.1,24.36844587,89.74635634,0.956,3.389441522
1,10,0.5,-18.66197183,0,0,0,0,27.20100078,0,24.44897756,90.74575897,0.885,3.389441522
1,10,1,-19.15492958,0,0,0,0,27.19110442,0,24.37851233,90.84569923,1.456,3.389441522
1,10,1.5,-19.78873239,0,0,0,0,27.20100078,0.1,24.34831295,90.9456395,0.873,3.389441522
1,10,2,-19.01408451,0,0,0,0,27.17131171,0,24.37851233,91.04557976,1.447,3.389441522
1,10,2.5,-18.23943662,0,0,0,0,27.15151899,0.1,24.41877818,91.24546029,1.455,3.389441522
1,10,3,-18.30985915,0,0,0,0,27.17131171,0,24.4389111,91.24546029,0.997,3.389441522
1,10,3.5,-20.49295775,0,0,0,0,27.17131171,0.1,24.47917695,91.44534081,1.484,3.389441522
1,10,4,-22.3943662,0,0,0,0,27.16141535,0,24.55970864,91.44534081,0.871,3.389441522
1,10,4.5,-28.73239437,0,0,0,0,27.15151899,0.1,24.59997449,92.34480318,0.365,3.389441522
1,10,5,-35.77464789,0,0,0,0,27.15151899,0,24.33824649,92.64462397,0.972,3.389441522
1,10,5.5,-27.46478873,1,0,1.584334104,0,27.1020372,0,24.21744894,92.44474344,0.759,3.389441522
1,10,6,-10.35211268,12.2,3,15.31522968,0.515772317,27.07234812,0.1,24.31811356,92.74456423,1.703,3.389441522
1,10,6.5,1.76056338,34,8.4,42.77702082,1.805203111,27.04265904,0.1,24.52950926,92.94444476,1.785,3.389441522
1,10,7,26.12676056,87.8,21.8,103.5098282,4.12617854,27.02286633,0,24.82143665,92.94444476,2.136,3.389441522
1,10,7.5,97.67605634,173.8,45.4,191.4403709,8.252357079,27.00307361,0.1,25.08316466,92.64462397,2.862,3.389441522
1,10,8,141.1971831,200.8,53.6,219.4302735,9.541787873,27.00307361,0.1,25.43549082,91.54528108,3.021,3.389441522
1,10,8.5,231.1267606,306.4,83.4,352.2502825,13.41008025,27.04265904,0,25.66701944,89.94623686,3.673,3.360117648
1,10,9,230.2816901,301.4,85,345.3848348,13.41008025,27.07234812,0.1,26.13007668,87.64761081,4.231,3.360117648
1,10,9.5,206.3380282,277,81.4,311.5857072,12.37853562,27.12182991,0.1,26.30120653,86.0485666,3.983,3.360117648
1,10,10,313.1690141,399.2,114.6,460.513113,17.79414495,27.20100078,0,26.88506132,84.1497016,3.566,3.360117648
1,10,10.5,357.4647887,456.8,129.2,518.3413078,19.85723422,27.24058622,0.1,27.44878318,81.05155344,3.865,3.360117648
1,10,11,408.3098592,516.8,145.2,588.0520084,22.17820965,27.31975709,0.1,28.24403366,78.00337541,3.548,3.330238739
1,10,11.5,385.3521127,488.2,138.2,553.7247695,21.14666502,27.33954981,0,28.58629336,74.64538257,4.517,3.330238739
1,10,12,435.7746479,551,154.6,622.3792473,23.46764044,27.43851339,0,29.11981583,72.91641602,3.589,3.330238739
1,10,12.5,373.2394366,473.8,136.2,533.1284261,20.11512038,27.51768426,0.1,29.3110786,71.82706715,3.364,3.299787062
1,10,13,467.0422535,589.6,165.8,658.0267647,25.0149574,27.63644057,0,29.66340477,70.71773023,2.922,3.299787062
1,10,13.5,890.8450704,1090.6,288.2,1194.059803,42.55121619,27.81457502,0,30.64991802,68.48906236,2.487,3.26874408
1,10,14,518.5211268,631.4,172.4,721.4001289,26.82016051,28.0125022,0.1,30.94184541,66.41030489,2.303,3.26874408
1,10,14.5,674.6478873,816.8,221,908.8796645,33.52520064,28.21042937,0,31.47536789,64.73130846,2.459,3.237090405
1,10,15,585.915493,708,195,800.3527784,29.91479441,28.50732013,0,31.97869098,62.01293331,2.155,3.204805749
1,10,15.5,482.6760563,593.8,167,676.7747183,26.30438819,28.68545459,0,32.07935559,59.39449841,2.554,3.204805749
1,10,16,388.1690141,498.2,145.8,569.5681105,22.95186813,28.9229672,0.1,32.50214699,56.97594404,1.218,3.171868865
1,10,16.5,295.8450704,395.8,122.8,452.5914425,19.34146191,29.18027253,0,32.88467254,56.85601572,1.351,3.171868865
1,10,17,218.028169,312.4,102.6,351.7221712,15.73105568,29.2099616,0,32.71354269,56.90598586,1.873,3.171868865
1,10,17.5,118.3802817,196.4,67.8,221.2786632,11.08910483,29.2099616,0,32.45181468,57.11586041,1.984,3.138257493
1,10,18,7.112676056,49.8,15.6,63.63741986,2.836747746,29.0417235,0.1,31.75722882,60.21400857,1.445,3.138257493
1,10,18.5,-23.8028169,9.6,3,11.6184501,0.515772317,29.08130894,0,30.94184541,66.28038254,1.863,3.138257493
1,10,19,-14.15492958,0,0,0,0,29.0912053,0,29.19028106,66.20043033,2.149,3.138257493
1,10,19.5,-12.04225352,0,0,0,0,28.93286356,0,28.00243857,64.99115315,5.333,3.138257493
1,10,20,-54.15492958,0,0,0,0,28.77452182,0,26.16027607,73.08631447,3.041,3.138257493
1,10,20.5,-31.90140845,0,0,0,0,28.64586916,0.1,25.77775052,76.82408031,1.841,3.138257493
1,10,21,-29.78873239,0,0,0,0,28.41825291,0,25.62675359,79.4025391,0.88,3.138257493
1,10,21.5,-33.23943662,0,0,0,0,28.19063665,0,25.4656902,81.85107555,1.772,3.138257493
1,10,22,-23.87323944,0,0,0,0,28.02239856,0.1,24.84156957,82.05095607,2.518,3.138257493
1,10,22.5,-30.35211268,0,0,0,0,27.87395318,0,24.53957572,81.95101581,1.915,3.138257493
1,10,23,-26.61971831,0,0,0,0,27.77498959,0,24.52950926,83.15029897,1.08,3.138257493
1,10,23.5,-20.84507042,0,0,0,0,27.71561144,0,24.54964218,83.25023923,0.954,3.138257493
1,11,0,-24.36619718,0,0,0,0,27.62654421,0,24.69057265,84.1497016,1.341,3.138257493
1,11,0.5,-14.01408451,0,0,0,0,27.5572697,0.1,24.69057265,85.14910423,1.965,3.138257493
1,11,1,-15.07042254,0,0,0,0,27.48799519,0,24.84156957,84.84928344,1.62,3.138257493
1,11,1.5,-14.01408451,0,0,0,0,27.43851339,0,24.90196834,85.04916397,1.359,3.138257493
1,11,2,-14.50704225,0,0,0,0,27.42861703,0,24.84156957,85.44892502,1.325,3.138257493
1,11,2.5,-15.77464789,0,0,0,0,27.40882432,0,24.92210127,86.54826792,0.632,3.138257493
1,11,3,-16.97183099,0,0,0,0,27.3890316,0.1,25.05296527,86.94802897,0.603,3.138257493
1,11,3.5,-17.18309859,0,0,0,0,27.37913524,0,24.98250004,87.34779002,1.403,3.138257493
1,11,4,-18.45070423,0,0,0,0,27.34944616,0,24.83150311,87.64761081,1.367,3.138257493
1,11,4.5,-20.49295775,0,0,0,0,27.33954981,0,24.87176896,88.94683423,0.28,3.138257493
1,11,5,-22.53521127,0,0,0,0,27.33954981,0,24.95230065,88.74695371,0.216,3.138257493
1,11,5.5,-24.08450704,1.4,0.2,2.112445473,0,27.31975709,0,24.95230065,89.94623686,0.328,3.138257493
1,11,6,-12.95774648,18.2,5.4,22.97284451,1.031544635,27.29996437,0.1,24.9925665,90.14611739,1.085,3.138257493
1,11,6.5,20.14084507,64.2,18.6,77.36831543,3.094633905,27.26037894,0,25.13349697,90.74575897,0.711,3.138257493
1,11,7,71.26760563,134.8,40,156.0569093,6.705040127,27.28017165,0,25.42542436,90.14611739,1.165,3.103948293
1,11,7.5,115.1408451,174.8,51.4,203.5869324,8.510243238,27.32965345,0.1,25.77775052,88.24725239,1.588,3.103948293
1,11,8,169.5070423,235,69.6,274.0898001,11.08910483,27.33954981,0,26.0998773,87.04796923,1.432,3.103948293
1,11,8.5,216.056338,294.2,86,336.1428858,13.1521941,27.35934252,0,26.88506132,84.54946265,1.997,3.103948293
1,11,9,300.8450704,392.6,113,443.6135492,17.02048648,27.3890316,0.1,27.57964718,80.75173265,2.42,3.103948293
1,11,9.5,458.5211268,575.8,156.8,648.7848157,23.7255266,27.42861703,0,28.64669213,75.13508986,2.826,3.068916779
1,11,10,546.1267606,634.4,173.6,694.2023934,25.78861587,27.34944616,0,29.74393646,71.50725831,3.253,3.068916779
1,11,10.5,697.8873239,822.8,196.6,916.8013351,29.14113594,27.32965345,0.1,30.24725955,68.01934312,3.65,3.033137246
1,11,11,702.1126761,843.2,219.6,978.5903651,32.493656,27.58695877,0,30.93177895,62.70252112,4.36,3.033137246
1,11,11.5,451.1267606,544.4,142.8,612.8732427,20.88877886,27.9630204,0,31.28410511,60.89360236,4.802,2.996582688
1,11,12,294.5774648,375.2,105.4,435.6918787,16.246828,28.14115486,0.1,30.61971864,63.84184012,4.902,2.996582688
1,11,12.5,138.8732394,197.6,57,235.2736145,9.283901714,28.35887475,0,28.21383427,64.23160715,4.66,2.996582688
1,11,13,30.28169014,84.6,24.4,105.6222736,4.12617854,28.59638736,0,26.60320039,70.73771828,3.368,2.959224716
1,11,13.5,-39.92957746,39.8,11.2,55.45169365,2.320975429,28.57659464,0.1,26.0193456,76.89403849,3.151,2.959224716
1,11,14,-35.35211268,16.6,4.4,26.66962409,1.289430794,28.35887475,0,26.05961145,79.56244352,1.808,2.959224716
1,11,14.5,-22.81690141,15.4,4,25.08528999,0.773658476,28.23022209,0,24.92210127,84.1497016,2.816,2.959224716
1,11,15,-13.8028169,18.6,4.8,28.25395819,1.289430794,28.08177671,0,24.45904403,87.24784976,1.979,2.959224716
1,11,15.5,-3.943661972,44.2,11.8,56.24386071,2.06308927,27.86405682,0,24.0966514,88.44713292,2.673,2.959224716
1,11,16,0.704225352,58.4,16.2,69.18258922,2.320975429,27.69581872,0.1,23.94565448,89.44653555,2.676,2.959224716
1,11,16.5,1.478873239,50.6,14.2,59.14847323,1.805203111,27.58695877,0,23.78459109,90.74575897,1.888,2.959224716
1,11,17,11.12676056,82,23.2,93.47571216,3.352520064,27.5077879,0,23.79465755,91.34540055,2.757,2.959224716
1,11,17.5,12.3943662,69,19.6,79.21670522,3.094633905,27.43851339,0,23.84498986,91.64522134,2.584,2.959224716
1,11,18,2.816901408,42.4,12,47.53002313,1.805203111,27.3890316,0,23.79465755,92.04498239,2.581,2.959224716
1,11,18.5,-20.77464789,12.6,3.8,12.93872852,0.515772317,27.36923888,0.1,23.61346124,92.34480318,2.321,2.959224716
1,11,19,-28.30985915,0,0,0,0,27.37913524,0,23.4926637,92.44474344,1.107,2.959224716
1,11,19.5,-23.73239437,0,0,0,0,27.33954981,0,23.61346124,92.24486292,1.663,2.959224716
1,11,20,-23.5915493,0,0,0,0,27.29006801,0,23.68392647,92.74456423,1.357,2.959224716
1,11,20.5,-22.25352113,0,0,0,0,27.25048258,0,23.78459109,92.54468371,1.525,2.959224716
1,11,21,-22.46478873,0,0,0,0,27.2207935,0,23.76445816,92.74456423,0.704,2.959224716
1,11,21.5,-25,0,0,0,0,27.18120807,0.1,23.89532217,92.74456423,0.891,2.959224716
1,11,22,-26.1971831,0,0,0,0,27.15151899,0,23.90538863,92.94444476,0.426,2.959224716
1,11,22.5,-29.85915493,0,0,0,0,27.11193356,0,23.84498986,92.94444476,0.824,2.959224716
1,11,23,-34.50704225,0,0,0,0,27.07234812,0,23.8349234,92.94444476,1.39,2.996582688
1,11,23.5,-29.43661972,0,0,0,0,27.0525554,0,23.77452463,93.04438502,1.308,2.996582688
1,12,0,-26.4084507,0,0,0,0,27.03276269,0.1,23.80472401,93.54408634,0.608,2.996582688
1,12,0.5,-19.78873239,0,0,0,0,26.99317725,0,23.77452463,93.54408634,0.467,2.996582688
1,12,1,-19.64788732,0,0,0,0,26.97338453,0,23.8349234,93.54408634,0.966,2.996582688
1,12,1.5,-18.5915493,0,0,0,0,26.95359182,0,23.74432524,93.54408634,0.739,2.996582688
1,12,2,-18.09859155,0,0,0,0,26.9337991,0,23.57319539,93.54408634,0.56,2.996582688
1,12,2.5,-18.45070423,0,0,0,0,26.92390274,0,23.65372708,93.74396687,0.17,2.996582688
1,12,3,-19.01408451,0,0,0,0,26.8843173,0.1,23.64366062,93.84390713,0.098,2.996582688
1,12,3.5,-19.92957746,0,0,0,0,26.86452459,0,23.66379355,93.94384739,0.854,2.996582688
1,12,4,-17.18309859,0,0,0,0,26.85462823,0,23.66379355,94.14372792,0.499,2.996582688
1,12,4.5,-16.4084507,0,0,0,0,26.82493915,0,23.65372708,94.14372792,0.789,2.959224716
1,12,5,-14.57746479,0,0,0,0,26.82493915,0,23.7543917,94.24366818,1.265,2.959224716
1,12,5.5,-13.23943662,1,0.2,1.056222736,0,26.81504279,0.1,23.76445816,94.14372792,0.809,2.996582688
1,12,6,0.422535211,26.6,7.8,26.40556841,1.031544635,26.80514644,0,23.8349234,94.24366818,0.465,2.996582688
1,12,6.5,45.84507042,86,25.8,89.25082121,3.610406222,26.78535372,0,24.06645202,94.24366818,1.074,2.996582688
1,12,7,61.4084507,136.8,41,146.0227933,6.18926781,26.765561,0,24.21744894,94.04378766,2.723,2.996582688
1,12,7.5,136.6901408,197,58.4,214.9413268,9.283901714,26.765561,0.1,24.28791418,93.44414608,3.153,2.996582688
1,12,8,212.8169014,351.2,144.2,485.3343473,21.92032349,26.78535372,0,24.64024034,92.34480318,3.569,2.996582688
1,12,8.5,447.8169014,601.4,162.6,672.5498273,25.0149574,26.74576828,0,25.5462219,89.44653555,3.241,2.959224716
1,12,9,560.4225352,713.6,187,790.0546067,28.1095913,26.65670105,0.1,26.55286808,86.44832765,3.352,2.959224716
1,12,9.5,640.8450704,802,207.6,889.8676553,30.94633905,26.60721926,0,26.75419731,83.94982107,4.344,2.921033461
1,12,10,675.3521127,772.2,208,849.7311913,30.94633905,26.75566464,0,26.7843967,82.85047818,4.14,2.921033461
1,12,10.5,738.028169,879,214,978.0622538,31.71999752,26.8843173,0.1,27.69037826,79.04275415,4.315,2.881977479
1,12,11,698.5915493,806.4,216,987.040147,32.23576984,27.14162263,0,28.31449889,75.19505402,5.146,2.881977479
1,12,11.5,791.5492958,731,238.6,822.5334559,35.33040375,27.52758062,0.1,28.90842013,73.30618304,4.903,2.842023636
1,12,12,785.2112676,906.4,223.8,1039.587228,33.78308679,27.73540415,0,29.12988229,71.2374196,5.03,2.842023636
1,12,12.5,796.4788732,915,231.4,1041.435618,34.29885911,27.98281312,0,29.55267369,69.85824396,4.652,2.801136995
1,12,13,803.5211268,935.8,240.8,1061.239794,35.84617606,28.15105122,0,29.95533216,67.38971946,4.45,2.759280685
1,12,13.5,737.3239437,872.2,230.2,988.3604254,34.29885911,28.35887475,0,30.27745894,65.88062149,3.506,2.759280685
1,12,14,440.915493,546.2,151.6,615.2497439,22.17820965,28.42814926,0.1,30.59958571,65.38092017,3.159,2.716415763
1,12,14.5,107.3943662,163.8,51.2,181.6703106,7.736584762,28.52711285,0,30.45865525,66.07050799,1.53,2.716415763
1,12,15,50.07042254,86.2,27.2,95.85221331,4.12617854,28.6359728,0,30.27745894,66.89001815,0.961,2.716415763
1,12,15.5,10.84507042,27.4,8.8,30.89451504,1.805203111,28.76462546,0,27.47898256,74.05573502,5.098,2.716415763
1,12,16,10.77464789,33.6,9.8,42.24890945,1.805203111,28.99224171,0,26.0998773,78.74293336,3.118,2.716415763
1,12,16.5,-26.26760563,43.6,12.6,50.69869134,1.805203111,28.76462546,0.1,25.4656902,80.55185213,2.61,2.716415763
1,12,17,-12.04225352,47,14,53.33924818,1.805203111,28.47763106,0,25.28449389,83.15029897,2.487,2.716415763
1,12,17.5,-13.02816901,32.6,10,37.23185145,1.805203111,28.25001481,0,25.1234305,84.54946265,2.215,2.716415763
1,12,18,-13.38028169,19.4,6,23.50095588,1.031544635,28.10156943,0,25.10329758,86.14850686,2.609,2.716415763
1,12,18.5,-27.32394366,4.6,1.2,6.073280733,0,27.99270948,0,24.89190188,87.64761081,1.884,2.716415763
1,12,19,-27.3943662,0,0,0,0,27.91353861,0,24.62010741,88.84689397,2.401,2.716415763
1,12,19.5,-28.94366197,0,0,0,0,27.82447138,0,24.50937634,89.74635634,2.7,2.716415763
1,12,20,-30.28169014,0,0,0,0,27.7255078,0,24.34831295,90.24605765,2.248,2.716415763
1,12,20.5,-28.30985915,0,0,0,0,27.64633693,0,24.26778125,91.04557976,2.496,2.716415763
1,12,21,-25.98591549,0,0,0,0,27.57706241,0.1,24.29798064,91.44534081,1.301,2.716415763
1,12,21.5,-23.38028169,0,0,0,0,27.53747698,0,24.36844587,91.44534081,1.168,2.716415763
1,12,22,-23.73239437,0,0,0,0,27.48799519,0,24.37851233,91.64522134,1.303,2.716415763
1,12,22.5,-21.90140845,0,0,0,0,27.43851339,0,24.26778125,91.84510187,1.695,2.716415763
1,12,23,-22.95774648,0,0,0,0,27.40882432,0,24.24764833,91.84510187,1.425,2.716415763
1,12,23.5,-28.38028169,0,0,0,0,27.36923888,0,24.15705017,91.7451616,0.646,2.716415763
1,13,0,-24.57746479,0,0,0,0,27.31975709,0,24.1771831,91.7451616,0.534,2.716415763
1,13,0.5,-18.45070423,0,0,0,0,27.29006801,0.1,24.13691725,91.94504213,0.842,2.716415763
1,13,1,-17.18309859,0,0,0,0,27.26037894,0,24.18724956,92.04498239,1.118,2.716415763
1,13,1.5,-15.28169014,0,0,0,0,27.2207935,0,24.28791418,92.24486292,0.873,2.716415763
1,13,2,-16.1971831,0,0,0,0,27.21089714,0,24.3080471,92.34480318,0.771,2.716415763
1,13,2.5,-9.647887324,0,0,0,0,27.20100078,0,24.44897756,92.74456423,2.542,2.716415763
1,13,3,-18.52112676,0,0,0,0,27.12182991,0.1,24.31811356,93.04438502,2.937,2.716415763
1,13,3.5,-26.61971831,0,0,0,0,27.06245176,0,23.92552155,92.94444476,2.591,2.716415763
1,13,4,-22.11267606,0,0,0,0,27.03276269,0,23.93558801,93.24426555,2.415,2.716415763
1,13,4.5,-24.15492958,0,0,0,0,26.99317725,0,23.99598678,93.34420581,2.385,2.716415763
1,13,5,-30.91549296,0,0,0,0,26.96348817,0,23.92552155,93.34420581,2.673,2.716415763
1,13,5.5,-32.95774648,1.2,0.2,1.584334104,0,26.95359182,0.1,23.73425878,93.44414608,2.056,2.716415763
1,13,6,-7.816901408,24.6,7.4,26.66962409,1.031544635,26.95359182,0,23.67386001,93.74396687,2.071,2.716415763
1,13,6.5,28.02816901,90,26.6,97.96465879,3.868292381,26.91400638,0,23.90538863,93.84390713,1.787,2.716415763
1,13,7,139.7183099,249.6,75.8,262.2072943,11.60487714,26.8843173,0,24.34831295,93.44414608,2.253,2.716415763
1,13,7.5,182.3943662,269.6,80.4,303.1359253,12.89430794,26.82493915,0,24.7811708,91.24546029,2.6,2.716415763
1,13,8,214.9295775,292.6,86.2,305.7764821,13.41008025,26.89421366,0,24.9925665,89.44653555,2.286,2.716415763
1,13,8.5,180.7042254,245.2,72.4,282.8036376,11.60487714,26.96348817,0,25.25429451,88.14731213,2.099,2.716415763
1,13,9,229.5774648,295.4,85.2,343.536445,13.1521941,27.08224448,0.1,25.57642128,85.84868607,2.377,2.716415763
1,13,9.5,231.2676056,303.2,89.6,345.3848348,13.41008025,27.14162263,0,26.10994376,82.45071713,2.973,2.716415763
1,13,10,415.2112676,515.2,145.8,589.3722868,21.92032349,27.16141535,0,26.92532716,78.60301699,2.832,2.672501059
1,13,10.5,517.9577465,635.6,176.4,720.3439061,26.30438819,27.11193356,0,27.8111758,73.97578281,3.311,2.672501059
1,13,11,553.7323944,662.4,184.4,750.9743655,27.33593283,27.0525554,0.1,28.32456535,70.8576466,3.976,2.627493012
1,13,11.5,432.1830986,534.2,149,603.3672381,21.92032349,27.17131171,0,28.58629336,69.82826189,3.989,2.627493012
1,13,12,367.0422535,455.8,129.6,524.6786442,19.59934806,27.45830611,0,28.54602751,70.29798112,3.487,2.627493012
1,13,12.5,318.3802817,404.8,116.8,458.4006675,17.27837264,27.60675149,0,28.54602751,69.72832162,2.89,2.581345488
1,13,13,817.6056338,961.2,251.8,1084.212639,37.13560686,27.77498959,0,29.3916103,68.84884731,2.609,2.581345488
1,13,13.5,633.8028169,761.2,207,862.4058641,30.94633905,27.85416046,0,30.33785771,66.37032878,2.269,2.534009579
1,13,14,733.8028169,894.6,242.8,999.7148199,35.58828991,27.94322769,0.1,30.7606491,64.08169675,2.231,2.534009579
1,13,14.5,271.1971831,353.2,102.4,401.6286955,15.21528337,28.06198399,0,30.98211126,62.29276604,1.905,2.485433389
1,13,15,242.8169014,339.4,98,387.8977999,14.44162489,28.39846019,0,28.61649274,68.9587816,4.694,2.485433389
1,13,15.5,222.6760563,321.6,95,366.5092895,14.18373873,28.70524731,0,27.6803118,70.72772425,4.529,2.485433389
1,13,16,209.5774648,301.4,90.6,339.311554,13.41008025,28.6359728,0,27.64004595,71.9969656,4.167,2.485433389
1,13,16.5,122.4647887,195.2,59.8,219.6943291,9.026015556,28.4677347,0.1,27.31791917,73.92581268,4.362,2.485433389
1,13,17,133.4507042,212.8,67.6,237.1220043,10.31544635,28.39846019,0,27.22732102,74.70534673,3.347,2.435561791
1,13,17.5,135.4225352,233.6,80.8,257.1902363,12.37853562,28.33908204,0,27.44878318,73.11629654,3.693,2.435561791
1,13,18,26.69014085,83,28,95.06004626,4.641950857,28.23022209,0,27.31791917,72.17685807,2.925,2.435561791
1,13,18.5,-29.78873239,8.6,2.8,10.56222736,0.515772317,28.15105122,0,26.87499485,74.34556178,1.989,2.435561791
1,13,19,-36.4084507,0,0,0,0,28.1807403,0,26.26094069,77.21384734,2.301,2.435561791
1,13,19.5,-37.88732394,0,0,0,0,28.07188035,0,25.81801637,79.51247339,2.287,2.435561791
1,13,20,-41.69014085,0,0,0,0,27.92343497,0,25.5462219,81.55125476,1.8,2.435561791
1,13,20.5,-41.12676056,0,0,0,0,27.75519687,0,25.29456035,83.05035871,2.02,2.435561791
1,13,21,-39.36619718,0,0,0,0,27.63644057,0,25.01269942,83.74994055,1,2.435561791
1,13,21.5,-33.45070423,0,0,0,0,27.5572697,0.1,24.69057265,84.64940292,0.649,2.435561791
1,13,22,-29.85915493,0,0,0,0,27.47809883,0,24.56977511,85.14910423,0.568,2.435561791
1,13,22.5,-29.43661972,0,0,0,0,27.36923888,0,24.58990803,86.0485666,0.484,2.435561791
1,13,23,-30.35211268,0,0,0,0,27.28017165,0,24.52950926,88.24725239,1.217,2.435561791
1,13,23.5,-35.56338028,0,0,0,0,27.21089714,0,24.28791418,89.0467745,1.414,2.435561791
1,14,0,-36.33802817,0,0,0,0,27.15151899,0,24.13691725,88.54707318,0.533,2.435561791
1,14,0.5,-34.50704225,0,0,0,0,27.1020372,0,23.94565448,88.94683423,0.901,2.435561791
1,14,1,-26.47887324,0,0,0,0,27.0525554,0,23.72419232,89.94623686,1.499,2.435561791
1,14,1.5,-28.94366197,0,0,0,0,27.00307361,0,23.78459109,91.04557976,1.444,2.435561791
1,14,2,-31.05633803,0,0,0,0,26.96348817,0.1,23.63359416,90.64581871,1.003,2.435561791
1,14,2.5,-27.53521127,0,0,0,0,26.92390274,0,23.47253077,91.24546029,1.412,2.435561791
1,14,3,-29.43661972,0,0,0,0,26.8843173,0,23.39199908,91.7451616,0.893,2.435561791
1,14,3.5,-25.42253521,0,0,0,0,26.84473187,0,23.45239785,91.64522134,1.628,2.435561791
1,14,4,-21.90140845,0,0,0,0,26.80514644,0,23.542996,91.84510187,0.924,2.435561791
1,14,4.5,-27.04225352,0,0,0,0,26.78535372,0,23.44233139,91.84510187,1.375,2.435561791
1,14,5,-26.76056338,0,0,0,0,26.75566464,0,23.40206554,92.04498239,1.004,2.435561791
1,14,5.5,-22.95774648,0.8,0,1.32027842,0,26.75566464,0,23.47253077,92.24486292,1.45,2.485433389
1,14,6,-5.563380282,23.2,7.2,25.08528999,1.031544635,26.71607921,0,23.67386001,92.54468371,1.286,2.485433389
1,14,6.5,37.74647887,95,29.4,99.54899289,4.641950857,26.69628649,0,24.05638556,92.8445045,1.139,2.485433389
1,14,7,68.5915493,155.2,47.2,169.5237492,7.478698603,26.66659741,0.1,24.68050619,92.44474344,1.704,2.485433389
1,14,7.5,96.97183099,180.4,53.4,208.075879,8.768129397,26.67649377,0,25.08316466,92.04498239,1.857,2.485433389
1,14,8,169.4366197,240.6,71.6,280.9552478,11.60487714,26.74576828,0,25.57642128,91.44534081,1.914,2.485433389
1,14,8.5,245.5633803,325.6,95.2,375.4871827,14.44162489,26.79525008,0,26.21060838,89.94623686,2.164,2.435561791
1,14,9,357.6056338,455.8,129.2,514.9085839,19.34146191,26.84473187,0,26.93539362,86.54826792,2.415,2.435561791
1,14,9.5,418.5211268,540.4,150.6,609.1764631,22.69398197,26.92390274,0.1,27.79104288,84.04976134,1.848,2.435561791
1,14,10,448.5211268,557,156.4,624.4916928,23.20975429,27.0525554,0,28.74735674,80.3519716,1.987,2.384336168
1,14,10.5,525.6338028,652,177,733.810746,26.30438819,27.1020372,0,29.16008168,76.01456418,2.17,2.384336168
1,14,11,516.3380282,627.2,167,728.001521,25.27284356,27.27027529,0,30.00566447,71.54723441,2.347,2.33169412
1,14,11.5,735.915493,759.4,222.4,809.5947273,32.493656,27.676026,0,30.7606491,66.48026307,1.632,2.33169412
1,14,12,850,1010.4,249.2,1120.124212,36.36194838,28.10156943,0.1,31.77736174,60.88360833,2.441,2.277569142
1,14,12.5,257.0422535,404.4,108.6,454.703888,15.98894184,28.1312585,0,30.90157957,60.09408025,4.728,2.277569142
1,14,13,176.6197183,364,102,421.1688161,14.95739721,28.62607644,0.1,27.62997949,71.67715675,4.442,2.277569142
1,14,13.5,313.1690141,514,139.2,590.6925652,20.37300654,28.42814926,0,26.83472901,75.01516155,2.449,2.277569142
1,14,14,113.7323944,259.2,73.4,303.9280924,11.8627633,28.15105122,0.1,26.64346623,74.37554386,4.754,2.277569142
1,14,14.5,85.14084507,137.6,39.2,164.7707469,6.705040127,28.19063665,0,25.17376281,78.52306478,5.514,2.277569142
1,14,15,33.87323944,65.2,18.4,80.80103932,3.352520064,28.14115486,0.1,24.88183542,79.2526287,4.079,2.221890279
1,14,15.5,8.098591549,33.4,9.4,43.83324355,1.805203111,27.97291676,0,24.44897756,81.55125476,3.332,2.221890279
1,14,16,2.183098592,29,8.4,37.49590714,1.805203111,27.80467867,0.1,23.99598678,83.55006002,2.441,2.221890279
1,14,16.5,-29.71830986,38,10.8,45.41757766,1.805203111,27.63644057,0,23.94565448,83.84988081,1.715,2.221890279
1,14,17,-26.90140845,48.6,14.2,54.39547092,1.805203111,27.49789154,0.1,24.0966514,84.44952239,2.14,2.221890279
1,14,17.5,-19.78873239,39.4,11.4,43.0410765,1.805203111,27.31975709,0,24.20738248,85.44892502,3.094,2.221890279
1,14,18,-11.12676056,21.8,6.8,24.02906725,1.031544635,27.23068986,0,24.11678433,86.14850686,2.665,2.221890279
1,14,18.5,-16.54929577,3.4,1,3.960835261,0,27.2207935,0,24.20738248,87.04796923,2.209,2.221890279
1,14,19,-17.04225352,0,0,0,0,27.24058622,0.1,24.3080471,87.1479095,2.344,2.221890279
1,14,19.5,-20.98591549,0,0,0,0,27.20100078,0,24.41877818,87.64761081,1.887,2.221890279
1,14,20,-31.97183099,0,0,0,0,27.17131171,0,24.15705017,87.54767055,1.723,2.221890279
1,14,20.5,-30.98591549,0,0,0,0,27.12182991,0.1,23.82485693,87.64761081,1.558,2.221890279
1,14,21,-19.92957746,0,0,0,0,27.08224448,0,23.71412585,88.24725239,1.595,2.221890279
1,14,21.5,-17.95774648,0,0,0,0,27.04265904,0,23.67386001,88.54707318,1.456,2.221890279
1,14,22,-19.22535211,0,0,0,0,26.99317725,0,23.78459109,89.14671476,2.444,2.221890279
1,14,22.5,-33.5915493,0,0,0,0,26.95359182,0,23.55306247,89.24665502,1.044,2.221890279
1,14,23,-28.8028169,0,0,0,0,26.91400638,0.1,23.32153385,90.44593818,1.68,2.221890279
1,14,23.5,-29.71830986,0,0,0,0,26.8843173,0,23.13027107,91.44534081,2.098,2.221890279
1,15,0,-26.4084507,0,0,0,0,26.84473187,0,23.00947353,91.54528108,1.357,2.221890279
1,15,0.5,-33.66197183,0,0,0,0,26.80514644,0,23.10007169,91.34540055,0.935,2.221890279
1,15,1,-20,0,0,0,0,26.765561,0.1,22.96920768,91.64522134,0.553,2.221890279
1,15,1.5,-17.25352113,0,0,0,0,26.71607921,0,23.12020461,92.24486292,0.643,2.221890279
1,15,2,-18.5915493,0,0,0,0,26.66659741,0,23.25106861,92.24486292,1.424,2.221890279
1,15,2.5,-27.25352113,0,0,0,0,26.6468047,0,23.25106861,92.34480318,0.703,2.221890279
1,15,3,-31.26760563,0,0,0,0,26.6468047,0,23.22086923,92.44474344,0.401,2.221890279
1,15,3.5,-31.97183099,0,0,0,0,26.61711562,0.1,23.03967292,92.64462397,0.819,2.277569142
1,15,4,-25.21126761,0,0,0,0,26.58742654,0,22.97927414,92.74456423,1.254,2.277569142
1,15,4.5,-20.56338028,0,0,0,0,26.54784111,0,23.00947353,93.14432529,1.189,2.277569142
1,15,5,-20.56338028,0,0,0,0,26.52804839,0,23.04973938,93.24426555,1.479,2.221890279
1,15,5.5,-20.84507042,0.6,0,0.792167052,0,26.51815203,0,22.99940707,93.24426555,0.978,2.277569142
1,15,6,-9.014084507,21.6,7,20.59634336,1.031544635,26.49835931,0.1,23.07993876,93.34420581,1.308,2.277569142
1,15,6.5,10,46.6,14,49.37841292,2.06308927,26.49835931,0,23.26113507,93.24426555,1.151,2.221890279
1,15,7,38.52112676,92.6,27.6,102.4536054,4.384064698,26.45877388,0,23.31146738,93.24426555,1.227,2.221890279
1,15,7.5,61.83098592,141.8,41.8,158.9615218,6.705040127,26.45877388,0,23.65372708,93.04438502,1.284,2.221890279
1,15,8,164.2957746,242.6,77.2,298.382923,12.12064946,26.4785666,0,24.16711663,92.34480318,1.175,2.221890279
1,15,8.5,373.6619718,500.8,146.2,573.5289458,21.92032349,26.50825567,0.1,25.00263296,90.64581871,1.821,2.221890279
1,15,9,307.2535211,410.2,116.2,460.513113,17.27837264,26.51815203,0,25.40529143,87.9474316,1.432,2.221890279
1,15,9.5,201.8309859,281.4,82.4,314.4903197,12.63642178,26.6468047,0,25.64688652,85.94862634,1.225,2.164581728
1,15,10,284.2957746,386,111.4,428.8264309,16.50471416,26.80514644,0.1,26.20054191,84.24964186,1.276,2.164581728
1,15,10.5,482.0422535,613.4,160,691.0337252,23.98341276,26.8843173,0,26.96559301,80.15209107,1.741,2.164581728
1,15,11,697.1830986,831.8,213.6,937.6617341,30.68845289,26.96348817,0,27.92190688,74.71534076,2.708,2.105562403
1,15,11.5,741.5492958,797.2,210.8,857.6528618,30.68845289,27.15151899,0.1,28.80775552,70.8976227,2.742,2.105562403
1,15,12,812.6760563,954.4,227.6,1072.066077,33.52520064,27.21089714,0,29.73387,68.20922962,2.96,2.04474546
1,15,12.5,760.5633803,892.6,217.2,1008.956769,32.23576984,27.33954981,0.1,30.44858879,65.1610516,3.269,2.04474546
1,15,13,846.4788732,990.8,246.2,1105.073038,35.84617606,27.61664785,0,31.34450388,62.11287357,3.845,1.982037751
1,15,13.5,560.5633803,660.2,170.6,745.6932518,25.53072971,27.83436774,0,31.49550081,61.0235247,3.897,1.982037751
1,15,14,728.1690141,855.8,220,964.0673025,32.75154216,27.98281312,0.1,32.11962144,58.09527499,4.167,1.91733923
1,15,14.5,642.2535211,756.6,198.6,854.7482493,30.17268057,28.02239856,0,32.5524793,55.84661907,3.614,1.850542278
1,15,15,571.8309859,710.6,193.8,790.3186624,29.14113594,28.17084394,0,32.64307745,55.41687593,3.395,1.850542278
1,15,15.5,367.3239437,480.8,134.4,540.786041,20.37300654,28.34897839,0.1,32.40148237,56.62615312,3.518,1.850542278
1,15,16,269.7183099,371.2,107.2,429.0904866,17.02048648,28.59638736,0,30.95191187,63.10228217,3.604,1.781530951
1,15,16.5,114.2253521,174.4,51.4,204.9072108,8.252357079,28.73493638,0.1,30.83111433,63.88181623,3.672,1.781530951
1,15,17,-1.408450704,50,14.8,57.56413913,2.578861587,28.82400361,0,29.07954998,65.7307111,4.746,1.781530951
1,15,17.5,-61.1971831,14,4.4,16.6355081,0,29.0912053,0,26.25087422,74.66537062,3.242,1.781530951
1,15,18,-43.5915493,7.4,2,8.977893258,0,28.96255263,0,25.69721883,80.25203134,3.976,1.781530951
1,15,18.5,-32.74647887,0.8,0,0.792167052,0,28.50732013,0.1,24.36844587,83.25023923,3.17,1.781530951
1,15,19,-23.66197183,0,0,0,0,28.14115486,0,24.11678433,83.45011976,1.652,1.710180135
1,15,19.5,-29.43661972,0,0,0,0,27.85416046,0,24.53957572,85.14910423,2.55,1.781530951
1,15,20,-19.22535211,0,0,0,0,27.676026,0,24.67043972,86.44832765,1.583,1.781530951
1,15,20.5,-16.83098592,0,0,0,0,27.5572697,0.1,24.80130373,87.54767055,2.024,1.781530951
1,15,21,-18.73239437,0,0,0,0,27.47809883,0,24.81137019,89.14671476,1.606,1.781530951
1,15,21.5,-19.22535211,0,0,0,0,27.42861703,0,24.71070557,90.54587844,1.987,1.781530951
1,15,22,-21.33802817,0,0,0,0,27.3890316,0,24.61004095,91.14552002,1.753,1.781530951
1,15,22.5,-20.28169014,0,0,0,0,27.35934252,0.1,24.56977511,91.7451616,2.267,1.781530951
1,15,23,-20.42253521,0,0,0,0,27.34944616,0,24.50937634,91.94504213,1.89,1.781530951
1,15,23.5,-21.4084507,0,0,0,0,27.33954981,0,24.39864526,92.04498239,0.954,1.781530951
1,16,0,-22.11267606,0,0,0,0,27.29006801,0,24.4389111,91.94504213,1.049,1.781530951
1,16,0.5,-20.91549296,0,0,0,0,27.26037894,0,24.45904403,92.14492265,1.301,1.781530951
1,16,1,-26.61971831,0,0,0,0,27.2207935,0,24.35837941,92.94444476,1.835,1.781530951
1,16,1.5,-22.18309859,0,0,0,0,27.18120807,0.1,24.28791418,93.04438502,1.988,1.781530951
1,16,2,-22.6056338,0,0,0,0,27.14162263,0,23.95572094,92.8445045,2.314,1.781530951
1,16,2.5,-30.42253521,0,0,0,0,27.1020372,0,23.61346124,92.74456423,2.482,1.781530951
1,16,3,-34.64788732,0,0,0,0,27.07234812,0,23.39199908,92.74456423,2.015,1.781530951
1,16,3.5,-32.95774648,0,0,0,0,27.03276269,0,23.29133446,92.74456423,1.968,1.781530951
1,16,4,-38.30985915,0,0,0,0,26.99317725,0,23.19066984,92.8445045,1.389,1.781530951
1,16,4.5,-36.61971831,0,0,0,0,26.94369546,0.1,23.12020461,92.94444476,1.716,1.781530951
1,16,5,-29.85915493,0,0,0,0,26.87442095,0,23.01953999,93.14432529,1.579,1.781530951
1,16,5.5,-24.71830986,1.2,0.2,1.056222736,0,26.80514644,0,23.04973938,93.24426555,1.252,1.781530951
1,16,6,-11.12676056,25.2,7.6,27.46179114,1.031544635,26.74576828,0,23.09000522,93.44414608,1.467,1.781530951
1,16,6.5,9.436619718,76.2,23.6,84.4978189,3.868292381,26.69628649,0,23.61346124,93.54408634,0.533,1.781530951
1,16,7,39.08450704,131,39.2,151.8320183,7.220812445,26.6468047,0,23.88525571,93.14432529,0.702,1.781530951
1,16,7.5,132.4647887,248.4,72.2,277.522524,12.12064946,26.66659741,0,24.8617025,92.24486292,1.363,1.781530951
1,16,8,229.6478873,380.8,144,452.0633311,21.40455117,26.61711562,0.1,25.1234305,90.54587844,2.516,1.781530951
1,16,8.5,165.3521127,249,74.8,298.9110344,12.12064946,26.6468047,0,25.44555728,87.54767055,2.626,1.781530951
1,16,9,213.3802817,298.8,82.4,347.4972802,12.89430794,26.80514644,0,25.56635482,86.74814844,2.098,1.781530951
1,16,9.5,479.4366197,619.2,159.4,697.6351173,23.7255266,26.90411002,0,26.27100715,83.74994055,2.771,1.781530951
1,16,10,487.9577465,523.2,152.6,636.1101429,22.43609581,26.78535372,0.1,27.09645701,80.15209107,2.755,1.781530951
1,16,10.5,428.2394366,530,141.2,608.6483518,21.14666502,26.86452459,0,27.51924841,78.06333957,2.145,1.710180135
1,16,11,723.943662,887,231.8,945.3193489,33.78308679,27.25048258,0,28.4956952,74.40552594,1.724,1.710180135
1,16,11.5,722.5352113,791.2,211.2,886.4349314,30.94633905,27.52758062,0.1,29.63320538,70.96758089,1.711,1.710180135
1,16,12,797.8873239,917.8,216.6,1041.435618,31.71999752,27.66612964,0,30.43852232,66.52023917,2.435,1.636354589
1,16,12.5,774.6478873,894.2,215.4,1016.878439,31.97788368,27.82447138,0,31.1834405,60.76368002,3.76,1.636354589
1,16,13,649.2957746,742,184.2,846.8265788,27.59381898,27.97291676,0.1,31.95855805,58.39509578,2.664,1.636354589
1,16,13.5,802.8169014,931.8,230.4,1051.73379,34.29885911,28.17084394,0,32.63301099,56.63614715,3.43,1.636354589
1,16,14,716.1971831,831.4,208.2,950.3364069,31.71999752,28.25991117,0,32.88467254,53.6579273,3.826,1.559907867
1,16,14.5,673.943662,790.6,202.8,901.4861054,31.46211137,28.38856383,0.1,33.31753039,51.81902646,3.092,1.559907867
1,16,15,571.1267606,686.2,181.4,785.0375487,28.1095913,28.54690557,0,33.52892609,51.31932514,2.795,1.559907867
1,16,15.5,524.8591549,653.4,178,739.8840267,27.85170514,28.74483274,0,33.86111933,50.11004796,2.266,1.559907867
1,16,16,326.7605634,425.8,121,488.2389598,18.82568959,28.82400361,0.1,33.82085348,49.34050793,3.245,1.480681097
1,16,16.5,157.6760563,223.2,64,260.8870159,10.31544635,28.90317448,0,33.20679931,52.82842312,2.401,1.480681097
1,16,17,84.43661972,144.2,42.2,167.4113037,6.962926286,29.00213807,0,32.63301099,55.5567923,1.568,1.480681097
1,16,17.5,70.35211268,130.2,39.8,152.3601297,6.705040127,29.05161986,0,31.42503558,60.75368599,2.664,1.480681097
1,16,18,-2.746478873,40.2,11.6,50.69869134,2.06308927,29.07141258,0.1,30.04593031,65.09109341,3.378,1.480681097
1,16,18.5,-32.32394366,6,1.6,8.185726206,0,29.07141258,0,29.07954998,67.44968362,3.162,1.480681097
1,16,19,-32.95774648,0,0,0,0,28.97244899,0,28.39503058,71.12748531,2.252,1.480681097
1,16,19.5,-29.15492958,0,0,0,0,28.77452182,0,27.86150811,73.95579476,1.541,1.480681097
1,16,20,-31.05633803,0,0,0,0,28.60628372,0,27.61991303,76.99397876,1.718,1.480681097
1,16,20.5,-31.33802817,0,0,0,0,28.40835655,0.1,27.11658994,78.71295128,1.961,1.480681097
1,16,21,-32.53521127,0,0,0,0,28.26980752,0,26.50253577,80.05215081,2.929,1.480681097
1,16,21.5,-29.57746479,0,0,0,0,28.16094758,0,26.30120653,80.95161318,1.703,1.559907867
1,16,22,-15.14084507,0,0,0,0,28.06198399,0,26.37167176,82.55065739,2.205,1.559907867
1,16,22.5,-32.11267606,0,0,0,0,27.9630204,0,26.42200407,82.95041844,0.834,1.559907867
1,16,23,-23.52112676,0,0,0,0,27.91353861,0,26.14014314,84.74934318,0.83,1.559907867
1,16,23.5,-18.66197183,0,0,0,0,27.86405682,0,26.07974437,85.34898476,1.246,1.559907867
1,17,0,-14.50704225,0,0,0,0,27.79478231,0,26.0193456,86.64820818,1.676,1.559907867
1,17,0.5,-24.71830986,0,0,0,0,27.73540415,0.1,26.0998773,86.54826792,1.659,1.559907867
1,17,1,-15.98591549,0,0,0,0,27.68592236,0,26.10994376,86.74814844,1.413,1.559907867
1,17,1.5,-15.98591549,0,0,0,0,27.68592236,0,26.05961145,87.1479095,1.903,1.559907867
1,17,2,-16.54929577,0,0,0,0,27.63644057,0,25.82808283,86.84808871,2.489,1.559907867
1,17,2.5,-20.42253521,0,0,0,0,27.59685513,0,25.66701944,86.54826792,2.087,1.559907867
1,17,3,-18.94366197,0,0,0,0,27.57706241,0,25.61668713,86.74814844,2.494,1.559907867
1,17,3.5,-23.45070423,0,0,0,0,27.53747698,0,25.51602251,86.44832765,2.429,1.559907867
1,17,4,-17.32394366,0,0,0,0,27.48799519,0,25.4153579,86.74814844,2.233,1.559907867
1,17,4.5,-18.23943662,0,0,0,0,27.46820247,0,25.38515851,87.34779002,1.523,1.559907867
1,17,5,-19.36619718,0,0,0,0,27.46820247,0.1,25.28449389,88.04737186,0.695,1.559907867
1,17,5.5,-18.5915493,4.6,2,1.848389788,0,27.46820247,0,25.22409512,88.44713292,1.085,1.559907867
1,17,6,-11.05633803,13.6,4.6,13.2027842,0.257886159,27.44840975,0,25.22409512,88.74695371,0.988,1.559907867
1,17,6.5,11.54929577,43.6,13.2,48.32219018,2.06308927,27.42861703,0,25.38515851,89.34659529,1.021,1.559907867
1,17,7,54.43661972,103.8,30.6,117.5047794,4.899837016,27.40882432,0,25.55628836,89.54647581,1.104,1.559907867
1,17,7.5,100.2816901,162.2,47.6,184.8389788,7.736584762,27.39892796,0,25.69721883,88.94683423,1.131,1.559907867
1,17,8,162.3943662,246.2,74.2,282.2755263,11.8627633,27.42861703,0,26.32133946,87.74755107,0.799,1.559907867
1,17,8.5,236.971831,337.8,96.8,385.5212987,14.95739721,27.46820247,0,26.76426377,86.0485666,1.098,1.559907867
1,17,9,427.1830986,576.4,154.4,641.919368,23.7255266,27.51768426,0,27.43871671,83.55006002,1.232,1.559907867
1,17,9.5,510.4929577,658.8,168.2,731.9623562,25.53072971,27.49789154,0,28.25410012,80.75173265,1.507,1.480681097
1,17,10,623.2394366,684.8,187,802.9933352,28.1095913,27.52758062,0.1,29.10974937,76.49427744,1.841,1.480681097
1,17,10.5,723.943662,882.4,198.8,975.1576412,29.91479441,27.54737334,0,29.97546508,70.86764062,1.954,1.480681097
1,17,11,688.7323944,840.8,198.2,884.8505973,30.43056673,27.80467867,0,30.78078202,65.42089628,2.428,1.480681097
1,17,11.5,612.6760563,718.2,171,792.9592192,26.30438819,28.22032573,0,31.43510204,61.57319615,2.421,1.480681097
1,17,12,604.2253521,737.6,173.4,830.7191821,27.33593283,28.45783834,0,31.98875744,60.81365015,2.273,1.480681097
1,17,12.5,550.8450704,657.2,157.4,744.3729734,24.75707124,28.61618008,0.1,32.28068483,59.29455815,3.358,1.39850159
1,17,13,91.47887324,227.4,59.2,261.9432386,9.541787873,28.8042109,0,31.04251003,61.4432738,5.775,1.39850159
1,17,13.5,120.5633803,329.8,84,388.1618556,13.1521941,29.34851062,0,27.3380521,75.20504805,5.53,1.480681097
1,17,14,403.0985915,515.4,135.2,580.9225049,20.11512038,29.19016888,0,27.11658994,77.07393097,3.235,1.480681097
1,17,14.5,443.2394366,581.2,151,660.9313772,23.46764044,28.72504003,0,27.6803118,74.63538855,2.886,1.480681097
1,17,15,187.0422535,265.4,71.6,309.4732617,11.8627633,28.51721649,0,28.00243857,72.53664302,2.457,1.480681097
1,17,15.5,131.1971831,202.6,55.6,234.4814474,9.283901714,28.53700921,0,27.92190688,73.24621889,2.227,1.480681097
1,17,16,94.43661972,163.2,45.6,186.6873686,7.220812445,28.59638736,0,28.01250503,72.7964877,1.649,1.480681097
1,17,16.5,70.28169014,133.8,38,150.7757956,5.931381651,28.56669829,0,28.23396719,73.46608747,1.776,1.480681097
1,17,17,56.76056338,117.6,33.2,133.6121761,5.157723175,28.56669829,0,28.17356842,74.62539452,1.56,1.480681097
1,17,17.5,27.32394366,81.6,23,94.26787921,3.868292381,28.54690557,0,28.08297027,75.00516752,0.961,1.480681097
1,17,18,2.887323944,50.6,14,56.50791639,2.320975429,28.50732013,0.1,27.89170749,75.76471352,1.227,1.480681097
1,17,18.5,-28.94366197,8.2,2.4,9.506004626,0.257886159,28.52711285,0,27.52931487,77.45370397,1.139,1.480681097
1,17,19,-35.70422535,0,0,0,0,28.48752742,0,27.15685578,81.95101581,0.734,1.480681097
1,17,19.5,-37.04225352,0,0,0,0,28.38856383,0,26.64346623,84.34958213,1.986,1.480681097
1,17,20,-32.18309859,0,0,0,0,28.25001481,0,26.26094069,85.84868607,1.412,1.480681097
1,17,20.5,-33.87323944,0,0,0,0,28.12136214,0,26.18040899,86.54826792,1.945,1.480681097
1,17,21,-30.14084507,0,0,0,0,27.98281312,0,26.12001022,87.54767055,1.475,1.480681097
1,17,21.5,-23.8028169,0,0,0,0,27.91353861,0,26.08981083,88.24725239,1.162,1.480681097
1,17,22,-19.78873239,0,0,0,0,27.85416046,0,26.16027607,88.74695371,1.283,1.480681097
1,17,22.5,-21.12676056,0,0,0,0,27.79478231,0,26.16027607,89.0467745,1.23,1.480681097
1,17,23,-25.07042254,0,0,0,0,27.75519687,0,26.02941206,89.64641608,2.007,1.480681097
1,17,23.5,-29.85915493,0,0,0,0,27.71561144,0,25.97907976,90.14611739,1.92,1.480681097
1,18,0,-22.18309859,0,0,0,0,27.71561144,0,25.8884816,90.04617713,1.509,1.480681097
1,18,0.5,-22.95774648,0,0,0,0,27.69581872,0,25.69721883,90.44593818,1.2,1.480681097
1,18,1,-22.6056338,0,0,0,0,27.69581872,0,25.55628836,90.84569923,0.469,1.480681097
1,18,1.5,-22.3943662,0,0,0,0,27.68592236,0,25.50595605,91.24546029,0.342,1.480681097
1,18,2,-23.94366197,0,0,0,0,27.64633693,0,25.43549082,91.24546029,1.256,1.480681097
1,18,2.5,-25.84507042,0,0,0,0,27.60675149,0,25.31469328,91.94504213,1.945,1.480681097
1,18,3,-27.6056338,0,0,0,0,27.57706241,0.1,25.34489266,92.04498239,0.986,1.480681097
1,18,3.5,-27.46478873,0,0,0,0,27.53747698,0,25.13349697,92.34480318,1.64,1.480681097
1,18,4,-28.09859155,0,0,0,0,27.5077879,0,24.95230065,92.34480318,0.028,1.480681097
1,18,4.5,-29.85915493,0,0,0,0,27.47809883,0,24.87176896,92.94444476,0.233,1.480681097
1,18,5,-26.33802817,0,0,0,0,27.43851339,0,24.6503068,93.24426555,0.305,1.480681097
1,18,5.5,-21.61971831,0.4,0,0.528111368,0,27.39892796,0,24.57984157,93.84390713,0.52,1.480681097
1,18,6,-11.47887324,15.8,4.8,18.2198422,0.773658476,27.34944616,0,24.62010741,93.74396687,0.808,1.480681097
1,18,6.5,23.02816901,62.6,17.6,71.03097901,2.836747746,27.30986073,0,24.95230065,93.6440266,0.414,1.480681097
1,18,7,38.5915493,82.2,23.8,92.41948942,3.610406222,27.25048258,0,25.32475974,93.34420581,1.084,1.480681097
1,18,7.5,39.85915493,103,30,115.6563896,4.641950857,27.24058622,0,25.31469328,92.74456423,2.113,1.480681097
1,18,8,158.943662,223.6,64,257.454292,10.31544635,27.24058622,0,25.47575667,91.84510187,3.086,1.480681097
1,18,8.5,201.6901408,282,81,325.3166028,12.63642178,27.23068986,0,26.03947853,90.44593818,2.589,1.480681097
1,18,9,338.8732394,445.2,120.2,498.5371315,18.30991727,27.25048258,0,26.66359916,88.34719265,2.875,1.480681097
1,18,9.5,321.2676056,420.2,113.8,472.6596745,17.27837264,27.27027529,0,27.29778625,86.0485666,2.831,1.480681097
1,18,10,433.4507042,535,141.2,593.0690664,21.66243733,27.37913524,0,27.74071057,82.95041844,2.832,1.480681097
1,18,10.5,604.2253521,743.8,178.4,830.9832377,27.59381898,27.40882432,0,28.66682505,78.17327386,3.54,1.39850159
1,18,11,531.3380282,645,162.4,753.878978,25.53072971,27.42861703,0,29.55267369,73.54603968,3.48,1.39850159
1,18,11.5,510.3521127,619.2,149.6,705.0286764,23.98341276,27.59685513,0.1,30.30765832,69.85824396,3.276,1.39850159
1,18,12,593.6619718,710.8,162.4,806.4260591,26.04650203,27.87395318,0,30.68011741,66.63017346,3.856,1.39850159
1,18,12.5,307.7464789,404.8,101,461.3052801,15.73105568,28.09167307,0,30.88144664,64.39151157,3.196,1.39850159
1,18,13,157.1830986,237.2,65.4,268.0165193,10.83121867,28.2994966,0,30.80091495,63.92179233,3.504,1.39850159
1,18,13.5,115.2112676,188.4,52.6,212.5648257,8.510243238,28.4677347,0,30.71031679,64.54142196,2.521,1.39850159
1,18,14,95.35211268,162.2,45.2,182.4624777,7.220812445,28.51721649,0,30.68011741,66.32035865,1.876,1.39850159
1,18,14.5,76.33802817,137,38,156.8490763,6.447153968,28.59638736,0,30.26739247,68.44908625,1.744,1.39850159
1,18,15,62.04225352,120.2,33.6,135.7246216,5.157723175,28.65576551,0,30.01573093,70.46787957,1.292,1.39850159
1,18,15.5,71.61971831,132,36.8,147.6071274,5.673495492,28.64586916,0,29.78420231,71.70713883,1.512,1.39850159
1,18,16,86.76056338,146,40.6,163.4504684,6.962926286,28.55680193,0,29.69360415,70.52784373,1.107,1.39850159
1,18,16.5,81.83098592,140.8,39,158.6974661,6.962926286,28.47763106,0,29.93519923,72.0369417,1.763,1.39850159
1,18,17,75.98591549,134.2,36.8,154.7366309,6.447153968,28.48752742,0,29.6533383,76.61420576,2.769,1.39850159
1,18,17.5,34.64788732,80.2,21.8,94.00382353,3.868292381,28.57659464,0,28.92855306,77.82348294,3.018,1.39850159
1,18,18,-3.23943662,31.4,8.8,36.96779577,1.547316952,28.6359728,0,28.55609397,78.94281389,1.593,1.39850159
1,18,18.5,-22.67605634,6,1.6,7.393559154,0,28.6359728,0,28.37489766,80.55185213,1.102,1.39850159
1,18,19,-18.73239437,0,0,0,0,28.61618008,0,27.76084349,82.75053792,1.949,1.39850159
1,18,19.5,-28.8028169,0,0,0,0,28.54690557,0,27.07632409,83.45011976,2.086,1.39850159
1,18,20,-29.36619718,0,0,0,0,28.41825291,0,26.56293454,83.55006002,1.07,1.39850159
1,18,20.5,-29.43661972,0,0,0,0,28.31928932,0,26.38173823,85.14910423,1.359,1.39850159
1,18,21,-27.53521127,0,0,0,0,28.21042937,0,26.10994376,86.64820818,1.19,1.39850159
1,18,21.5,-23.94366197,0,0,0,0,28.11146579,0,26.10994376,87.04796923,1.387,1.39850159
1,18,22,-18.5915493,0,0,0,0,27.98281312,0,26.06967791,88.64701344,1.047,1.39850159
1,18,22.5,-20.63380282,0,0,0,0,27.90364225,0,26.13007668,88.94683423,0.407,1.39850159
1,18,23,-21.90140845,0,0,0,0,27.85416046,0,25.91868098,89.34659529,1.426,1.39850159
1,18,23.5,-23.02816901,0,0,0,0,27.82447138,0,25.71735175,90.04617713,1.574,1.39850159
1,19,0,-21.69014085,0,0,0,0,27.78488595,0,25.5462219,90.24605765,1.44,1.39850159
1,19,0.5,-18.30985915,0,0,0,0,27.75519687,0,25.49588959,90.64581871,0.646,1.39850159
1,19,1,-16.69014085,0,0,0,0,27.71561144,0,25.34489266,90.74575897,0.926,1.39850159
1,19,1.5,-18.16901408,0,0,0,0,27.68592236,0,25.25429451,90.9456395,0.672,1.39850159
1,19,2,-27.25352113,0,0,0,0,27.65623328,0,25.21402866,91.64522134,0.728,1.39850159
1,19,2.5,-27.74647887,0,0,0,0,27.62654421,0,24.98250004,91.34540055,0.156,1.39850159
1,19,3,-24.92957746,0,0,0,0,27.58695877,0,24.87176896,91.7451616,0.303,1.39850159
1,19,3.5,-26.69014085,0,0,0,0,27.53747698,0,24.74090496,91.94504213,1.412,1.39850159
1,19,4,-28.23943662,0,0,0,0,27.47809883,0,24.61004095,92.04498239,2.115,1.39850159
1,19,4.5,-27.32394366,0,0,0,0,27.41872068,0,24.4389111,92.34480318,2.637,1.39850159
1,19,5,-29.01408451,0,0,0,0,27.34944616,0,24.42884464,92.54468371,2.409,1.39850159
1,19,5.5,-28.30985915,0.6,0,0.792167052,0,27.32965345,0,24.42884464,92.54468371,1.87,1.39850159
1,19,6,-11.76056338,21,6.2,23.2369002,1.031544635,27.30986073,0,24.46911049,92.74456423,2.094,1.39850159
1,19,6.5,-8.309859155,66.4,18.6,77.63237111,3.094633905,27.26037894,0,24.69057265,92.8445045,2.314,1.39850159
1,19,7,77.11267606,140.8,40.2,162.3942457,6.962926286,27.19110442,0,25.01269942,91.94504213,3.239,1.39850159
1,19,7.5,164.7183099,249.2,70.8,281.2193035,11.60487714,27.12182991,0,25.57642128,89.94623686,3.658,1.39850159
1,19,8,154.2253521,217.6,61.8,256.1340135,10.57333251,27.08224448,0,25.92874745,87.44773029,3.609,1.39850159
1,19,8.5,184.5070423,245.8,67.4,284.6520274,11.08910483,27.19110442,0,26.26094069,85.2490445,3.811,1.39850159
1,19,9,220.4225352,284.8,77,329.277438,12.37853562,27.29006801,0,26.67366562,82.55065739,3.735,1.39850159
1,19,9.5,276.2676056,349.2,92.4,404.2692523,14.69951105,27.35934252,0,27.22732102,80.05215081,3.733,1.39850159
1,19,10,588.028169,671.4,169,744.3729734,26.82016051,27.3890316,0,28.23396719,76.34436705,3.78,1.39850159
1,19,10.5,446.971831,551.4,137.6,625.0198042,21.66243733,27.29006801,0,29.00908475,72.43670276,3.411,1.39850159
1,19,11,483.3802817,600.6,147.8,669.9092705,23.46764044,27.44840975,0,29.58287307,70.3279632,4.022,1.39850159
1,19,11.5,580.9859155,695.4,165.4,777.3799339,26.30438819,27.60675149,0,30.09626262,67.49965375,4.519,1.313181257
1,19,12,411.6901408,506.4,126,573.7930015,20.37300654,27.82447138,0,30.05599678,64.77128457,4.612,1.313181257
1,19,12.5,518.028169,637.4,152.4,717.4392936,24.75707124,28.03229492,0,30.4183894,63.94178038,4.304,1.313181257
1,19,13,690.8450704,823,184.8,927.3635624,31.20422521,28.16094758,0,31.15324111,61.38330965,4.466,1.313181257
1,19,13.5,576.7605634,699.6,159.8,792.9592192,27.07804667,28.38856383,0,31.55589958,60.32394286,3.583,1.313181257
1,19,14,278.7323944,375,92.4,431.7310434,15.21528337,28.68545459,0,31.5257002,61.35332757,2.928,1.313181257
1,19,14.5,167.5352113,246,62.8,283.8598604,10.83121867,28.93286356,0,31.39483619,62.19282578,2.4,1.313181257
1,19,15,67.88732394,122.6,31.8,145.2306262,5.673495492,29.0912053,0,30.87138018,64.76129054,2.313,1.313181257
1,19,15.5,23.30985915,56,14.2,69.71070059,2.836747746,29.19016888,0,29.93519923,70.37793333,3.285,1.313181257
1,19,16,9.366197183,32.8,8.4,42.77702082,1.805203111,29.21985796,0,28.79768905,75.97458807,4.888,1.313181257
1,19,16.5,6.408450704,33.4,8.8,43.30513219,1.805203111,29.20006524,0,27.2575204,82.85047818,4.67,1.313181257
1,19,17,7.183098592,33.6,9.2,40.13646398,1.805203111,29.06151622,0,26.573001,84.44952239,4.913,1.313181257
1,19,17.5,-6.478873239,36.4,10,42.24890945,1.805203111,28.82400361,0,26.19047545,83.84988081,3.842,1.313181257
1,19,18,-7.183098592,19.6,5.6,22.18067746,1.031544635,28.6359728,0,25.90861452,84.84928344,3.562,1.313181257
1,19,18.5,-21.83098592,4.6,1.2,5.545169365,0,28.50732013,0,25.4656902,85.94862634,2.999,1.313181257
1,19,19,-21.83098592,0,0,0,0,28.41825291,0,25.10329758,87.24784976,3.056,1.313181257
1,19,19.5,-19.64788732,0,0,0,0,28.2994966,0,24.8617025,88.14731213,2.663,1.313181257
1,19,20,-21.12676056,0,0,0,0,28.19063665,0,24.80130373,88.84689397,1.784,1.313181257
1,19,20.5,-18.87323944,0,0,0,0,28.09167307,0,24.81137019,89.44653555,1.703,1.39850159
1,19,21,-18.02816901,0,0,0,0,27.99270948,0,24.84156957,89.8462966,1.98,1.39850159
1,19,21.5,-22.95774648,0,0,0,0,27.92343497,0,25.0730982,89.74635634,0.766,1.39850159
1,19,22,-23.52112676,0,0,0,0,27.88384953,0,25.0730982,89.8462966,0.51,1.39850159
1,19,22.5,-21.26760563,0,0,0,0,27.8442641,0,25.0730982,90.04617713,0.512,1.39850159
1,19,23,-17.74647887,0,0,0,0,27.81457502,0,25.0730982,90.84569923,0.991,1.39850159
1,19,23.5,-21.05633803,0,0,0,0,27.76509323,0,25.00263296,90.64581871,1.232,1.39850159
1,20,0,-21.26760563,0,0,0,0,27.71561144,0,24.93216773,90.84569923,0.938,1.39850159
1,20,0.5,-21.26760563,0,0,0,0,27.68592236,0,24.84156957,91.14552002,0.834,1.39850159
1,20,1,-18.66197183,0,0,0,0,27.65623328,0,24.87176896,91.7451616,0.801,1.39850159
1,20,1.5,-20.98591549,0,0,0,0,27.63644057,0,24.75097142,91.94504213,1.269,1.39850159
1,20,2,-21.54929577,0,0,0,0,27.59685513,0,24.74090496,92.04498239,1.343,1.39850159
1,20,2.5,-21.47887324,0,0,0,0,27.56716606,0,24.66037326,92.24486292,1.446,1.39850159
1,20,3,-23.66197183,0,0,0,0,27.52758062,0,24.55970864,92.34480318,1.556,1.39850159
1,20,3.5,-22.74647887,0,0,0,0,27.49789154,0,24.46911049,92.54468371,0.305,1.39850159
1,20,4,-20.91549296,0,0,0,0,27.47809883,0,24.44897756,92.74456423,0.512,1.39850159
1,20,4.5,-18.30985915,0,0,0,0,27.43851339,0,24.40871172,93.04438502,1.608,1.39850159
1,20,5,-25.35211268,0,0,0,0,27.40882432,0,24.25771479,93.14432529,2.025,1.39850159
1,20,5.5,-27.04225352,0.6,0,0.792167052,0,27.37913524,0,24.21744894,93.24426555,1.549,1.39850159
1,20,6,-10,17.8,5.4,19.8041763,0.773658476,27.33954981,0,24.21744894,93.44414608,1.341,1.39850159
1,20,6.5,21.05633803,59.2,16.2,68.91853354,2.578861587,27.29006801,0,24.53957572,93.6440266,1.72,1.39850159
1,20,7,46.33802817,141,40.2,162.9223571,7.220812445,27.2207935,0,24.96236712,93.54408634,2.108,1.39850159
1,20,7.5,182.3943662,293.6,81.8,330.5977164,13.66796641,27.12182991,0,25.52608898,92.14492265,3.386,1.39850159
1,20,8,203.8028169,308.2,88.8,287.8206956,14.95739721,27.09214084,0,26.03947853,89.94623686,3.142,1.39850159
1,20,8.5,262.8169014,348.8,92.6,401.3646398,15.21528337,27.18120807,0,26.32133946,87.74755107,2.795,1.39850159
1,20,9,288.1690141,375.8,99.4,431.7310434,15.73105568,27.31975709,0,26.93539362,85.04916397,2.938,1.313181257
1,20,9.5,385.9859155,484.2,123.4,553.1966581,19.85723422,27.43851339,0,27.60984656,82.2508366,3.164,1.313181257
1,20,10,468.3098592,562.6,139,646.4083146,22.95186813,27.53747698,0,28.31449889,79.10271831,3.164,1.313181257
1,20,10.5,488.1690141,606.2,143.2,679.1512194,23.20975429,27.59685513,0,29.20034752,74.98517947,3.27,1.313181257
1,20,11,526.4788732,635.8,149.4,738.827804,25.0149574,27.73540415,0,29.91506631,71.49726428,3.132,1.313181257
1,20,11.5,566.1971831,656,146.6,737.7715813,24.49918508,28.02239856,0,30.58951925,68.55902054,2.714,1.313181257
1,20,12,466.2676056,571,130,648.2567044,21.92032349,28.26980752,0,30.86131372,66.4902571,3.421,1.313181257
1,20,12.5,711.971831,843,180.4,951.6566854,31.20422521,28.51721649,0,30.35799063,64.5913921,5.396,1.313181257
1,20,13,623.943662,752,164.4,847.8828015,28.88324978,28.71514367,0,31.12304172,60.42388312,4.417,1.313181257
1,20,13.5,618.3098592,743,161.6,844.7141333,29.14113594,28.97244899,0,31.53576666,58.3651137,4.425,1.313181257
1,20,14,187.0422535,266.6,64.2,328.2212153,12.37853562,29.28913247,0,30.19692724,64.4015056,4.157,1.313181257
1,20,14.5,95,141.2,34.8,172.6924174,6.705040127,29.5464378,0,29.51240784,67.11988075,3.973,1.313181257
1,20,15,3.309859155,16.4,4.2,22.70878883,1.031544635,29.72457226,0,27.35818502,76.22443873,4.411,1.313181257
1,20,15.5,-33.02816901,18,4,30.63045935,1.805203111,29.76415769,0,25.86834868,84.04976134,3.104,1.313181257
1,20,16,-12.88732394,23,5.4,34.32723893,1.805203111,29.45737057,0,25.31469328,87.44773029,2.274,1.313181257
1,20,16.5,-4.85915493,24.2,6,33.79912756,1.805203111,29.10110166,0.1,25.21402866,88.14731213,1.49,1.313181257
1,20,17,-0.704225352,32.2,8,42.51296513,1.805203111,28.8042109,0.7,25.1234305,89.44653555,2.06,1.313181257
1,20,17.5,-9.225352113,29.8,7.4,37.49590714,1.805203111,28.586491,0.4,24.7811708,89.44653555,2.626,1.313181257
1,20,18,-8.450704225,18.8,4.8,22.18067746,0.773658476,28.44794198,0.2,24.44897756,90.14611739,1.772,1.313181257
1,20,18.5,-14.85915493,3.2,0.8,3.432723893,0,28.32918568,1,24.42884464,90.74575897,1.162,1.313181257
1,20,19,-19.85915493,0,0,0,0,28.17084394,0.1,24.41877818,92.04498239,2.285,1.313181257
1,20,19.5,-19.36619718,0,0,0,0,28.05208763,0.1,24.64024034,92.54468371,2.455,1.313181257
1,20,20,-16.90140845,0,0,0,0,27.99270948,0,24.64024034,92.34480318,1.997,1.313181257
1,20,20.5,-19.92957746,0,0,0,0,27.92343497,0.1,24.54964218,92.34480318,1.438,1.313181257
1,20,21,-18.66197183,0,0,0,0,27.87395318,0,24.64024034,92.44474344,0.963,1.313181257
1,20,21.5,-20,0,0,0,0,27.81457502,0,24.76103788,92.54468371,0.952,1.313181257
1,20,22,-22.95774648,0,0,0,0,27.76509323,0.1,24.84156957,93.04438502,1.597,1.313181257
1,20,22.5,-25.77464789,0,0,0,0,27.74530051,0,24.69057265,93.14432529,1.377,1.313181257
1,20,23,-26.26760563,0,0,0,0,27.70571508,0,24.47917695,93.14432529,1.615,1.313181257
1,20,23.5,-22.32394366,0,0,0,0,27.66612964,0,24.38857879,93.34420581,1.463,1.313181257
1,21,0,-20.21126761,0,0,0,0,27.62654421,0,24.35837941,93.44414608,1.226,1.39850159
1,21,0.5,-20.91549296,0,0,0,0,27.57706241,0,24.39864526,93.6440266,1.374,1.39850159
1,21,1,-22.46478873,0,0,0,0,27.53747698,0,24.41877818,93.74396687,1.414,1.39850159
1,21,1.5,-21.33802817,0,0,0,0,27.49789154,0,24.44897756,94.04378766,1.781,1.39850159
1,21,2,-16.97183099,0,0,0,0,27.45830611,0,24.52950926,94.14372792,2.103,1.39850159
1,21,2.5,-15.98591549,0,0,0,0,27.40882432,0,24.4389111,94.24366818,2.89,1.39850159
1,21,3,-17.88732394,0,0,0,0,27.37913524,0,24.1771831,94.34360844,2.433,1.39850159
1,21,3.5,-17.46478873,0,0,0,0,27.35934252,0,24.13691725,94.44354871,2.548,1.39850159
1,21,4,-19.01408451,0,0,0,0,27.32965345,0,24.06645202,94.44354871,1.995,1.39850159
1,21,4.5,-19.85915493,0,0,0,0,27.30986073,0,24.03625263,94.54348897,2.052,1.39850159
1,21,5,-19.50704225,0,0,0,0,27.25048258,0,23.98592032,94.64342923,1.929,1.39850159
1,21,5.5,-18.09859155,0.4,0,0.528111368,0,27.23068986,0,24.00605325,94.7433695,2.046,1.39850159
1,21,6,-10.70422535,12.2,3.4,14.52306262,0.515772317,27.19110442,0,24.03625263,94.84330976,2.147,1.39850159
1,21,6.5,6.197183099,47.4,12.6,57.30008344,2.320975429,27.17131171,0,24.22751541,94.84330976,1.511,1.39850159
1,21,7,51.69014085,119.4,32.6,140.4776239,5.931381651,27.13172627,0,24.64024034,94.7433695,1.509,1.39850159
1,21,7.5,164.6478873,264.6,72.8,299.4391457,12.63642178,27.06245176,0,25.23416158,93.94384739,2.436,1.39850159
1,21,8,99.15492958,177.4,75.6,302.6078139,13.41008025,27.03276269,0,25.4656902,92.34480318,3.071,1.39850159
1,21,8.5,232.9577465,336.4,104.4,460.7771687,17.27837264,27.1020372,0,26.19047545,90.44593818,4.004,1.39850159
1,21,9,469.1549296,617.2,151.8,692.6180593,24.24129892,27.13172627,0,26.56293454,87.74755107,4.739,1.39850159
1,21,9.5,576.7605634,692,168.8,784.773493,26.56227435,27.08224448,0,27.32798563,84.54946265,4.752,1.39850159
1,21,10,630.2816901,754.4,185.4,775.5315441,28.62536362,27.03276269,0,28.12323611,80.95161318,4.594,1.313181257
1,21,10.5,523.028169,615,144.8,706.8770662,22.69398197,27.18120807,0,28.59635982,78.24323205,3.999,1.313181257
1,21,11,654.9295775,780.6,196.4,878.5132609,30.94633905,27.53747698,0,29.40167676,74.17566333,4.205,1.313181257
1,21,11.5,550.6338028,633.2,161.6,719.8157948,25.27284356,27.89374589,0,30.13652847,70.58780789,3.783,1.313181257
1,21,12,780.9859155,914.4,206.4,1034.042059,33.00942832,28.10156943,0,30.64991802,68.0093491,4.561,1.313181257
1,21,12.5,380.4225352,456.8,110.4,520.9818647,18.05203111,28.37866747,0,30.71031679,67.33974933,4.163,1.313181257
1,21,13,40.63380282,204,53.8,235.0095588,8.252357079,28.84379633,0.6,27.88164103,76.10451041,5.232,1.313181257
1,21,13.5,162.8873239,292.4,75.8,340.6318324,11.60487714,29.07141258,1,26.38173823,82.45071713,2.246,1.91733923
1,21,14,758.4507042,890.4,220.8,1011.861381,35.07251759,28.57659464,0.7,28.63662567,81.35137423,2.811,1.91733923
1,21,14.5,291.2676056,446.8,115.2,519.3975306,18.56780343,28.23022209,0.5,29.46207553,75.25501818,4.435,1.850542278
1,21,15,63.23943662,138.6,34.6,177.4454197,6.18926781,28.50732013,0.5,27.43871671,80.05215081,3.409,1.91733923
1,21,15.5,-10.07042254,30.4,7.4,43.30513219,1.805203111,28.6359728,0.6,26.74413085,81.55125476,4.142,1.91733923
1,21,16,-13.87323944,9.6,2.2,15.57928536,0.257886159,28.6359728,0.4,26.03947853,85.44892502,1.815,1.91733923
1,21,16.5,-24.85915493,4.2,0.8,7.657614838,0,28.50732013,0.4,25.58648775,88.04737186,4.078,1.91733923
1,21,17,-14.85915493,4.6,0.8,8.977893258,0,28.33908204,0.4,25.02276589,89.74635634,2.016,1.91733923
1,21,17.5,-15.91549296,2.6,0.2,4.753002313,0,28.22032573,0.3,25.05296527,90.84569923,1.558,1.91733923
1,21,18,-13.87323944,2.4,0,3.168668209,0,28.11146579,0.3,24.96236712,91.94504213,1.278,1.91733923
1,21,18.5,-15.63380282,0.6,0,0.792167052,0,28.0125022,0.3,24.64024034,92.34480318,1.244,1.982037751
1,21,19,-18.16901408,0,0,0,0,27.94322769,0.3,24.56977511,92.24486292,0.835,1.982037751
1,21,19.5,-19.01408451,0,0,0,0,27.88384953,0.4,24.71070557,92.34480318,1.373,2.04474546
1,21,20,-15.70422535,0,0,0,0,27.82447138,0.3,24.76103788,92.74456423,2.42,2.04474546
1,21,20.5,-20.21126761,0,0,0,0,27.80467867,0.3,24.55970864,93.24426555,2.594,2.105562403
1,21,21,-17.81690141,0,0,0,0,27.78488595,0.2,24.61004095,93.6440266,2.321,2.164581728
1,21,21.5,-17.32394366,0,0,0,0,27.75519687,0.1,24.56977511,94.14372792,2.76,2.221890279
1,21,22,-20.35211268,0,0,0,0,27.71561144,0.2,24.53957572,94.34360844,3.161,2.277569142
1,21,22.5,-22.32394366,0,0,0,0,27.68592236,0.2,24.54964218,94.54348897,2.815,2.277569142
1,21,23,-21.05633803,0,0,0,0,27.66612964,0.2,24.49930987,94.44354871,2.052,2.33169412
1,21,23.5,-20.35211268,0,0,0,0,27.65623328,0.1,24.52950926,94.44354871,2.135,2.33169412
1,22,0,-20.70422535,0,0,0,0,27.62654421,0.2,24.52950926,94.34360844,1.472,2.384336168
1,22,0.5,-19.71830986,0,0,0,0,27.58695877,0.2,24.57984157,94.34360844,1.696,2.384336168
1,22,1,-19.01408451,0,0,0,0,27.54737334,0.1,24.56977511,94.44354871,1.828,2.384336168
1,22,1.5,-19.22535211,0,0,0,0,27.51768426,0.1,24.64024034,94.54348897,1.776,2.435561791
1,22,2,-21.12676056,0,0,0,0,27.48799519,0.2,24.56977511,94.54348897,1.877,2.435561791
1,22,2.5,-20.07042254,0,0,0,0,27.46820247,0.1,24.40871172,94.44354871,1.773,2.485433389
1,22,3,-18.73239437,0,0,0,0,27.44840975,0.1,24.32818002,94.44354871,1.252,2.485433389
1,22,3.5,-18.52112676,0,0,0,0,27.43851339,0.1,24.33824649,94.44354871,0.379,2.534009579
1,22,4,-18.45070423,0,0,0,0,27.39892796,0.1,24.35837941,94.54348897,1.517,2.534009579
1,22,4.5,-16.33802817,0,0,0,0,27.34944616,0.1,24.40871172,94.54348897,1.681,2.534009579
1,22,5,-16.97183099,0,0,0,0,27.31975709,0.1,24.46911049,94.64342923,1.832,2.581345488
1,22,5.5,-17.25352113,0.2,0,0.264055684,0,27.30986073,0.1,24.50937634,94.64342923,2.032,2.581345488
1,22,6,-15.56338028,4.2,1,5.281113681,0,27.29006801,0,24.47917695,94.64342923,1.89,2.581345488
1,22,6.5,-9.436619718,16.6,4.6,20.33228767,0.773658476,27.27027529,0.1,24.52950926,94.7433695,2.02,2.581345488
1,22,7,1.197183099,41,10.6,50.43463566,1.805203111,27.23068986,0.1,24.56977511,94.64342923,2.073,2.627493012
1,22,7.5,22.32394366,92.6,24.2,111.167443,3.868292381,27.19110442,0.1,24.6503068,94.44354871,2.696,2.627493012
1,22,8,65.42253521,165.8,44.4,192.7606494,6.962926286,27.11193356,0.1,24.93216773,94.14372792,2.768,2.672501059
1,22,8.5,143.6619718,250,68,287.2925843,11.60487714,27.07234812,0.1,25.31469328,93.24426555,3.122,2.672501059
1,22,9,202.3943662,277.4,75.2,321.8838789,12.63642178,27.12182991,0.2,25.69721883,92.14492265,3.611,2.716415763
1,22,9.5,215.4225352,284.4,76.8,335.0866631,12.89430794,27.19110442,0,25.93881391,90.54587844,3.727,2.716415763
1,22,10,253.4507042,320,86.6,376.5434055,13.92585257,27.26037894,0.1,26.17034253,89.14671476,3.612,2.716415763
1,22,10.5,297.2535211,380.2,103,442.2932708,16.50471416,27.31975709,0.1,26.50253577,86.94802897,3.787,2.716415763
1,22,11,262.7464789,345.2,94.6,399.7803057,14.95739721,27.32965345,0.1,26.76426377,84.54946265,4.041,2.716415763
1,22,11.5,277.5352113,359.8,98.6,416.9439251,15.47316952,27.36923888,0.1,27.00585886,81.65119502,4.348,2.716415763
1,22,12,377.1126761,480,129,555.3091036,20.37300654,27.39892796,0.1,27.58971364,79.92222847,3.55,2.716415763
1,22,12.5,520.6338028,637.6,164.2,738.827804,26.30438819,27.45830611,0.1,28.32456535,77.71354865,3.393,2.716415763
1,22,13,628.8732394,746.8,189.2,846.0344117,29.3990221,27.51768426,0.1,29.02921767,74.83526907,3.56,2.716415763
1,22,13.5,495.4929577,598.8,156.2,675.9825512,23.7255266,27.56716606,0,29.63320538,71.32736583,3.674,2.716415763
1,22,14,397.4647887,492.4,132.4,555.0450479,20.37300654,27.78488595,0.1,30.04593031,69.17865018,3.431,2.716415763
1,22,14.5,284.7183099,353.2,99.2,398.1959716,15.21528337,27.97291676,0,30.0761297,67.94938494,3.344,2.716415763
1,22,15,542.2535211,651,174.8,739.8840267,27.59381898,28.10156943,0.1,30.68011741,64.7812786,3.768,2.716415763
1,22,15.5,535.9859155,656,177.4,743.5808063,28.1095913,28.10156943,0,31.66663066,61.32334549,3.579,2.716415763
1,22,16,286.4084507,360.8,101.8,420.6407047,16.246828,28.17084394,0.1,31.46530143,61.22340523,3.862,2.716415763
1,22,16.5,154.084507,193.8,55,232.8971133,9.026015556,28.32918568,0,30.63985156,62.19282578,5.819,2.716415763
1,22,17,-9.366197183,40.8,10.6,53.60330386,1.805203111,28.79431454,0,26.82466254,75.80468962,6.526,2.716415763
1,22,17.5,-2.464788732,36.6,9.6,47.26596745,1.547316952,28.96255263,0.1,25.1234305,82.05095607,4.742,2.716415763
1,22,18,-34.15492958,13.4,4,17.16361946,0.257886159,28.67555823,0,24.79123727,84.24964186,4.217,2.716415763
1,22,18.5,-39.01408451,1.6,0.4,2.376501157,0,28.31928932,0,24.68050619,85.74874581,3.227,2.716415763
1,22,19,-39.01408451,0,0,0,0,28.06198399,0,24.57984157,86.24844713,2.475,2.716415763
1,22,19.5,-28.8028169,0,0,0,0,27.90364225,0.1,24.66037326,86.54826792,1.77,2.716415763
1,22,20,-17.74647887,0,0,0,0,27.81457502,0,24.46911049,87.04796923,1.063,2.716415763
1,22,20.5,-14.08450704,0,0,0,0,27.73540415,0,24.27784771,88.74695371,0.648,2.716415763
1,22,21,-11.47887324,0,0,0,0,27.61664785,0,24.21744894,90.44593818,1.256,2.716415763
1,22,21.5,-13.94366197,0,0,0,0,27.46820247,0.1,24.10671786,90.84569923,1.322,2.759280685
1,22,22,-17.53521127,0,0,0,0,27.34944616,0.1,23.63359416,90.24605765,1.916,2.959224716
1,22,22.5,-18.02816901,0,0,0,0,27.27027529,0,23.22086923,90.74575897,2.268,3.389441522
1,22,23,-20.42253521,0,0,0,0,27.16141535,0.1,22.94907476,91.24546029,2.077,3.630960307
1,22,23.5,-19.01408451,0,0,0,0,27.06245176,0.1,22.82827722,91.34540055,1.556,3.726991262
1,23,0,-18.30985915,0,0,0,0,26.97338453,0.1,23.02960645,91.7451616,1.685,3.750046232
1,23,0.5,-17.81690141,0,0,0,0,26.91400638,0.1,23.29133446,92.24486292,1.903,3.750046232
1,23,1,-18.5915493,0,0,0,0,26.89421366,0.1,23.4926637,92.64462397,2.308,3.750046232
1,23,1.5,-18.02816901,0,0,0,0,26.89421366,0.1,23.52286308,92.74456423,1.909,3.750046232
1,23,2,-18.38028169,0,0,0,0,26.8843173,0.1,23.58326185,92.8445045,1.6,3.750046232
1,23,2.5,-22.67605634,0,0,0,0,26.87442095,0.1,23.50273016,92.8445045,2.213,3.750046232
1,23,3,-29.43661972,0,0,0,0,26.87442095,0.1,23.09000522,92.64462397,2.473,3.726991262
1,23,3.5,-28.73239437,0,0,0,0,26.85462823,0.1,22.86854307,92.64462397,2.673,3.726991262
1,23,4,-29.08450704,0,0,0,0,26.80514644,0,22.66721383,92.44474344,2.77,3.726991262
1,23,4.5,-23.52112676,0,0,0,0,26.73587192,0.1,22.60681506,92.54468371,2.303,3.750046232
1,23,5,-20.28169014,0,0,0,0,26.69628649,0.1,22.69741322,92.74456423,2.126,3.750046232
1,23,5.5,-26.33802817,0.2,0,0.264055684,0,26.6468047,0.1,22.77794491,92.74456423,2.708,3.750046232
1,23,6,-15.14084507,10.8,3.2,11.6184501,0.515772317,26.60721926,0,22.79807783,92.74456423,2.332,3.750046232
1,23,6.5,6.61971831,40.2,11,45.41757766,1.805203111,26.58742654,0.1,22.96920768,92.8445045,1.589,3.750046232
1,23,7,45.56338028,110.2,30,125.6905056,4.384064698,26.57753018,0.1,23.27120154,93.04438502,1.989,3.772740025
1,23,7.5,63.52112676,164.8,44.8,186.6873686,6.705040127,26.49835931,0.1,23.64366062,92.74456423,2.424,3.795081971
1,23,8,78.52112676,181.6,48.8,208.075879,7.478698603,26.43898116,0.1,24.08658494,92.14492265,2.754,3.795081971
1,23,8.5,59.57746479,157.6,43.4,179.5578652,6.962926286,26.4785666,0.1,24.31811356,91.7451616,2.396,3.795081971
1,23,9,50.63380282,155.6,43.4,177.181364,6.962926286,26.56763383,0.1,24.42884464,91.64522134,2.058,3.795081971
1,23,9.5,91.90140845,251.8,68.6,289.6690854,10.57333251,26.60721926,0.1,24.61004095,91.34540055,2.221,3.772740025
1,23,10,171.7605634,328.8,90,377.0715168,13.66796641,26.62701198,0.2,25.10329758,90.64581871,2.186,3.772740025
1,23,10.5,316.3380282,401,109.2,461.3052801,17.27837264,26.70618285,0.2,25.74755113,88.94683423,2.344,3.772740025
1,23,11,482.3239437,593,157.4,689.1853354,24.75707124,26.82493915,0.2,26.27100715,85.54886528,2.73,3.772740025
1,23,11.5,574.6478873,683.4,179.6,791.3748851,28.36747746,26.77545736,0.3,27.19712163,80.95161318,2.826,3.750046232
1,23,12,484.2253521,575.8,154.2,668.0608807,24.24129892,26.73587192,0.3,27.49911548,76.76411615,2.613,3.750046232
1,23,12.5,616.1971831,728.8,188.6,844.4500776,29.91479441,26.95359182,0.2,28.13330258,72.15687002,3.162,3.726991262
1,23,13,628.8732394,742.2,190.4,851.0514697,29.65690825,27.0525554,0.3,29.05941706,68.08930131,3.754,3.703565429
1,23,13.5,300.4929577,380.4,104.4,441.7651594,16.246828,27.29996437,0.2,28.39503058,67.84944467,3.374,3.703565429
1,23,14,261.1971831,339.8,95,393.1789136,14.95739721,27.54737334,0.3,28.33463181,69.86823799,2.791,3.679758684
1,23,14.5,289.0140845,370.8,102.8,429.0904866,15.47316952,27.58695877,0.3,28.3648312,69.97817228,2.716,3.679758684
1,23,15,319.084507,400.8,110.6,467.6426165,17.53625879,27.59685513,0.2,28.64669213,68.56901457,2.076,3.65556059
1,23,15.5,487.9577465,597.6,164.2,688.1291127,26.30438819,27.66612964,0.2,29.15001522,66.38032281,2.083,3.65556059
1,23,16,333.6619718,421.4,118.8,497.2168531,20.11512038,27.69581872,0.2,29.90499985,63.43208504,1.926,3.65556059
1,23,16.5,126.056338,180.6,52.8,230.7846679,9.541787873,27.80467867,0.2,29.32114507,65.41090225,2.021,3.630960307
1,23,17,133.2394366,201.6,63.4,250.3247885,11.34699098,28.02239856,0.1,29.23054691,64.70132638,1.411,3.605946568
1,23,17.5,76.83098592,143,48.4,176.389197,9.026015556,28.04219127,0.2,29.603006,64.24160117,0.927,3.605946568
1,23,18,-0.352112676,42.4,13.2,56.24386071,2.836747746,27.95312405,0.1,29.56274015,65.50084849,1.123,3.605946568
1,23,18.5,-31.83098592,3.8,0.8,6.865447786,0,27.97291676,0.1,28.46549581,71.8070791,1.32,3.605946568
1,23,19,-21.47887324,0,0,0,0,28.10156943,0.1,27.76084349,75.35495844,1.762,3.605946568
1,23,19.5,-21.54929577,0,0,0,0,28.02239856,0.1,26.28107361,77.04394889,4.381,3.580507661
1,23,20,-19.71830986,0,0,0,0,27.86405682,0,25.65695298,79.88225236,2.884,3.580507661
1,23,20.5,-16.83098592,0,0,0,0,27.74530051,0.1,25.15362989,81.35137423,1.256,3.580507661
1,23,21,-25.84507042,0,0,0,0,27.61664785,0.1,25.1234305,82.2508366,0.832,3.580507661
1,23,21.5,-21.4084507,0,0,0,0,27.49789154,0.1,24.97243358,84.1497016,1.05,3.580507661
1,23,22,-15.70422535,0,0,0,0,27.39892796,0.1,24.9925665,84.94922371,2.111,3.580507661
1,23,22.5,-19.29577465,0,0,0,0,27.30986073,0,24.92210127,85.54886528,2.174,3.580507661
1,23,23,-20.49295775,0,0,0,0,27.23068986,0.1,24.93216773,85.94862634,2.231,3.580507661
1,23,23.5,-17.3943662,0,0,0,0,27.19110442,0.1,24.94223419,86.24844713,1.939,3.554631403
1,24,0,-16.61971831,0,0,0,0,27.17131171,0.1,24.98250004,86.74814844,1.781,3.554631403
1,24,0.5,-18.5915493,0,0,0,0,27.16141535,0.1,25.04289881,87.04796923,1.567,3.554631403
1,24,1,-21.47887324,0,0,0,0,27.14162263,0,25.05296527,87.34779002,2.173,3.554631403
1,24,1.5,-20.42253521,0,0,0,0,27.09214084,0.1,24.9925665,86.74814844,2.429,3.554631403
1,24,2,-19.71830986,0,0,0,0,27.04265904,0.1,25.00263296,86.34838739,2.07,3.554631403
1,24,2.5,-20,0,0,0,0,27.04265904,0,24.89190188,86.54826792,2.229,3.554631403
1,24,3,-19.08450704,0,0,0,0,27.04265904,0.1,24.85163604,86.94802897,1.903,3.554631403
1,24,3.5,-18.38028169,0,0,0,0,27.03276269,0.1,24.76103788,87.24784976,1.935,3.554631403
1,24,4,-17.53521127,0,0,0,0,27.03276269,0,24.61004095,87.9474316,2.01,3.554631403
1,24,4.5,-12.25352113,0,0,0,0,27.01296997,0.1,24.56977511,88.34719265,1.808,3.528305116
1,24,5,-12.25352113,0,0,0,0,26.97338453,0.1,24.62010741,88.44713292,2.354,3.528305116
1,24,5.5,-11.61971831,0.2,0,0.264055684,0,26.92390274,0,24.54964218,88.04737186,2.707,3.528305116
1,24,6,-6.338028169,7.2,2,9.241948942,0.257886159,26.87442095,0.1,24.70063911,87.64761081,2.577,3.528305116
1,24,6.5,12.3943662,30.8,8.8,36.4396844,1.547316952,26.85462823,0.1,24.96236712,87.34779002,2.723,3.528305116
1,24,7,35.35211268,60.4,16.8,72.08720175,2.836747746,26.82493915,0.1,25.13349697,86.94802897,3.211,3.528305116
1,24,7.5,80.84507042,115.4,32,138.1011228,5.673495492,26.81504279,0,25.31469328,86.34838739,3.846,3.528305116
1,24,8,109.0140845,149.4,41.2,178.2375867,6.962926286,26.83483551,0.1,25.50595605,85.54886528,3.536,3.528305116
1,24,8.5,131.7605634,187.8,51.6,226.0316656,9.026015556,26.86452459,0,25.50595605,84.54946265,4.269,3.528305116
1,24,9,148.7323944,195.2,54.8,228.9362781,9.283901714,26.89421366,0.1,25.56635482,83.45011976,4.102,3.501515604
1,24,9.5,171.2676056,226.6,63,265.6400182,10.57333251,26.9337991,0.1,25.71735175,82.45071713,4.196,3.501515604
1,24,10,197.0422535,261,72.4,304.4562037,11.60487714,26.96348817,0,26.13007668,82.05095607,3.915,3.501515604
1,24,10.5,157.3239437,292,81.2,335.8788301,12.37853562,27.01296997,0,26.33140592,83.05035871,3.634,3.501515604
1,24,11,284.5774648,372.6,103,426.7139854,15.73105568,27.07234812,0.1,26.20054191,81.55125476,3.865,3.501515604
1,24,11.5,302.8873239,400.6,111.6,451.2711641,17.27837264,27.08224448,0.1,26.67366562,80.55185213,3.852,3.474249121
1,24,12,355.7746479,459.2,126.4,520.1896976,19.59934806,27.11193356,0.1,26.99579239,78.75292739,3.189,3.474249121
1,24,12.5,339.0140845,437.6,121.4,497.2168531,19.08357575,27.15151899,0,27.44878318,78.06333957,3.647,3.474249121
1,24,13,408.1690141,515,139.6,585.6755073,21.66243733,27.20100078,0.1,27.7306441,75.08511973,3.757,3.446491342
1,24,13.5,352.6056338,451.6,124.8,507.5150248,19.08357575,27.27027529,0.1,28.30443243,72.66656536,3.567,3.446491342
1,24,14,456.1267606,561.4,152.6,627.3963053,23.20975429,27.34944616,0.1,28.84802136,71.64717468,4.067,3.446491342
1,24,14.5,513.943662,658.2,177.4,721.6641845,26.30438819,27.43851339,0,28.87822075,74.1256932,4.881,3.418227335
1,24,15,556.3380282,671,176.8,765.2333724,27.59381898,27.61664785,0.1,29.0493506,71.24741362,4.958,3.418227335
1,24,15.5,515,644.4,176.2,735.1310244,27.85170514,27.76509323,0,29.58287307,66.77008983,3.818,3.389441522
1,24,16,290.2816901,366.6,102,429.8826537,17.02048648,27.81457502,0.1,29.81440169,64.34154144,3.494,3.389441522
1,24,16.5,37.3943662,63.2,16.8,84.23376322,3.094633905,27.97291676,0,29.06948352,66.16045423,2.842,3.389441522
1,24,17,23.66197183,50.8,13.2,66.01392102,2.06308927,28.1312585,0,28.60642628,69.40851278,2.402,3.389441522
1,24,17.5,15.35211268,35.8,9.6,44.62541061,1.805203111,28.09167307,0,28.04270442,71.18744947,3.163,3.389441522
1,24,18,-1.267605634,13.6,3.8,17.16361946,0.257886159,28.03229492,0.1,27.07632409,76.35436107,2.961,3.389441522
1,24,18.5,-14.64788732,3.6,0.8,5.017057997,0,28.04219127,0,26.50253577,80.05215081,2.993,3.360117648
1,24,19,-18.94366197,0,0,0,0,27.89374589,0,26.32133946,81.1514937,2.718,3.360117648
1,24,19.5,-18.73239437,0,0,0,0,27.75519687,0,26.19047545,82.05095607,2.978,3.360117648
1,24,20,-24.71830986,0,0,0,0,27.63644057,0.1,25.98914622,82.95041844,2.768,3.360117648
1,24,20.5,-23.30985915,0,0,0,0,27.57706241,0,25.73748467,84.1497016,2.703,3.360117648
1,24,21,-24.01408451,0,0,0,0,27.49789154,0,25.55628836,84.64940292,2.245,3.360117648
1,24,21.5,-23.38028169,0,0,0,0,27.44840975,0,25.50595605,85.44892502,1.952,3.360117648
1,24,22,-18.94366197,0,0,0,0,27.42861703,0.1,25.26436097,86.14850686,1.862,3.360117648
1,24,22.5,-19.29577465,0,0,0,0,27.37913524,0,25.18382927,86.84808871,1.976,3.360117648
1,24,23,-22.53521127,0,0,0,0,27.32965345,0,25.14356343,87.1479095,1.787,3.360117648
1,24,23.5,-18.30985915,0,0,0,0,27.29006801,0,25.04289881,87.44773029,1.601,3.360117648
1,25,0,-17.74647887,0,0,0,0,27.26037894,0.1,25.02276589,87.84749134,1.256,3.360117648
1,25,0.5,-16.69014085,0,0,0,0,27.26037894,0,25.02276589,88.24725239,1.191,3.360117648
1,25,1,-14.08450704,0,0,0,0,27.23068986,0,24.98250004,88.54707318,0.873,3.360117648
1,25,1.5,-13.38028169,0,0,0,0,27.19110442,0.1,25.06303173,89.44653555,0.286,3.360117648
1,25,2,-15.91549296,0,0,0,0,27.16141535,0,25.02276589,89.74635634,0.741,3.360117648
1,25,2.5,-18.73239437,0,0,0,0,27.13172627,0,24.83150311,90.04617713,2.116,3.360117648
1,25,3,-19.50704225,0,0,0,0,27.09214084,0.1,24.49930987,90.74575897,1.764,3.360117648
1,25,3.5,-27.3943662,0,0,0,0,27.0525554,0,24.32818002,91.14552002,3.066,3.360117648
1,25,4,-27.11267606,0,0,0,0,26.97338453,0,24.04631909,91.34540055,3.173,3.360117648
1,25,4.5,-23.87323944,0,0,0,0,26.9337991,0,23.97585386,91.54528108,2.917,3.360117648
1,25,5,-21.69014085,0,0,0,0,26.92390274,0.1,23.89532217,91.84510187,2.872,3.360117648
1,25,5.5,-20.21126761,0.2,0,0.264055684,0,26.91400638,0,23.71412585,92.04498239,2.858,3.360117648
1,25,6,-19.08450704,7,2,7.921670522,0.257886159,26.89421366,0,23.50273016,92.24486292,3.532,3.360117648
1,25,6.5,-4.85915493,59.8,18,66.2779767,3.094633905,26.86452459,0.1,23.4926637,92.54468371,3.423,3.360117648
1,25,7,108.943662,224.8,66.8,237.1220043,10.57333251,26.77545736,0,23.88525571,92.24486292,3.073,3.360117648
1,25,7.5,188.028169,269.6,76.8,298.6469787,12.12064946,26.66659741,0,24.32818002,90.9456395,3.978,3.330238739
1,25,8,133.028169,172.4,48.4,198.3058187,7.736584762,26.67649377,0.1,24.31811356,90.34599792,3.63,3.330238739
1,25,8.5,120.4225352,150.8,41.8,177.7094754,6.962926286,26.77545736,0,24.53957572,90.04617713,2.847,3.330238739
1,25,9,154.5774648,192,54.4,223.3911087,8.768129397,26.85462823,0.1,24.55970864,89.54647581,2.919,3.330238739
1,25,9.5,253.5211268,322.4,90,369.413902,14.18373873,26.86452459,0,24.75097142,88.94683423,3.044,3.330238739
1,25,10,418.0985915,506.2,138,568.5118878,21.14666502,26.83483551,0.1,25.4656902,87.24784976,2.936,3.330238739
1,25,10.5,461.9014085,572.8,150,640.5990895,22.43609581,26.765561,0,25.83814929,86.0485666,2.65,3.330238739
1,25,11,736.6197183,842.2,216.6,945.8474603,31.97788368,26.74576828,0.1,26.703865,83.25023923,2.095,3.299787062
1,25,11.5,807.7464789,978.6,238.8,1045.924565,34.55674527,27.03276269,0,27.35818502,79.5924256,1.798,3.299787062
1,25,12,547.1830986,658.6,169.4,740.9402495,25.27284356,27.20100078,0.1,27.75077703,76.67416991,1.946,3.26874408
1,25,12.5,816.1971831,952.4,235.6,1060.975739,34.81463143,27.52758062,0,28.64669213,73.29618902,2.245,3.26874408
1,25,13,865.4929577,1017.2,251.8,1130.158328,37.39349302,27.87395318,0.1,29.33121153,69.68834552,2.396,3.237090405
1,25,13.5,702.8169014,828.6,209.4,923.6667829,31.46211137,28.20053301,0,30.19692724,66.44028696,1.644,3.237090405
1,25,14,590.1408451,714.4,186.2,796.3919431,27.85170514,28.25001481,0.1,30.39825648,64.20162507,1.987,3.204805749
1,25,14.5,360.4929577,445.2,120.8,512.7961385,18.82568959,28.30939296,0,30.80091495,63.80186402,1.142,3.204805749
1,25,15,419.8591549,512.2,140.2,569.0399992,21.14666502,28.45783834,0.1,31.1834405,61.71311252,2.143,3.171868865
1,25,15.5,409.2253521,516,143,576.697614,22.17820965,28.50732013,0,30.7606491,62.43268241,2.626,3.171868865
1,25,16,138.2394366,194.6,55.6,235.5376702,9.541787873,28.51721649,0,30.48885463,63.75189388,2.041,3.171868865
1,25,16.5,187.8873239,263.2,77.8,310.7935401,12.89430794,28.51721649,0,30.57945279,62.88241359,1.981,3.171868865
1,25,17,108.4507042,166.2,48,195.4012062,7.994470921,28.41825291,0.1,30.59958571,62.87241957,2.407,3.138257493
1,25,17.5,35.42253521,80.4,22.8,93.73976784,3.868292381,28.38856383,0,30.09626262,66.14046617,2.439,3.138257493
1,25,18,9.718309859,50.6,14.4,57.30008344,2.320975429,28.40835655,0,29.68353769,68.9587816,1.87,3.138257493
1,25,18.5,-19.64788732,11.6,3.4,12.93872852,0.515772317,28.39846019,0.1,28.99901829,72.11689391,2.054,3.138257493
1,25,19,-19.01408451,0,0,0,0,28.37866747,0,28.47556228,75.69475533,1.738,3.138257493
1,25,19.5,-17.32394366,0,0,0,0,28.28960024,0,28.0225715,78.25322607,2.541,3.138257493
1,25,20,-21.76056338,0,0,0,0,28.17084394,0,27.65011241,80.75173265,2.821,3.138257493
1,25,20.5,-20.98591549,0,0,0,0,28.08177671,0,26.75419731,82.05095607,2.788,3.138257493
1,25,21,-42.18309859,0,0,0,0,28.02239856,0,25.96901329,84.84928344,2.144,3.138257493
1,25,21.5,-27.88732394,0,0,0,0,27.95312405,0.1,26.06967791,85.44892502,2.187,3.138257493
1,25,22,-21.83098592,0,0,0,0,27.86405682,0,25.86834868,86.44832765,2.008,3.138257493
1,25,22.5,-27.32394366,0,0,0,0,27.78488595,0,25.40529143,88.84689397,2.629,3.138257493
1,25,23,-20.35211268,0,0,0,0,27.69581872,0,25.10329758,89.0467745,0.963,3.138257493
1,25,23.5,-18.09859155,0,0,0,0,27.61664785,0.1,25.22409512,89.14671476,1.34,3.138257493
1,26,0,-22.95774648,0,0,0,0,27.54737334,0,25.08316466,90.14611739,0.941,3.138257493
1,26,0.5,-25.98591549,0,0,0,0,27.51768426,0,25.01269942,90.84569923,1.088,3.138257493
1,26,1,-20,0,0,0,0,27.46820247,0,24.90196834,91.14552002,2.213,3.138257493
1,26,1.5,-8.098591549,0,0,0,0,27.43851339,0,24.40871172,91.7451616,2.451,3.138257493
1,26,2,-8.521126761,0,0,0,0,27.40882432,0,24.32818002,91.94504213,1.267,3.138257493
1,26,2.5,-7.746478873,0,0,0,0,27.35934252,0.1,24.40871172,92.24486292,1.577,3.138257493
1,26,3,-9.366197183,0,0,0,0,27.29996437,0,24.3080471,92.44474344,1.369,3.138257493
1,26,3.5,-9.084507042,0,0,0,0,27.24058622,0,24.22751541,93.04438502,1.166,3.138257493
1,26,4,-9.85915493,0,0,0,0,27.21089714,0,24.13691725,93.14432529,1.609,3.138257493
1,26,4.5,-11.76056338,0,0,0,0,27.16141535,0.1,23.92552155,94.14372792,2.318,3.171868865
1,26,5,-13.5915493,0,0,0,0,27.1020372,0,23.92552155,94.44354871,1.114,3.171868865
1,26,5.5,-6.76056338,0,0,0,0,27.0525554,0,23.89532217,94.34360844,1.347,3.171868865
1,26,6,-11.05633803,4.2,1,5.017057997,0,26.94369546,0.1,23.7543917,94.44354871,0.578,3.528305116
1,26,6.5,-1.408450704,17.4,5,20.33228767,0.773658476,26.87442095,0,23.66379355,94.34360844,0.775,3.817081071
1,26,7,12.53521127,33.4,9,39.08024124,1.289430794,26.84473187,0.1,23.87518924,94.54348897,0.521,3.860085144
1,26,7.5,32.11267606,86.4,22.8,102.4536054,3.610406222,26.83483551,0,23.90538863,94.54348897,1.345,3.860085144
1,26,8,34.08450704,113.6,30.4,135.1965102,4.899837016,26.81504279,0.1,23.94565448,94.24366818,2.232,3.860085144
1,26,8.5,88.09859155,165.6,45.4,191.7044266,7.220812445,26.82493915,0.1,23.90538863,94.04378766,2.492,3.860085144
1,26,9,122.8873239,169.6,47.6,191.4403709,7.478698603,26.83483551,0.1,24.16711663,93.74396687,2.326,3.860085144
1,26,9.5,114.4366197,150.6,42.4,172.4283617,6.705040127,26.86452459,0.1,24.4389111,93.54408634,2.725,3.860085144
1,26,10,145.4225352,258.2,71,301.8156469,11.34699098,26.9337991,0.1,24.80130373,93.24426555,3.265,3.838746003
1,26,10.5,192.1126761,364.4,99.8,417.4720365,14.95739721,26.97338453,0.1,24.88183542,92.14492265,3.795,3.838746003
1,26,11,284.5774648,399,109.8,456.5522777,17.02048648,27.01296997,0,25.17376281,91.24546029,3.135,3.838746003
1,26,11.5,274.1549296,389.2,108.4,443.0854379,16.50471416,27.07234812,0.1,25.62675359,89.24665502,3.115,3.817081071
1,26,12,245.1408451,352,99,401.1005841,15.21528337,27.12182991,0.1,25.8884816,87.74755107,3.387,3.817081071
1,26,12.5,269.6478873,393.6,109.6,447.8384402,16.50471416,27.17131171,0.1,26.16027607,86.64820818,2.877,3.795081971
1,26,13,291.9014085,400.8,111.8,453.1195539,16.76260032,27.20100078,0.1,26.60320039,84.74934318,2.976,3.795081971
1,26,13.5,269.6478873,365,102.4,410.342533,14.95739721,27.26037894,0.1,26.95552655,83.15029897,2.526,3.795081971
1,26,14,264.4366197,358.6,101,402.9489739,14.95739721,27.35934252,0.1,27.15685578,81.65119502,3.516,3.772740025
1,26,14.5,290.2112676,394.6,110.4,451.5352197,17.02048648,27.46820247,0,27.3380521,80.05215081,3.147,3.772740025
1,26,15,440.0704225,561.4,155,635.0539202,23.7255266,27.57706241,0.1,27.6803118,77.76351878,2.573,3.750046232
1,26,15.5,323.8028169,415.2,117,470.2831733,17.79414495,27.54737334,0.1,28.08297027,75.09511376,2.909,3.750046232
1,26,16,243.0985915,325.2,92.8,369.1498463,14.18373873,27.54737334,0.1,28.19370135,71.91701339,3.14,3.726991262
1,26,16.5,143.0985915,204.4,60,234.4814474,9.541787873,27.65623328,0.1,28.13330258,69.59839928,2.914,3.726991262
1,26,17,220,320.2,99.4,358.587619,15.21528337,27.69581872,0.1,28.54602751,68.11928339,2.623,3.726991262
1,26,17.5,135.6338028,219,71.8,246.8920646,11.34699098,27.63644057,0,28.93861952,66.00054981,2.365,3.726991262
1,26,18,48.45070423,92.8,28,101.133327,4.384064698,27.60675149,0.1,28.64669213,65.99055578,2.601,3.703565429
1,26,18.5,-17.6056338,7.2,2,8.185726206,0.257886159,27.68592236,0,28.00243857,68.48906236,2.193,3.703565429
1,26,19,-20.42253521,0,0,0,0,27.81457502,0,27.40851733,72.10689989,2.167,3.703565429
1,26,19.5,-20.70422535,0,0,0,0,27.78488595,0,27.05619117,74.90522726,1.561,3.703565429
1,26,20,-22.95774648,0,0,0,0,27.68592236,0.1,26.81459608,76.67416991,1.258,3.703565429
1,26,20.5,-19.57746479,0,0,0,0,27.60675149,0,26.50253577,78.84287363,1.401,3.703565429
1,26,21,-20.49295775,0,0,0,0,27.54737334,0.1,26.15020961,81.1514937,0.932,3.679758684
1,26,21.5,-18.52112676,0,0,0,0,27.47809883,0,26.38173823,83.05035871,0.82,3.679758684
1,26,22,-13.16901408,0,0,0,0,27.40882432,0,26.33140592,84.84928344,0.767,3.679758684
1,26,22.5,-10.42253521,0,0,0,0,27.37913524,0.1,26.0998773,85.04916397,1.364,3.679758684
1,26,23,-18.5915493,0,0,0,0,27.30986073,0,25.81801637,85.14910423,1.898,3.679758684
1,26,23.5,-16.47887324,0,0,0,0,27.27027529,0.1,25.79788344,85.74874581,1.078,3.679758684
1,27,0,-30.21126761,0,0,0,0,27.28017165,0,25.39522497,84.64940292,2.606,3.679758684
1,27,0.5,-55.56338028,0,0,0,0,27.18120807,0,24.80130373,81.65119502,5.185,3.679758684
1,27,1,-101.4788732,0,0,0,0,27.14162263,0.1,23.86512278,81.1514937,4.893,3.65556059
1,27,1.5,-16.12676056,0,0,0,0,27.13172627,0,23.57319539,80.95161318,4.65,3.65556059
1,27,2,-14.78873239,0,0,0,0,26.98328089,0.1,23.56312893,80.65179239,3.618,3.65556059
1,27,2.5,-10.77464789,0,0,0,0,26.86452459,0,23.63359416,80.45191186,4.154,3.65556059
1,27,3,-29.78873239,0,0,0,0,26.77545736,0,23.39199908,81.55125476,4.621,3.65556059
1,27,3.5,-13.5915493,0,0,0,0,26.78535372,0.1,22.94907476,84.54946265,4.097,3.65556059
1,27,4,-14.85915493,0,0,0,0,26.74576828,0,22.75781199,85.54886528,4.889,3.65556059
1,27,4.5,-14.92957746,0,0,0,0,26.6468047,0,22.49608398,85.94862634,4.015,3.65556059
1,27,5,-16.4084507,0,0,0,0,26.5973229,0.1,22.40548582,85.94862634,4.067,3.630960307
1,27,5.5,-15.98591549,0.4,0,0.264055684,0,26.51815203,0,22.41555229,85.64880555,2.842,3.630960307
1,27,6,-7.887323944,7.6,2.4,8.185726206,0,26.48846296,0,22.45581813,85.94862634,2.513,3.630960307
1,27,6.5,8.23943662,31.4,9,35.91157303,1.547316952,26.44887752,0.1,22.47595106,85.94862634,2.662,3.630960307
1,27,7,12.32394366,33.8,9.8,39.34429693,1.547316952,26.39939573,0,22.65714737,85.44892502,2.4,3.630960307
1,27,7.5,41.76056338,99.6,28,116.4485567,4.384064698,26.34001758,0.1,22.88867599,85.2490445,2.182,3.630960307
1,27,8,106.1267606,152.6,43.8,175.5970299,6.962926286,26.3103285,0,23.45239785,84.04976134,2.112,3.630960307
1,27,8.5,233.028169,332.2,94.6,392.9148579,14.69951105,26.28063942,0,24.16711663,81.1514937,2.798,3.630960307
1,27,9,261.7605634,344.6,94.2,401.8927511,14.69951105,26.30043214,0.1,24.67043972,80.55185213,1.701,3.605946568
1,27,9.5,284.2253521,374.6,103.4,421.9609831,15.73105568,26.41918845,0,25.00263296,78.95280791,1.419,3.605946568
1,27,10,656.3380282,765.6,213,817.7804535,30.94633905,26.52804839,0.1,26.25087422,75.8346717,2.052,3.605946568
1,27,10.5,719.7183099,897.4,226.8,978.8544208,32.75154216,26.32022486,0,27.22732102,68.91880549,3.265,3.580507661
1,27,11,541.6197183,682.8,179.2,761.2725372,26.30438819,26.33012122,0.1,27.89170749,64.72131444,3.265,3.580507661
1,27,11.5,609.1549296,724,189.8,844.1860219,27.85170514,26.60721926,0.1,28.45542935,62.72250917,2.645,3.554631403
1,27,12,783.0985915,916.4,221.4,1027.176611,32.493656,27.00307361,0.1,29.05941706,60.92358444,2.255,3.528305116
1,27,12.5,798.5915493,932.2,228,1044.076175,33.26731448,27.41872068,0,29.74393646,58.32513759,1.87,3.528305116
1,27,13,716.1971831,826,208.2,927.0995067,30.68845289,27.69581872,0.1,30.44858879,57.17582457,2.712,3.501515604
1,27,13.5,473.028169,605.4,160.4,674.1341614,23.46764044,27.74530051,0,30.81098141,55.06708501,3.605,3.501515604
1,27,14,413.4507042,496.2,134.4,564.0229412,20.11512038,27.76509323,0,31.01231064,54.67731799,2.635,3.474249121
1,27,14.5,481.9014085,574.6,156.6,642.1834236,23.20975429,27.7255078,0.1,31.35457035,52.23877557,3.322,3.474249121
1,27,15,495,593.4,162.4,677.0387739,24.75707124,27.75519687,0,31.87802636,51.87899062,4.015,3.446491342
1,27,15.5,483.1690141,582,162.2,660.9313772,24.75707124,27.75519687,0.1,31.85789343,51.95894283,3.895,3.446491342
1,27,16,418.028169,537,154.8,605.2156279,23.46764044,27.8442641,0,32.09948852,51.39927736,4.028,3.446491342
1,27,16.5,182.0422535,263,78.6,303.9280924,12.37853562,27.8442641,0,31.82769405,51.87899062,3.53,3.418227335
1,27,17,207.8873239,309.2,100.4,353.3065053,15.21528337,27.88384953,0,31.67669712,51.03949241,3.808,3.418227335
1,27,17.5,143.8028169,232.6,79,256.3980692,12.12064946,27.83436774,0.1,31.94849159,50.94954617,3.35,3.418227335
1,27,18,51.83098592,104.2,32.8,113.2798885,5.157723175,27.81457502,0,31.66663066,51.60915191,2.587,3.418227335
1,27,18.5,-19.78873239,18,5.6,19.54012062,0.773658476,27.81457502,0,30.96197834,54.52740759,1.74,3.418227335
1,27,19,-32.88732394,0,0,0,0,28.00260584,0,29.55267369,62.22280786,1.203,3.418227335
1,27,19.5,-32.04225352,0,0,0,0,28.15105122,0.1,28.69702444,67.27978517,1.978,3.389441522
1,27,20,-32.18309859,0,0,0,0,28.08177671,0,28.24403366,71.93700144,1.873,3.389441522
1,27,20.5,-33.66197183,0,0,0,0,27.91353861,0,27.15685578,74.40552594,1.773,3.389441522
1,27,21,-38.23943662,0,0,0,0,27.74530051,0,26.87499485,76.34436705,1.192,3.389441522
1,27,21.5,-41.26760563,0,0,0,0,27.676026,0,26.3616053,79.58243157,0.808,3.389441522
1,27,22,-39.43661972,0,0,0,0,27.57706241,0.1,25.50595605,81.95101581,0.97,3.389441522
1,27,22.5,-40,0,0,0,0,27.47809883,0,25.29456035,83.25023923,1.932,3.389441522
1,27,23,-40.42253521,0,0,0,0,27.34944616,0,25.02276589,84.84928344,1.054,3.389441522
1,27,23.5,-41.54929577,0,0,0,0,27.26037894,0,24.66037326,85.84868607,0.39,3.389441522
1,28,0,-42.3943662,0,0,0,0,27.17131171,0.1,24.35837941,87.1479095,0.295,3.389441522
1,28,0.5,-41.76056338,0,0,0,0,27.1020372,0,24.14698371,88.04737186,0.354,3.389441522
1,28,1,-42.67605634,0,0,0,0,27.01296997,0,23.91545509,88.24725239,1.125,3.389441522
1,28,1.5,-40.77464789,0,0,0,0,26.94369546,0,23.63359416,89.44653555,0.537,3.389441522
1,28,2,-39.15492958,0,0,0,0,26.86452459,0,23.57319539,89.74635634,1.282,3.389441522
1,28,2.5,-39.29577465,0,0,0,0,26.79525008,0.1,23.45239785,90.44593818,1.795,3.389441522
1,28,3,-40.98591549,0,0,0,0,26.73587192,0,23.4926637,91.44534081,1.672,3.389441522
1,28,3.5,-39.29577465,0,0,0,0,26.65670105,0,23.45239785,91.54528108,1.354,3.389441522
1,28,4,-40.63380282,0,0,0,0,26.60721926,0,23.03967292,91.64522134,0.243,3.389441522
1,28,4.5,-40.42253521,0,0,0,0,26.56763383,0.1,22.82827722,91.54528108,0.857,3.389441522
1,28,5,-40.84507042,0,0,0,0,26.50825567,0,22.65714737,92.04498239,0.888,3.389441522
1,28,5.5,-40.77464789,1,0,0.528111368,0,26.45877388,0,22.33502059,92.04498239,0.387,3.389441522
1,28,6,-29.01408451,18.6,6.6,20.33228767,1.031544635,26.39939573,0,22.42561875,92.74456423,1.105,3.389441522
1,28,6.5,16.33802817,100,31.8,100.8692713,5.157723175,26.34991393,0.1,23.51279662,92.54468371,1.646,3.389441522
1,28,7,79.22535211,204.4,60.8,217.8459394,10.31544635,26.27074306,0,24.16711663,90.34599792,1.412,3.389441522
1,28,7.5,129.2253521,312.8,87.6,340.1037211,13.66796641,26.12229768,0,24.97243358,88.64701344,1.363,3.389441522
1,28,8,230.2112676,365.4,112.2,323.7322687,17.02048648,26.10250497,0.1,25.71735175,85.84868607,1.761,3.389441522
1,28,8.5,243.943662,383,133,567.7197207,19.59934806,26.21136491,0,26.22067484,81.45131449,2.008,3.360117648
1,28,9,482.5352113,608.8,153.6,659.8751545,22.43609581,26.27074306,0,27.21725455,75.02515557,3.313,3.360117648
1,28,9.5,568.3098592,694.4,172.4,782.3969919,25.0149574,26.24105399,0.1,28.14336904,70.8576466,2.867,3.360117648
1,28,10,666.1971831,732.6,194.8,722.1922959,27.85170514,26.29053578,0,28.9688189,66.88002412,2.94,3.330238739
1,28,10.5,667.6056338,802.6,194,886.4349314,27.85170514,26.36970665,0.1,29.71373708,63.23220452,2.665,3.299787062
1,28,11,575.3521127,648.2,184.6,790.0546067,26.30438819,26.66659741,0,30.14659493,61.65314836,2.747,3.299787062
1,28,11.5,727.4647887,861.2,213.4,957.4659104,30.68845289,27.01296997,0,30.71031679,59.67433115,3.081,3.26874408
1,28,12,777.4647887,913.6,224.6,1020.575219,32.493656,27.23068986,0.1,31.12304172,57.74548407,3.273,3.26874408
1,28,12.5,790.8450704,883.4,221,984.6636459,31.97788368,27.54737334,0,31.69683005,56.00652349,2.661,3.237090405
1,28,13,550.2112676,620.8,159.8,703.708398,23.46764044,27.76509323,0.1,32.03908975,54.90718059,2.038,3.237090405
1,28,13.5,566.1971831,684.8,181.4,761.8006485,26.30438819,27.9630204,0,32.33101714,51.50921164,2.616,3.204805749
1,28,14,778.8732394,944.8,248.6,1034.306114,35.58828991,27.94322769,0,33.08600177,47.82141593,3.786,3.171868865
1,28,14.5,612.6760563,745.4,201,825.9661797,29.14113594,27.93333133,0,33.38799562,47.02189383,3.39,3.171868865
1,28,15,357.0422535,454.8,128.2,512.0039714,18.56780343,28.06198399,0.1,32.30081775,53.53799899,4.068,3.138257493
1,28,15.5,257.1830986,349.4,100,397.4038045,14.69951105,28.39846019,0,30.60965217,62.27277799,4.508,3.138257493
1,28,16,164.0140845,243.4,70.8,279.6349694,10.83121867,28.59638736,0,29.17014814,69.51844707,4.755,3.138257493
1,28,16.5,84.36619718,145,42.8,167.6753594,6.705040127,28.59638736,0,28.47556228,72.25681028,5.291,3.138257493
1,28,17,62.3943662,116.8,34.2,134.9324546,5.157723175,28.48752742,0,27.83130872,73.24621889,3.769,3.138257493
1,28,17.5,36.1971831,85.6,25,97.43654742,3.868292381,28.2994966,0,27.84137518,73.8958306,3.937,3.103948293
1,28,18,-4.788732394,34.2,10.4,38.02401851,1.805203111,28.16094758,0.1,27.56958072,74.78529894,3.934,3.103948293
1,28,18.5,-23.45070423,12,4,11.09033873,0.515772317,28.06198399,0,26.85486193,72.88643394,3.632,3.103948293
1,28,19,-28.8028169,0,0,0,0,27.99270948,0,26.29114007,73.30618304,3.088,3.103948293
1,28,19.5,-29.64788732,0,0,0,0,27.92343497,0,25.84821575,75.50486883,2.836,3.103948293
1,28,20,-28.45070423,0,0,0,0,27.83436774,0,25.63682005,77.1638772,3.136,3.103948293
1,28,20.5,-24.71830986,0,0,0,0,27.71561144,0,25.6770859,78.31319023,1.165,3.103948293
1,28,21,-26.69014085,0,0,0,0,27.61664785,0,25.63682005,79.69236586,1.981,3.103948293
1,28,21.5,-25,0,0,0,0,27.53747698,0,25.37509205,80.25203134,2.208,3.103948293
1,28,22,-36.61971831,0,0,0,0,27.44840975,0.1,25.03283235,80.75173265,1.822,3.103948293
1,28,22.5,-39.57746479,0,0,0,0,27.41872068,0,24.5194428,82.45071713,1.525,3.138257493
1,28,23,-34.78873239,0.4,0,0,0,27.3890316,0,24.28791418,83.15029897,1.368,3.138257493
1,28,23.5,-39.36619718,0.6,0,0,0,27.28017165,0,24.07651848,84.44952239,1.388,3.138257493
1,29,0,-33.8028169,0.6,0,0,0,27.20100078,0,23.70405939,86.44832765,0.51,3.138257493
1,29,0.5,-33.38028169,0.6,0,0,0,27.12182991,0,23.71412585,87.54767055,0.063,3.138257493
1,29,1,-33.02816901,0.6,0,0,0,27.04265904,0,23.50273016,88.64701344,1.096,3.138257493
1,29,1.5,-23.66197183,0.6,0,0,0,26.98328089,0.1,23.34166677,89.34659529,0.827,3.138257493
1,29,2,-26.33802817,0.6,0,0,0,26.9337991,0,23.37186615,89.94623686,1.011,3.138257493
1,29,2.5,-33.52112676,0.6,0,0,0,26.87442095,0,23.4926637,89.8462966,0.345,3.103948293
1,29,3,-38.66197183,0.8,0,0,0,26.84473187,0,23.34166677,90.14611739,0.985,3.103948293
1,29,3.5,-40.14084507,0.8,0,0,0,26.81504279,0,23.00947353,90.84569923,0.642,3.103948293
1,29,4,-37.32394366,0.8,0,0,0,26.78535372,0,22.90880891,90.84569923,0.325,3.103948293
1,29,4.5,-37.3943662,0.6,0,0,0,26.72597557,0,22.70747968,91.44534081,0.255,3.103948293
1,29,5,-39.15492958,0.6,0,0,0,26.66659741,0,22.50615044,92.14492265,1.37,3.103948293
1,29,5.5,-34.29577465,1,0,0.528111368,0,26.60721926,0.1,22.37528644,92.24486292,0.923,3.103948293
1,29,6,-28.45070423,16.8,5.6,17.69173083,0.773658476,26.55773747,0,22.44575167,92.74456423,0.7,3.103948293
1,29,6.5,-9.577464789,45.4,13.2,56.77197207,2.578861587,26.48846296,0,22.91887537,92.54468371,0.404,3.103948293
1,29,7,77.81690141,182.4,55.2,194.6090392,9.026015556,26.40929209,0,23.55306247,92.8445045,0.861,3.103948293
1,29,7.5,122.1830986,254.8,73.8,282.2755263,11.8627633,26.30043214,0,24.40871172,90.9456395,0.859,3.103948293
1,29,8,186.9014085,282.2,80.2,310.2654288,12.63642178,26.32022486,0,24.52950926,89.64641608,1.044,3.103948293
1,29,8.5,209.6478873,315.2,90.2,379.9761294,14.44162489,26.45877388,0.1,25.11336404,88.54707318,0.917,3.103948293
1,29,9,478.7323944,639.2,160.4,690.5056138,24.24129892,26.57753018,0,25.95894683,84.84928344,0.998,3.103948293
1,29,9.5,560.9859155,711.4,174.2,780.5486021,25.27284356,26.50825567,0,26.71393147,80.05215081,1.52,3.068916779
1,29,10,621.8309859,730.6,185.4,750.9743655,27.07804667,26.39939573,0,27.79104288,74.53544828,1.513,3.068916779
1,29,10.5,689.4366197,855.6,198.6,933.7008988,28.62536362,26.43898116,0,28.85808782,69.55842318,1.947,3.033137246
1,29,11,730.9859155,891.6,228.6,970.9327503,32.75154216,26.75566464,0.1,29.91506631,64.00174454,2.141,3.033137246
1,29,11.5,790.8450704,964.4,239.4,1054.902458,34.29885911,27.19110442,0,30.87138018,58.80485086,1.997,2.996582688
1,29,12,696.4788732,851.4,217.6,919.4418919,31.46211137,27.46820247,0,31.38476973,56.48623675,1.735,2.959224716
1,29,12.5,484.7887324,604.8,163.4,661.4594886,23.98341276,27.62654421,0,31.60623189,57.62555575,2.201,2.921033461
1,29,13,685.915493,835.8,215.2,911.5202214,31.71999752,27.89374589,0.1,31.89815928,57.43566925,1.876,2.921033461
1,29,13.5,410.8450704,514,134.6,559.0058832,19.59934806,28.19063665,0,31.91829221,55.83662504,2.765,2.881977479
1,29,14,177.6760563,320.8,89.4,362.2843985,13.1521941,28.52711285,0,29.83453462,60.81365015,2.618,2.881977479
1,29,14.5,474.0140845,604.6,161.8,676.7747183,24.75707124,28.42814926,0,30.82104787,60.4538652,2.496,2.881977479
1,29,15,676.056338,874.2,231.8,955.3534649,34.55674527,28.25991117,0,30.86131372,57.46565133,5.401,2.842023636
1,29,15.5,477.3943662,629.2,170.6,684.1682774,25.0149574,28.2994966,0,29.37147737,60.16403844,6.116,2.801136995
1,29,16,134.7887324,289.2,79,330.0696051,12.12064946,28.49742377,0,27.2575204,67.52963583,3.146,2.801136995
1,29,16.5,106.7605634,165.6,45.8,196.1933733,7.994470921,28.66566187,0,26.31127299,72.23682223,2.817,2.801136995
1,29,17,37.6056338,83.8,23.2,100.3411599,3.868292381,28.53700921,0.1,25.86834868,73.1762607,2.53,2.801136995
1,29,17.5,4.154929577,38,10.8,44.62541061,1.805203111,28.23022209,0,25.98914622,74.15567528,2.223,2.759280685
1,29,18,-9.507042254,17.6,5.6,19.54012062,0.773658476,27.9630204,0,25.95894683,73.52605162,2.134,2.759280685
1,29,18.5,-23.94366197,5.2,1.6,5.809225049,0,27.82447138,0,25.70728529,74.58541841,1.677,2.801136995
1,29,19,-25.49295775,0,0,0,0,27.75519687,0,25.27442743,77.8834471,2.811,2.801136995
1,29,19.5,-27.3943662,0,0,0,0,27.66612964,0,24.95230065,79.60241963,1.902,2.801136995
1,29,20,-28.66197183,0,0,0,0,27.58695877,0,24.6503068,79.95221055,1.299,2.801136995
1,29,20.5,-25.98591549,0,0,0,0,27.5077879,0,24.68050619,82.55065739,1.185,2.801136995
1,29,21,-28.94366197,0,0,0,0,27.43851339,0,24.50937634,84.1497016,1.711,2.801136995
1,29,21.5,-27.25352113,0,0,0,0,27.35934252,0.1,24.5194428,85.04916397,1.31,2.801136995
1,29,22,-28.23943662,0,0,0,0,27.29996437,0,24.45904403,85.64880555,0.74,2.801136995
1,29,22.5,-24.85915493,0,0,0,0,27.23068986,0,24.29798064,86.74814844,1.001,2.801136995
1,29,23,-20.21126761,0,0,0,0,27.17131171,0,24.28791418,87.84749134,0.498,2.801136995
1,29,23.5,-25.28169014,0,0,0,0,27.12182991,0,24.26778125,88.34719265,1.677,2.801136995
1,30,0,-22.74647887,0,0,0,0,27.08224448,0,24.02618617,89.0467745,1.219,2.801136995
1,30,0.5,-20.56338028,0.2,0,0,0,27.0525554,0,24.06645202,89.8462966,3.308,2.801136995
1,30,1,-41.12676056,1.4,0,0,0,26.65670105,0,22.69741322,89.94623686,6.08,2.801136995
1,30,1.5,-31.1971831,1.4,0,0,0,26.37960301,0,23.0698723,90.54587844,3.984,2.801136995
1,30,2,-30.07042254,1.4,0,0,0,26.30043214,0.1,23.17053692,90.74575897,2.676,2.842023636
1,30,2.5,-24.92957746,1.4,0,0,0,26.3103285,0,22.95914122,91.34540055,2.404,2.842023636
1,30,3,-20.70422535,1.4,0,0,0,26.33012122,0,22.87860953,91.84510187,1.938,2.842023636
1,30,3.5,-19.15492958,1.4,0,0,0,26.34991393,0,22.90880891,92.04498239,0.969,2.881977479
1,30,4,-20,1.4,0,0,0,26.38949937,0.1,23.13027107,92.04498239,1.361,2.921033461
1,30,4.5,-26.97183099,1.4,0,0,0,26.38949937,0,23.19066984,92.04498239,1.327,2.921033461
1,30,5,-38.09859155,1.4,0,0,0,26.39939573,0,23.09000522,91.84510187,1.444,2.959224716
1,30,5.5,-38.66197183,1.6,0,0.528111368,0,26.39939573,0,22.78801137,92.24486292,0.897,2.959224716
1,30,6,-31.33802817,16,4.6,16.89956378,0.515772317,26.35981029,0,22.73767906,92.44474344,0.935,2.996582688
1,30,6.5,-1.056338028,70.2,21.6,73.14342449,3.352520064,26.33012122,0.1,23.60339478,92.54468371,0.761,2.996582688
1,30,7,59.50704225,174.4,52.6,184.8389788,8.768129397,26.21136491,0,24.06645202,91.7451616,1.336,2.996582688
1,30,7.5,232.6760563,378.4,107.2,393.7070249,15.98894184,26.11240133,0,24.67043972,90.74575897,1.175,3.033137246
1,30,8,277.9577465,421.2,119,380.5042407,17.53625879,26.13219404,0.1,25.72741821,88.44713292,1.297,3.033137246
1,30,8.5,227.4647887,346.6,109,471.0753404,17.27837264,26.23115763,0,26.02941206,86.94802897,1.207,3.033137246
1,30,9,394.5774648,525.6,115,581.714672,24.75707124,26.57753018,2.6,27.00585886,84.44952239,0.869,3.033137246
1,30,9.5,424.4366197,554,120.2,615.2497439,28.62536362,27.07234812,0.3,27.61991303,79.45250923,1.312,3.033137246
1,30,10,427.9577465,540.4,121.2,592.0128437,29.91479441,27.45830611,0,28.32456535,74.63538855,1.437,3.033137246
1,30,10.5,614.084507,792.8,159.4,872.1759245,40.74601308,27.92343497,0,29.46207553,67.87942675,2.031,3.033137246
1,30,11,626.7605634,807.2,169.2,883.2662632,44.3564193,28.6359728,0,30.75058264,63.22221049,1.874,3.033137246
1,30,11.5,717.6056338,899.4,174.4,979.1184765,47.70893937,29.496956,0,31.55589958,59.93417583,2.253,3.033137246
1,30,12,745.7746479,917.8,178.6,1030.873391,50.54568711,30.3381465,0,32.2102196,57.50562744,2.619,3.033137246
1,30,12.5,651.4084507,801.8,156.4,881.9459848,44.61430546,30.96161709,0,32.62294453,54.77725825,2.144,3.068916779
1,30,13,590.8450704,745,145.2,823.0615672,42.03544387,31.31788601,0,32.99540362,53.15822599,1.793,3.068916779
1,30,13.5,632.3943662,784.2,152.2,860.82153,44.87219162,31.8226003,0,33.80072056,50.28994043,2.342,3.068916779
1,30,14,340.1408451,462,93.4,511.2118043,27.07804667,31.95125297,0,32.10955498,54.67731799,3.826,3.033137246
1,30,14.5,148.3802817,217.6,44.6,246.6280089,13.1521941,32.11949106,0,29.15001522,61.11347094,3.803,3.068916779
1,30,15,-2.887323944,122.4,27,138.8932898,7.994470921,31.8720821,0,27.32798563,68.31916391,2.318,3.068916779
1,30,15.5,189.084507,299.8,64.6,333.2382733,18.05203111,31.22881878,0,27.70044472,71.41731207,1.505,3.068916779
1,30,16,140.7746479,220.6,47.8,253.7575124,13.66796641,30.71420813,0,28.84802136,67.15985686,1.775,3.068916779
1,30,16.5,149.7887324,230.8,50,265.3759625,14.44162489,30.40742101,0,28.58629336,71.00755699,4.082,3.068916779
1,30,17,64.22535211,118.6,25.6,140.2135682,8.252357079,30.25897563,0,27.95210626,65.52083654,3.147,3.068916779
1,30,17.5,37.18309859,79,17.6,88.19459848,5.157723175,30.04125573,0,28.07290381,63.20222244,2.052,3.068916779
1,30,18,12.18309859,47.2,10.4,53.60330386,3.094633905,29.76415769,0,28.01250503,65.11108146,3.02,3.068916779
1,30,18.5,-16.83098592,9.2,2.2,9.241948942,0.515772317,29.5464378,0,27.58971364,67.17984491,2.826,3.068916779
1,30,19,-21.05633803,0,0,0,0,29.35840698,0,26.30120653,69.86823799,2.501,3.103948293
1,30,19.5,-27.95774648,0,0,0,0,29.15058345,0,25.76768406,74.47548412,1.733,3.068916779
1,30,20,-26.76056338,0,0,0,0,28.94275992,0,25.23416158,78.6829692,1.496,3.068916779
1,30,20.5,-28.30985915,0,0,0,0,28.72504003,0,24.87176896,81.1514937,1.598,3.103948293
1,30,21,-27.6056338,0,0,0,0,28.52711285,0,24.53957572,82.35077686,1.702,3.068916779
1,30,21.5,-28.66197183,0,0,0,0,28.32918568,0,24.56977511,84.24964186,1.537,3.068916779
1,30,22,-30.77464789,0,0,0,0,28.17084394,0,24.36844587,85.2490445,1.665,3.103948293
1,30,22.5,-26.54929577,0,0,0,0,28.03229492,0,24.24764833,84.74934318,0.874,3.103948293
1,30,23,-26.61971831,0,0,0,0,27.91353861,0,24.39864526,85.04916397,0.933,3.103948293
1,30,23.5,-26.83098592,0,0,0,0,27.80467867,0,24.36844587,85.94862634,1.54,3.103948293
1,31,0,-28.52112676,0,0,0,0,27.70571508,0,24.24764833,86.74814844,0.631,3.103948293
1,31,0.5,-27.81690141,0,0,0,0,27.62654421,0,24.20738248,87.54767055,1.044,3.103948293
1,31,1,-32.74647887,0.2,0,0,0,27.54737334,0,24.10671786,87.9474316,1.229,3.103948293
1,31,1.5,-37.18309859,0.6,0,0,0,27.45830611,0,23.70405939,88.44713292,0.667,3.103948293
1,31,2,-40.14084507,0.6,0,0,0,27.35934252,0,23.6235277,88.84689397,0.868,3.103948293
1,31,2.5,-38.66197183,0.6,0,0,0,27.25048258,0,23.412132,90.14611739,0.134,3.103948293
1,31,3,-38.02816901,0.6,0,0,0,27.14162263,0,23.281268,90.34599792,1.083,3.103948293
1,31,3.5,-36.1971831,0.6,0,0,0,27.04265904,0,23.12020461,91.14552002,1.65,3.103948293
1,31,4,-33.66197183,0.6,0,0,0,26.94369546,0,22.92894184,91.14552002,1.317,3.103948293
1,31,4.5,-24.85915493,0.8,0,0,0,26.87442095,0,23.05980584,91.7451616,0.922,3.103948293
1,31,5,-21.90140845,1,0,0,0,26.83483551,0,23.2007363,91.94504213,0.837,3.103948293
1,31,5.5,-20.77464789,1.2,0,0,0,26.79525008,0,23.281268,91.94504213,0.8,3.103948293
1,31,6,-14.22535211,9.4,2,8.713837574,0.257886159,26.78535372,0,23.33160031,92.44474344,0.4,3.103948293
1,31,6.5,13.73239437,49.6,10.4,54.92358229,2.836747746,26.79525008,0,23.60339478,93.04438502,0.057,3.103948293
1,31,7,53.87323944,107.8,23.2,123.3140045,6.447153968,26.80514644,0,23.92552155,92.64462397,1.379,3.103948293
1,31,7.5,66.54929577,146.4,31.8,171.1080833,9.283901714,26.86452459,0,24.0966514,92.34480318,1.927,3.103948293
1,31,8,174.3661972,246,53.6,273.0335773,15.21528337,26.94369546,0,24.35837941,91.7451616,2.814,3.103948293
1,31,8.5,215.2112676,294.2,65.6,350.6659484,18.56780343,27.1020372,0,24.91203481,89.44653555,3.265,3.103948293
1,31,9,203.943662,285.4,60.2,320.8276561,16.76260032,27.30986073,0,25.18382927,87.64761081,2.275,3.103948293
1,31,9.5,254.1549296,354,73.6,395.5554147,21.14666502,27.54737334,0,25.71735175,85.64880555,2.074,3.103948293
1,31,10,340.8450704,461,94,511.7399157,27.59381898,27.88384953,0,26.53273515,83.45011976,1.297,3.068916779
1,31,10.5,613.3802817,802.8,149.4,881.4178734,45.13007778,28.2994966,0,27.32798563,78.18326789,1.862,3.068916779
1,31,11,576.7605634,732.8,145.6,834.4159616,45.13007778,28.79431454,0,28.10310319,74.07572307,1.562,3.068916779
1,31,11.5,716.1971831,913.6,166.4,992.057205,52.09300406,29.70477954,0,29.51240784,70.10809462,1.872,3.068916779
1,31,12,779.5774648,973,182,1080.515859,57.76649956,30.49648823,0,30.33785771,66.17044825,2.079,3.068916779
1,31,12.5,753.5211268,954.2,177.2,1040.907507,56.47706876,31.29809329,0,31.13310819,61.31335146,2.069,3.068916779
1,31,13,367.7464789,504.8,99.6,560.5902173,31.20422521,31.74342943,0,31.22370634,59.9241818,2.025,3.033137246
1,31,13.5,391.4788732,532.8,105.6,586.4676743,32.75154216,31.91166753,0,31.53576666,59.61436699,1.533,3.033137246
1,31,14,542.3943662,715.4,138.8,782.1329362,43.84064698,31.91166753,0,32.03908975,58.01532278,1.27,3.033137246
1,31,14.5,623.943662,790.4,153,866.6307551,49.25625632,32.02052748,0,32.84440669,55.80664296,1.981,3.033137246
1,31,15,444.084507,585.2,114,655.1221522,37.65137918,32.30752188,0,32.86453961,55.10706112,1.849,3.033137246
1,31,15.5,339.0140845,459.2,91.8,515.4366953,29.65690825,32.67368715,0,32.80414084,55.54679828,1.864,3.033137246
1,31,16,98.94366197,171.8,35.4,205.9634336,12.12064946,32.56482721,0,32.31088421,57.2657708,1.829,3.033137246
1,31,16.5,127.6056338,211.4,43.2,246.8920646,13.92585257,32.34710731,0,32.11962144,60.16403844,0.927,3.033137246
1,31,17,-10.14084507,41.8,8.8,47.26596745,2.836747746,32.08980199,0.5,28.23396719,63.10228217,7.765,3.033137246
1,31,17.5,-46.69014085,12.6,2.6,13.46683989,0,31.84239302,6.2,23.71412585,80.45191186,3.969,3.033137246
1,31,18,-31.69014085,9.8,1.8,8.977893258,0,30.72410449,0.1,24.12685079,82.45071713,2.314,3.033137246
1,31,18.5,-32.3943662,3.8,0.2,2.112445473,0,29.84332856,0,24.50937634,85.04916397,2.786,3.033137246
1,31,19,-34.64788732,1.4,0,0,0,29.2594434,0,24.59997449,86.0485666,1.418,3.068916779
1,31,19.5,-31.76056338,1.4,0,0,0,28.9229672,0,24.29798064,88.94683423,2.392,3.103948293
1,31,20,-27.95774648,1.4,0,0,0,28.71514367,0,24.27784771,89.44653555,1.256,3.138257493
1,31,20.5,-26.61971831,1.4,0,0,0,28.53700921,0,24.35837941,89.64641608,3.07,3.171868865
1,31,21,-21.47887324,0.6,0,0,0,28.25001481,0,23.76445816,85.74874581,4.15,3.204805749
1,31,21.5,-17.46478873,0.2,0,0,0,28.04219127,0,23.26113507,85.34898476,3.156,3.204805749
1,31,22,-18.30985915,0,0,0,0,27.94322769,0,22.81821076,86.34838739,3.232,3.237090405
1,31,22.5,-30.42253521,0.2,0,0,0,27.81457502,0,22.88867599,87.84749134,2.876,3.26874408
1,31,23,-31.61971831,0.6,0,0,0,27.65623328,0,22.82827722,88.34719265,1.737,3.26874408
1,31,23.5,-26.76056338,1.2,0,0,0,27.54737334,0,22.92894184,89.14671476,1.554,3.26874408
2,1,0,-24.92957746,0.6,0,0,0,27.46820247,0,22.55648275,89.74635634,1.322,3.299787062
2,1,0.5,-23.09859155,0.8,0,0,0,27.39892796,0,22.33502059,90.14611739,1.125,3.299787062
2,1,1,-22.18309859,1.2,0,0,0,27.31975709,0,22.48601752,90.24605765,1.291,3.299787062
2,1,1.5,-21.12676056,1.4,0,0,0,27.24058622,0,22.68734675,90.44593818,1.528,3.299787062
2,1,2,-21.1971831,0.8,0,0,0,27.15151899,0,22.90880891,90.64581871,1.276,3.330238739
2,1,2.5,-30.70422535,1.2,0,0,0,27.09214084,0,22.97927414,91.04557976,0.751,3.330238739
2,1,3,-34.15492958,1.4,0,0,0,27.0525554,0,23.03967292,91.34540055,0.219,3.330238739
2,1,3.5,-32.81690141,1.4,0,0,0,27.00307361,0,22.80814429,91.7451616,0.917,3.330238739
2,1,4,-31.83098592,1.4,0,0,0,26.9337991,0,22.75781199,92.34480318,2,3.330238739
2,1,4.5,-34.43661972,1.4,0,0,0,26.85462823,0,22.62694798,92.64462397,1.639,3.330238739
2,1,5,-40.42253521,1.4,0,0,0,26.75566464,0,22.5967486,92.74456423,0.895,3.330238739
2,1,5.5,-41.26760563,1.4,0,0.264055684,0,26.67649377,0,22.37528644,93.04438502,0.838,3.330238739
2,1,6,-26.69014085,23,4.4,22.18067746,1.031544635,26.60721926,0,22.40548582,93.04438502,1.47,3.330238739
2,1,6.5,19.15492958,110.2,23.4,112.7517771,5.931381651,26.5973229,0,23.40206554,92.74456423,0.561,3.330238739
2,1,7,31.47887324,139,29.8,156.5850206,8.510243238,26.53794475,0,23.73425878,90.24605765,0.856,3.360117648
2,1,7.5,194.8591549,289.4,59,316.3387095,15.73105568,26.52804839,0,23.95572094,89.8462966,1.153,3.330238739
2,1,8,307.4647887,441.8,92.4,352.2502825,25.53072971,26.8843173,0,25.02276589,88.54707318,1.171,3.330238739
2,1,8.5,206.971831,322.4,97,538.6735955,28.36747746,27.37913524,0,26.04954499,85.14910423,1.282,3.330238739
2,1,9,383.028169,513,97.8,574.8492242,29.14113594,27.79478231,0,26.04954499,82.65059765,1.528,3.330238739
2,1,9.5,374.084507,487,91.8,560.0621059,28.62536362,28.2994966,0,26.55286808,78.54305284,1.395,3.330238739
2,1,10,419.6478873,540.4,103.8,608.6483518,32.23576984,28.86358905,0,27.7306441,75.29499428,0.842,3.330238739
2,1,10.5,673.2394366,865.2,157.2,946.903683,48.740484,29.36830334,0,28.8379549,68.9987577,1.167,3.330238739
2,1,11,644.3661972,804.2,155.2,906.2391077,49.51414248,30.01156666,0,29.99559801,63.13226425,1.277,3.330238739
2,1,11.5,661.971831,855.2,151.2,925.5151726,48.99837016,30.98140981,0,30.58951925,57.93537057,0.954,3.330238739
2,1,12,778.8732394,965.6,175.2,1071.802022,57.5086134,31.8226003,0,31.91829221,56.24638012,1.257,3.330238739
2,1,12.5,750.7042254,943.6,169.4,1041.171562,56.47706876,32.55493085,0,32.15988729,55.21699541,1.815,3.299787062
2,1,13,742.2535211,938.4,168.4,1032.457725,56.47706876,33.27736503,0,32.60281161,55.02710891,2.438,3.299787062
2,1,13.5,529.084507,669.2,126.4,719.5517391,40.23024076,33.77218297,0,33.16653347,55.08707307,2.402,3.299787062
2,1,14,309.4366197,425.8,83.8,469.7550619,26.56227435,33.67321938,0,32.53234637,57.39569315,2.029,3.299787062
2,1,14.5,16.26760563,91.4,18,102.9817168,5.673495492,33.46539585,0.5,29.20034752,66.37032878,5.825,3.299787062
2,1,15,-40.28169014,13.8,2.4,17.16361946,0.773658476,33.22788324,4.2,24.68050619,78.32318426,2.061,3.299787062
2,1,15.5,-22.25352113,19.6,4,23.76501157,1.805203111,32.13928378,0.6,24.19731602,82.75053792,2.226,3.299787062
2,1,16,-33.02816901,26,5,31.15857072,1.805203111,31.03089161,0,24.41877818,83.25023923,2.375,3.299787062
2,1,16.5,-17.81690141,49.8,9.6,54.92358229,2.836747746,30.1699084,0.1,24.9925665,85.54886528,2.601,3.330238739
2,1,17,8.450704225,68.8,13.4,74.46370291,3.352520064,29.60581595,0,25.45562374,86.94802897,1.932,3.360117648
2,1,17.5,11.4084507,59.2,11.4,64.95769828,3.352520064,29.27923611,0,25.27442743,86.24844713,1.441,3.389441522
2,1,18,-9.647887324,34.6,7,37.49590714,1.805203111,29.11099802,0,25.36502559,87.1479095,1.567,3.418227335
2,1,18.5,-33.30985915,5.8,0.8,6.073280733,0,29.00213807,0,25.09323112,89.34659529,1.733,3.446491342
2,1,19,-33.5915493,1,0,0,0,28.90317448,0,24.69057265,89.0467745,1.268,3.446491342
2,1,19.5,-32.3943662,1.2,0,0,0,28.7547291,0,24.40871172,89.54647581,1.92,3.446491342
2,1,20,-35.63380282,1.2,0,0,0,28.59638736,0,24.47917695,89.44653555,0.681,3.474249121
2,1,20.5,-38.38028169,1.2,0,0,0,28.45783834,0,24.5194428,89.64641608,1.311,3.474249121
2,1,21,-40.63380282,1.2,0,0,0,28.28960024,0,24.34831295,89.8462966,0.95,3.474249121
2,1,21.5,-37.6056338,1.4,0,0,0,28.14115486,0,24.15705017,91.04557976,0.583,3.474249121
2,1,22,-34.64788732,1.4,0,0,0,28.0125022,0,24.19731602,91.14552002,0.863,3.474249121
2,1,22.5,-32.3943662,1.4,0,0,0,27.88384953,0,24.18724956,91.34540055,1.542,3.474249121
2,1,23,-29.64788732,1.4,0,0,0,27.77498959,0,24.00605325,91.94504213,0.972,3.501515604
2,1,23.5,-34.01408451,1.4,0,0,0,27.70571508,0,23.99598678,92.44474344,0.123,3.501515604
2,2,0,-35.49295775,1.4,0,0,0,27.62654421,0,23.95572094,93.14432529,0.766,3.501515604
2,2,0.5,-34.50704225,1.4,0,0,0,27.53747698,0,23.7543917,92.8445045,1.164,3.501515604
2,2,1,-28.23943662,1.4,0,0,0,27.44840975,0,23.7543917,93.24426555,1.956,3.501515604
2,2,1.5,-29.22535211,1.4,0,0,0,27.37913524,0,23.69399293,93.14432529,0.995,3.501515604
2,2,2,-30.91549296,1.4,0,0,0,27.31975709,0,23.69399293,93.44414608,1.248,3.501515604
2,2,2.5,-29.57746479,1.4,0,0,0,27.24058622,0,23.67386001,93.54408634,1.663,3.501515604
2,2,3,-20.21126761,1.4,0,0,0,27.16141535,0,23.70405939,93.6440266,1.989,3.501515604
2,2,3.5,-19.08450704,1.4,0,0,0,27.11193356,0,23.66379355,93.54408634,2.504,3.501515604
2,2,4,-23.5915493,1.4,0,0,0,27.0525554,0,23.71412585,93.44414608,2.021,3.501515604
2,2,4.5,-23.09859155,1.4,0,0,0,27.04265904,0,23.74432524,93.54408634,1.384,3.501515604
2,2,5,-26.90140845,1.4,0,0,0,27.03276269,0,23.80472401,93.6440266,2.255,3.501515604
2,2,5.5,-30.42253521,1.4,0,0.264055684,0,26.97338453,0,23.77452463,93.44414608,1.507,3.501515604
2,2,6,-12.11267606,8.6,1.2,9.241948942,0.257886159,26.9337991,0,23.72419232,93.54408634,2.293,3.501515604
2,2,6.5,7.676056338,39.2,7.2,43.56918787,1.805203111,26.90411002,0,24.00605325,93.44414608,2.046,3.501515604
2,2,7,35.49295775,77.6,14,86.082153,3.868292381,26.95359182,0,24.34831295,93.34420581,1.353,3.501515604
2,2,7.5,113.943662,235,44.4,250.8528999,11.60487714,27.03276269,0,24.77110434,92.8445045,1.527,3.501515604
2,2,8,374.2957746,494.4,96,418.2642036,26.56227435,27.26037894,0,25.71735175,89.94623686,2.627,3.501515604
2,2,8.5,275.2112676,379,101.2,610.4967416,30.17268057,27.66612964,0,26.2307413,85.34898476,3.088,3.501515604
2,2,9,520.4929577,640.8,114.2,689.9775025,34.81463143,28.19063665,0,27.15685578,82.2508366,2.581,3.474249121
2,2,9.5,595.7746479,721.2,125,792.6951636,39.19869613,28.74483274,0,27.97223919,77.82348294,2.876,3.474249121
2,2,10,658.4507042,793,134.6,887.7552098,42.29333003,29.2594434,0,29.08961645,72.04693573,3.55,3.474249121
2,2,10.5,716.1971831,843.4,140.8,950.8645183,45.38796394,29.81363948,0,30.0761297,67.57960596,4.438,3.474249121
2,2,11,666.9014085,792.4,145.4,944.5271819,47.70893937,30.51628095,0.1,30.58951925,65.06111133,4.645,3.474249121
2,2,11.5,743.6619718,902.2,151.8,1003.939711,49.77202864,31.30798965,0,31.28410511,63.31215673,4.307,3.446491342
2,2,12,674.6478873,787,141.6,935.285233,47.19316705,31.84239302,0,31.6565642,61.11347094,4.325,3.446491342
2,2,12.5,771.8309859,925.8,160.4,1050.677567,53.64032102,32.38669275,0,32.16995375,58.25517941,3.686,3.446491342
2,2,13,757.0422535,914.4,160.2,1034.306114,53.38243486,32.9013034,0,32.66321038,54.87719851,3.21,3.446491342
2,2,13.5,626.056338,759.6,136.4,865.838588,45.38796394,33.39612134,0,33.01553654,53.67791536,3.144,3.418227335
2,2,14,686.6197183,838,152.4,945.0552933,50.28780095,33.54456672,0,33.33766332,52.80843507,3.322,3.418227335
2,2,14.5,588.7323944,740.6,137.2,831.5113491,44.87219162,33.78207933,0,33.76045471,51.88898464,2.987,3.418227335
2,2,15,212.2535211,299.6,58,346.9691689,18.56780343,33.76228661,0,31.95855805,54.65732993,6.051,3.418227335
2,2,15.5,137.3943662,215.6,42.6,252.437234,13.66796641,33.70290846,0,28.65675859,59.83423557,4.731,3.418227335
2,2,16,95.07042254,158.8,31.8,184.0468118,10.57333251,33.10912694,0,28.90842013,63.14225828,3.939,3.389441522
2,2,16.5,59.15492958,112,22.4,130.1794522,6.962926286,32.36690003,0,28.9688189,62.74249723,2.901,3.389441522
2,2,17,43.30985915,95.4,18.8,113.0158328,6.447153968,31.84239302,0,29.07954998,66.3003706,2.127,3.389441522
2,2,17.5,10.56338028,56.2,11.2,66.80608807,3.868292381,31.44653867,0,29.01915121,68.03933117,1.661,3.389441522
2,2,18,-15.63380282,22.8,5,26.66962409,1.547316952,31.15954427,0,28.54602751,69.84824994,2.091,3.389441522
2,2,18.5,-27.88732394,2.8,0.4,3.960835261,0,30.87254987,0,27.67024533,73.10630252,2.412,3.389441522
2,2,19,-32.81690141,0,0,0,0,30.6251409,0,27.21725455,76.84406836,1.606,3.389441522
2,2,19.5,-32.25352113,0,0,0,0,30.3381465,0,26.99579239,79.07273623,0.472,3.389441522
2,2,20,-34.43661972,0,0,0,0,30.08084117,0,26.82466254,80.65179239,0.401,3.389441522
2,2,20.5,-36.76056338,0,0,0,0,29.84332856,0,26.58306746,82.05095607,1.258,3.389441522
2,2,21,-36.83098592,0,0,0,0,29.61571231,0,26.26094069,84.1497016,1.969,3.389441522
2,2,21.5,-33.45070423,0,0,0,0,29.39799242,0,26.13007668,85.44892502,1.564,3.389441522
2,2,22,-29.08450704,0,0,0,0,29.2099616,0,25.84821575,86.74814844,1.04,3.389441522
2,2,22.5,-27.25352113,0,0,0,0,29.08130894,0,25.83814929,87.54767055,0.746,3.389441522
2,2,23,-33.66197183,0,0,0,0,28.94275992,0,25.76768406,87.74755107,1.42,3.389441522
2,2,23.5,-35.84507042,0,0,0,0,28.8042109,0,25.43549082,88.84689397,1.292,3.389441522
2,3,0,-35,0,0,0,0,28.68545459,0,25.15362989,88.84689397,1.048,3.389441522
2,3,0.5,-35.70422535,0,0,0,0,28.56669829,0,24.7811708,90.34599792,1.471,3.389441522
2,3,1,-35.14084507,0,0,0,0,28.44794198,0,24.55970864,90.44593818,1.312,3.389441522
2,3,1.5,-29.92957746,0.2,0,0,0,28.33908204,0,24.4389111,90.44593818,0.736,3.360117648
2,3,2,-24.78873239,0.6,0,0,0,28.24011845,0,24.57984157,90.84569923,0.403,3.360117648
2,3,2.5,-28.66197183,0.6,0,0,0,28.15105122,0,24.73083849,91.04557976,0.304,3.360117648
2,3,3,-34.64788732,0.6,0,0,0,28.07188035,0,24.67043972,91.34540055,1.055,3.360117648
2,3,3.5,-35.49295775,0.6,0,0,0,27.98281312,0,24.4389111,91.84510187,1.098,3.360117648
2,3,4,-33.02816901,0.6,0,0,0,27.89374589,0,24.38857879,92.04498239,1.52,3.360117648
2,3,4.5,-25.98591549,0.6,0,0,0,27.81457502,0,24.33824649,92.64462397,0.265,3.360117648
2,3,5,-22.46478873,0.8,0,0,0,27.76509323,0,24.38857879,92.74456423,1.144,3.360117648
2,3,5.5,-23.16901408,1.2,0,0,0,27.71561144,0,24.34831295,93.34420581,1.375,3.360117648
2,3,6,-19.08450704,7.8,1.2,8.44978189,0.257886159,27.68592236,0,24.37851233,93.14432529,1.258,3.360117648
2,3,6.5,5.070422535,42.8,8.4,47.53002313,2.320975429,27.66612964,0,24.59997449,93.34420581,1.165,3.360117648
2,3,7,50.49295775,101.6,19.6,115.3923339,5.673495492,27.676026,0,24.95230065,93.54408634,1.265,3.360117648
2,3,7.5,67.88732394,124.8,24.4,145.2306262,6.962926286,27.73540415,0,25.31469328,93.24426555,0.445,3.360117648
2,3,8,81.61971831,153.4,30,180.6140879,9.283901714,27.88384953,0,25.57642128,92.74456423,1.276,3.360117648
2,3,8.5,146.5492958,202.2,40,235.8017259,12.37853562,28.05208763,0,25.59655421,91.84510187,1.913,3.360117648
2,3,9,206.8309859,281.8,56.2,323.7322687,17.02048648,28.25001481,0,26.07974437,91.44534081,1.616,3.360117648
2,3,9.5,331.4084507,431.4,83.2,493.2560178,25.78861587,28.53700921,0,26.66359916,89.44653555,1.765,3.360117648
2,3,10,341.4084507,448.4,84,519.1334749,27.07804667,28.98234535,0,27.3380521,87.24784976,1.193,3.330238739
2,3,10.5,649.2957746,853.2,141.8,950.6004626,45.90373625,29.496956,0,28.19370135,83.84988081,1.204,3.330238739
2,3,11,637.3239437,810.8,145.8,888.0192655,48.48259784,30.13032296,0,29.28087922,76.84406836,2.024,3.330238739
2,3,11.5,671.1267606,810.2,135.6,902.2782724,45.38796394,31.29809329,0,30.51905402,69.35854265,1.842,3.330238739
2,3,12,676.7605634,804.4,143.8,926.043284,47.96682552,31.96114932,0,31.55589958,62.43268241,1.969,3.299787062
2,3,12.5,747.1830986,927.6,159.6,1034.306114,54.15609333,32.86171797,0,32.64307745,55.58677438,1.816,3.299787062
2,3,13,700.7042254,860.4,149.6,954.2972422,50.54568711,33.51487764,0,33.13633408,51.82902049,1.82,3.299787062
2,3,13.5,237.1126761,327.2,59.6,372.5825702,20.11512038,33.99979922,0,33.21686577,51.77905036,1.598,3.299787062
2,3,14,112.8169014,168.4,32.4,193.5528164,10.57333251,33.80187205,0,32.20015313,57.17582457,3.09,3.299787062
2,3,14.5,-1.056338028,149.4,27.8,174.8048628,9.283901714,33.524774,0.3,28.68695797,69.17865018,4.018,3.299787062
2,3,15,199.5070423,306.8,57,345.1207791,16.76260032,33.02995607,0.1,28.53596105,75.6447852,1.384,3.299787062
2,3,15.5,180.9859155,238,45.4,274.0898001,14.44162489,32.2778328,0,28.88828721,74.04574099,3.515,3.299787062
2,3,16,31.33802817,76.8,14.6,93.73976784,5.415609333,31.77311851,0.1,26.47233638,78.16327984,6.781,3.26874408
2,3,16.5,-8.028169014,33.4,6.2,44.09729924,2.578861587,31.43664231,0,25.09323112,83.25023923,3.644,3.26874408
2,3,17,-17.04225352,7.2,1.4,10.82628305,0.257886159,30.90223894,0,24.61004095,84.34958213,2.618,3.26874408
2,3,17.5,-19.15492958,7.6,1.4,10.29817168,0.257886159,30.35793921,0,24.80130373,85.94862634,2.482,3.26874408
2,3,18,-29.01408451,4.8,0.8,4.753002313,0,29.89281035,0.7,25.04289881,85.84868607,1.327,3.26874408
2,3,18.5,-29.64788732,1.8,0,1.056222736,0,29.63550503,0.2,25.04289881,87.1479095,1.841,3.26874408
2,3,19,-36.47887324,0.8,0,0,0,29.38809606,0,24.5194428,88.34719265,2.374,3.26874408
2,3,19.5,-31.4084507,0.6,0,0,0,29.10110166,0.1,24.3080471,89.64641608,2.249,3.26874408
2,3,20,-31.33802817,0.6,0,0,0,28.86358905,0,24.26778125,90.24605765,2.348,3.26874408
2,3,20.5,-26.61971831,1,0,0,0,28.66566187,0,24.19731602,90.44593818,1.303,3.26874408
2,3,21,-22.46478873,1.2,0,0,0,28.55680193,0,24.32818002,90.44593818,0.633,3.26874408
2,3,21.5,-20.14084507,1.4,0,0,0,28.48752742,0,24.40871172,91.44534081,1.188,3.26874408
2,3,22,-20.35211268,1.2,0,0,0,28.38856383,0.1,24.26778125,92.64462397,1.807,3.26874408
2,3,22.5,-20.56338028,1.4,0,0,0,28.31928932,0,24.15705017,92.54468371,1.163,3.26874408
2,3,23,-17.3943662,1.4,0,0,0,28.22032573,0,24.21744894,92.34480318,1.633,3.26874408
2,3,23.5,-25.91549296,1.4,0,0,0,28.1312585,0.1,24.25771479,92.54468371,1.337,3.26874408
2,4,0,-26.12676056,1.4,0,0,0,28.06198399,0,24.18724956,92.74456423,1.433,3.26874408
2,4,0.5,-26.54929577,1.4,0,0,0,28.00260584,0,24.08658494,92.94444476,1.477,3.26874408
2,4,1,-28.02816901,1.4,0,0,0,27.98281312,0,23.98592032,92.94444476,1.058,3.26874408
2,4,1.5,-27.88732394,1.4,0,0,0,27.94322769,0,24.08658494,93.14432529,1.202,3.26874408
2,4,2,-24.29577465,1.4,0,0,0,27.90364225,0,24.08658494,93.14432529,0.829,3.26874408
2,4,2.5,-15.49295775,1.4,0,0,0,27.88384953,0,24.21744894,93.44414608,1.605,3.26874408
2,4,3,-14.22535211,1.4,0,0,0,27.80467867,0,24.33824649,93.84390713,2.209,3.26874408
2,4,3.5,-7.323943662,1.4,0,0,0,27.7255078,0,24.37851233,94.24366818,3.91,3.26874408
2,4,4,-34.78873239,1,0,0,0,27.56716606,5.2,22.19409013,92.04498239,6.58,3.26874408
2,4,4.5,-26.97183099,0.6,0,0,0,27.18120807,1.2,21.30824149,93.6440266,3.828,3.330238739
2,4,5,-21.47887324,0.6,0,0,0,26.89421366,1.6,21.19751041,93.84390713,2.918,3.360117648
2,4,5.5,-22.6056338,0.6,0,0,0,26.60721926,0.6,21.16731102,94.14372792,3.257,3.446491342
2,4,6,-29.29577465,3.8,0.6,3.432723893,0,26.4290848,0.3,21.09684579,94.14372792,3.444,3.580507661
2,4,6.5,-21.61971831,13.2,2.2,14.52306262,0.773658476,26.32022486,0.1,21.11697872,94.04378766,2.58,3.679758684
2,4,7,-9.929577465,24.4,4,27.72584683,1.031544635,26.28063942,0,21.41897257,94.14372792,2.182,3.703565429
2,4,7.5,0.845070423,41.2,6.8,47.53002313,1.805203111,26.25095035,0,21.53977011,94.24366818,2.271,3.726991262
2,4,8,18.52112676,72.8,11.4,84.4978189,3.094633905,26.26084671,0.1,21.68070058,94.34360844,2.194,3.750046232
2,4,8.5,43.16901408,116.2,18.2,133.8762318,4.899837016,26.33012122,0.1,21.93236212,94.34360844,2.041,3.750046232
2,4,9,50.42253521,130.8,20.6,150.5117399,5.415609333,26.45877388,0,22.1739572,94.04378766,1,3.750046232
2,4,9.5,61.76056338,153.6,24.2,176.1251413,6.705040127,26.62701198,0.1,22.47595106,93.94384739,0.744,3.750046232
2,4,10,73.87323944,168,27.2,190.9122596,7.478698603,26.765561,0,22.69741322,93.6440266,0.785,3.750046232
2,4,10.5,104.0140845,202.4,32.8,228.4081667,9.541787873,26.86452459,0,22.97927414,93.34420581,1.936,3.750046232
2,4,11,133.2394366,224.4,37,253.7575124,10.83121867,27.0525554,0,23.07993876,92.64462397,2.579,3.750046232
2,4,11.5,162.7464789,261,44,294.6861434,12.63642178,27.25048258,0,23.40206554,91.84510187,2.104,3.750046232
2,4,12,233.3802817,315.8,54.4,357.2673405,15.47316952,27.44840975,0,23.65372708,90.74575897,2.483,3.750046232
2,4,12.5,281.7605634,380,66.4,428.2983196,19.85723422,27.64633693,0,24.01611971,89.24665502,3.016,3.726991262
2,4,13,320.3521127,417.6,74.4,468.9628949,22.43609581,27.88384953,0,24.41877818,87.64761081,2.881,3.726991262
2,4,13.5,389.0140845,496.2,88.2,554.2528808,27.33593283,28.16094758,0,25.05296527,86.24844713,2.274,3.726991262
2,4,14,424.7887324,537.6,95.2,600.7266812,29.91479441,28.51721649,0,25.50595605,83.55006002,2.642,3.726991262
2,4,14.5,403.6619718,507.2,90,572.7367787,28.88324978,28.82400361,0,25.95894683,80.3519716,2.88,3.726991262
2,4,15,308.4507042,393.2,70.4,449.4227743,22.69398197,29.06151622,0,26.37167176,77.56363826,2.948,3.703565429
2,4,15.5,298.3802817,381.8,68.8,439.652714,22.43609581,29.22975432,0,26.63339977,76.13449249,2.591,3.703565429
2,4,16,261.6901408,342.2,62.4,395.0273034,20.37300654,29.35840698,0,27.05619117,74.79529297,2.258,3.703565429
2,4,16.5,119.6478873,190.6,35.4,229.7284451,12.37853562,29.41778514,0,27.41858379,74.3155797,1.07,3.703565429
2,4,17,103.028169,166.8,30.8,194.3449835,10.57333251,29.39799242,0,27.31791917,73.67596202,0.793,3.679758684
2,4,17.5,34.92957746,77,14.2,87.66648711,4.641950857,29.35840698,0,27.11658994,74.33556776,1.143,3.679758684
2,4,18,-3.591549296,28,5.4,31.95073777,1.805203111,29.2594434,0,27.03605824,76.47428939,0.951,3.679758684
2,4,18.5,-21.4084507,7,1.4,7.393559154,0.257886159,29.14068709,0,27.0461247,80.05215081,1.301,3.679758684
2,4,19,-26.69014085,0,0,0,0,28.96255263,0,26.56293454,82.35077686,1.06,3.679758684
2,4,19.5,-24.29577465,0,0,0,0,28.77452182,0,26.10994376,84.44952239,1.91,3.679758684
2,4,20,-26.47887324,0,0,0,0,28.54690557,0,25.84821575,84.94922371,2.08,3.679758684
2,4,20.5,-24.57746479,0,0,0,0,28.2994966,0,25.68715236,85.54886528,1.171,3.679758684
2,4,21,-26.69014085,0,0,0,0,28.15105122,0,25.53615544,86.44832765,0.317,3.65556059
2,4,21.5,-27.11267606,0,0,0,0,28.04219127,0,25.58648775,86.94802897,0.251,3.65556059
2,4,22,-24.43661972,0,0,0,0,27.94322769,0,25.45562374,87.84749134,1.77,3.65556059
2,4,22.5,-23.8028169,0,0,0,0,27.8442641,0,25.28449389,89.0467745,0.58,3.65556059
2,4,23,-25.07042254,0,0,0,0,27.74530051,0,24.98250004,89.24665502,1.383,3.65556059
2,4,23.5,-24.08450704,0,0,0,0,27.65623328,0,24.90196834,89.74635634,0.387,3.65556059
2,5,0,-22.25352113,0,0,0,0,27.58695877,0,24.91203481,90.74575897,1.197,3.65556059
2,5,0.5,-24.22535211,0,0,0,0,27.51768426,0,24.87176896,90.9456395,1.12,3.65556059
2,5,1,-24.78873239,0,0,0,0,27.45830611,0,24.73083849,91.64522134,2.218,3.65556059
2,5,1.5,-21.83098592,0,0,0,0,27.34944616,0,24.5194428,91.44534081,2.571,3.65556059
2,5,2,-27.88732394,0,0,0,0,27.26037894,0,24.50937634,91.44534081,2.008,3.65556059
2,5,2.5,-26.1971831,0,0,0,0,27.2207935,0,24.37851233,91.7451616,0.722,3.65556059
2,5,3,-27.53521127,0,0,0,0,27.19110442,0,24.22751541,91.64522134,0.483,3.630960307
2,5,3.5,-25.70422535,0,0,0,0,27.15151899,0,24.14698371,92.44474344,0.229,3.630960307
2,5,4,-28.16901408,0,0,0,0,27.09214084,0,23.98592032,92.64462397,0.412,3.630960307
2,5,4.5,-31.1971831,0,0,0,0,27.02286633,0,23.93558801,92.94444476,2.237,3.630960307
2,5,5,-32.74647887,0,0,0,0,26.9337991,0,23.82485693,92.94444476,1.64,3.630960307
2,5,5.5,-34.85915493,0.2,0,0.264055684,0,26.84473187,0,23.78459109,92.8445045,1.446,3.630960307
2,5,6,-24.71830986,11.6,2.2,12.41061715,0.515772317,26.77545736,0,23.50273016,92.94444476,1.085,3.630960307
2,5,6.5,12.11267606,52.2,9.4,57.56413913,2.578861587,26.75566464,0,23.71412585,93.54408634,0.793,3.630960307
2,5,7,52.53521127,117,21,129.6513409,6.447153968,26.79525008,0,24.46911049,93.6440266,0.823,3.630960307
2,5,7.5,54.50704225,135.2,24,158.1693548,7.736584762,26.89421366,0,24.81137019,93.14432529,0.572,3.630960307
2,5,8,122.6760563,180.2,32.4,208.3399347,10.31544635,27.12182991,0,25.3348262,92.44474344,0.5,3.630960307
2,5,8.5,182.3943662,251.2,45.4,287.8206956,13.92585257,27.43851339,0,25.70728529,91.7451616,0.925,3.630960307
2,5,9,207.2535211,284.6,51.6,323.468213,15.98894184,27.78488595,0,26.32133946,90.74575897,0.856,3.630960307
2,5,9.5,400.4929577,527,90,584.8833402,28.62536362,28.12136214,0,26.71393147,87.9474316,1.105,3.605946568
2,5,10,468.3802817,615.8,103.2,676.2466069,33.26731448,28.60628372,0,27.54944779,82.15089634,1.266,3.605946568
2,5,10.5,406.1267606,547,91.6,606.0077949,29.91479441,29.19016888,0,28.27423304,76.7841042,1.207,3.605946568
2,5,11,536.2676056,717.6,116.6,749.9181427,38.42503765,29.6651941,0,29.40167676,70.91761075,1.541,3.605946568
2,5,11.5,451.9014085,597,98.8,667.0046579,33.00942832,30.26887198,0,30.08619616,64.36152949,1.692,3.605946568
2,5,12,607.7464789,772.6,125.4,852.8998595,42.03544387,30.85275715,0,30.84118079,59.10467165,1.48,3.580507661
2,5,12.5,457.5352113,588.8,95.6,663.0438227,32.75154216,31.38716052,0,31.49550081,56.60616507,1.415,3.580507661
2,5,13,352.6760563,469.4,77,534.9768159,26.56227435,31.68405128,0,31.59616543,57.66553186,1.726,3.580507661
2,5,13.5,623.943662,793.4,127.8,876.9289268,44.09853314,32.08980199,0,32.27061837,55.34691775,2.097,3.580507661
2,5,14,577.4647887,737.4,120,825.1740127,42.03544387,32.40648547,0,32.64307745,56.90598586,3.083,3.554631403
2,5,14.5,442.1126761,576.6,94.6,654.0659294,33.52520064,32.65389443,0,32.37128299,57.2657708,2.387,3.554631403
2,5,15,588.028169,751.8,123,832.0394605,43.32487467,32.92109612,0,32.95513777,55.92657128,2.001,3.554631403
2,5,15.5,474.5774648,622.8,104.2,695.7867275,37.13560686,33.19819416,0,33.18666639,53.53799899,2.061,3.554631403
2,5,16,410.4929577,557.6,96.6,622.1151917,34.04097295,33.30705411,0,33.63965717,51.35930125,1.853,3.528305116
2,5,16.5,335.4929577,479.4,87.4,538.4095398,30.17268057,33.26746867,0,33.76045471,51.74906828,1.872,3.528305116
2,5,17,117.8169014,179,33.6,204.6431551,11.34699098,33.0695415,0,32.84440669,53.17821404,3.348,3.528305116
2,5,17.5,-92.46478873,19.2,3.4,23.50095588,1.031544635,32.97057791,5.5,27.10652347,67.61958207,9.59,3.528305116
2,5,18,-63.66197183,10.6,1.8,11.09033873,0,32.09969835,0.9,24.69057265,74.77530491,4.909,3.554631403
2,5,18.5,-29.57746479,2.4,0.2,1.584334104,0,30.96161709,0.1,25.00263296,80.25203134,2.332,3.630960307
2,5,19,-35.84507042,0.4,0,0,0,30.08084117,0,25.13349697,82.35077686,1.635,3.703565429
2,5,19.5,-40.21126761,0.6,0,0,0,29.5464378,0.1,24.49930987,83.35017949,1.681,3.726991262
2,5,20,-30.70422535,0.6,0,0,0,29.20006524,0,24.24764833,84.74934318,1.091,3.750046232
2,5,20.5,-26.97183099,0.6,0,0,0,28.99224171,0,24.31811356,86.34838739,0.756,3.750046232
2,5,21,-25,0.6,0,0,0,28.83389997,0,24.49930987,87.84749134,0.692,3.750046232
2,5,21.5,-27.53521127,0.6,0,0,0,28.66566187,0,24.39864526,88.94683423,1.271,3.772740025
2,5,22,-23.38028169,0.6,0,0,0,28.53700921,0,24.56977511,88.54707318,1.262,3.772740025
2,5,22.5,-25.49295775,0.6,0,0,0,28.41825291,0,24.71070557,88.74695371,1.082,3.772740025
2,5,23,-17.53521127,0.6,0,0,0,28.34897839,0,24.79123727,89.8462966,1.091,3.772740025
2,5,23.5,-27.3943662,0.6,0,0,0,28.26980752,0,24.48924341,90.54587844,2.176,3.750046232
2,6,0,-32.88732394,0.6,0,0,0,28.17084394,0,24.19731602,90.9456395,1.095,3.750046232
2,6,0.5,-33.94366197,0.6,0,0,0,28.07188035,0,24.07651848,91.44534081,1.213,3.750046232
2,6,1,-32.81690141,0.6,0,0,0,27.9630204,0,24.05638556,91.54528108,0.681,3.750046232
2,6,1.5,-32.11267606,0.6,0,0,0,27.85416046,0,24.00605325,91.64522134,0.729,3.750046232
2,6,2,-32.11267606,0.6,0,0,0,27.74530051,0,23.92552155,92.04498239,0.646,3.750046232
2,6,2.5,-30.98591549,0.6,0,0,0,27.64633693,0,23.94565448,92.44474344,1.1,3.750046232
2,6,3,-19.15492958,0.6,0,0,0,27.5572697,0,23.79465755,92.54468371,1.191,3.750046232
2,6,3.5,-22.3943662,0.6,0,0,0,27.5077879,0,24.0966514,92.54468371,0.893,3.750046232
2,6,4,-31.33802817,0.6,0,0,0,27.45830611,0,24.11678433,92.74456423,0.655,3.750046232
2,6,4.5,-31.97183099,0.2,0,0,0,27.39892796,0,24.03625263,92.94444476,1.1,3.750046232
2,6,5,-30.98591549,0.4,0,0,0,27.33954981,0,23.9657874,93.24426555,1.321,3.750046232
2,6,5.5,-32.88732394,0.8,0,0.264055684,0,27.28017165,0,24.00605325,93.54408634,0.626,3.726991262
2,6,6,-23.87323944,14,2.2,12.67467284,0.515772317,27.19110442,0,23.99598678,93.54408634,1.101,3.726991262
2,6,6.5,9.295774648,66.8,11.2,66.2779767,2.836747746,27.15151899,0,24.32818002,93.84390713,1.314,3.726991262
2,6,7,37.18309859,101.2,16.6,112.2236657,4.641950857,27.15151899,0,24.80130373,93.44414608,0.272,3.726991262
2,6,7.5,120.0704225,248,41.6,262.9994613,11.60487714,27.2207935,0,25.4656902,92.94444476,0.593,3.726991262
2,6,8,281.8309859,415.4,69,297.0626446,19.85723422,27.47809883,0,26.08981083,91.84510187,1.157,3.726991262
2,6,8.5,218.028169,352.2,84,566.1353866,25.53072971,28.04219127,0,26.63339977,88.64701344,1.039,3.726991262
2,6,9,487.3943662,633.6,98.8,686.5447786,30.68845289,28.69535095,0,27.65011241,84.74934318,1.087,3.726991262
2,6,9.5,559.1549296,733.2,110.2,794.807609,34.55674527,29.22975432,0,28.4956952,81.25143397,1.472,3.703565429
2,6,10,630.2816901,805.6,118.6,873.2321472,37.90926533,29.80374313,0,29.45200907,77.05394291,1.966,3.703565429
2,6,10.5,697.1830986,877.6,128,950.3364069,41.2617854,30.59545182,0,30.4183894,73.58601578,1.984,3.703565429
2,6,11,667.6056338,853.6,136.2,953.7691308,44.61430546,31.5356059,0,31.09284234,68.78888315,2.461,3.703565429
2,6,11.5,756.3380282,927.8,139.2,1000.506987,46.41950857,32.45596726,0,31.75722882,65.52083654,2.359,3.679758684
2,6,12,766.1971831,930.4,146.4,1052.261901,49.25625632,33.20809052,0,32.38134945,62.86242554,2.322,3.679758684
2,6,12.5,793.6619718,984.2,149.8,1073.650411,50.80357327,34.16803732,0,32.87460607,60.52382338,2.291,3.679758684
2,6,13,782.3943662,964.8,147.4,1054.638402,50.54568711,34.84098971,0,33.42826147,58.20520928,2.026,3.65556059
2,6,13.5,535.7042254,671.2,103.8,747.0135302,36.36194838,35.47435667,0,33.85105287,55.84661907,2.444,3.65556059
2,6,14,619.7183099,788.4,124.6,870.5915904,42.80910235,35.23684406,0,33.82085348,54.97713878,2.795,3.65556059
2,6,14.5,602.8169014,767.2,123.6,840.2251867,42.29333003,35.0587096,0,34.42484119,50.10005393,2.367,3.630960307
2,6,15,292.1126761,401,68,450.7430527,22.95186813,34.88057514,0,34.24364488,51.85900257,2.683,3.630960307
2,6,15.5,190.8450704,274.4,47.2,311.8497629,15.73105568,34.59358074,0,33.4987267,55.65673257,4.341,3.630960307
2,6,16,7.957746479,96.8,16.6,109.5831089,5.673495492,34.39565357,0.2,28.09303673,68.82885925,5.949,3.605946568
2,6,16.5,-28.73239437,32.6,6,33.53507188,1.805203111,33.95031743,0.4,26.48240284,77.01396681,1.698,3.605946568
2,6,17,-16.76056338,26.8,5.4,28.25395819,1.805203111,33.05964514,0,26.573001,82.35077686,1.16,3.605946568
2,6,17.5,-11.12676056,29.2,5.4,30.89451504,1.805203111,32.11949106,0,26.77433024,83.84988081,1.876,3.605946568
2,6,18,-16.90140845,22.4,4,24.02906725,1.289430794,31.45643503,0,27.00585886,84.44952239,1.081,3.605946568
2,6,18.5,-31.47887324,3.8,0.4,3.960835261,0,31.05068432,0,27.08639055,85.14910423,1.605,3.605946568
2,6,19,-35.14084507,0.6,0,0,0,30.69441541,0.1,26.60320039,85.74874581,1.458,3.605946568
2,6,19.5,-35.42253521,0.6,0,0,0,30.44700644,0,26.45220346,86.34838739,0.898,3.605946568
2,6,20,-29.08450704,0.6,0,0,0,30.25897563,0,26.54280161,87.1479095,1.156,3.580507661
2,6,20.5,-32.18309859,0.4,0,0,0,30.05115209,0,26.25087422,87.54767055,2.219,3.580507661
2,6,21,-32.95774648,0.4,0,0,0,29.82353584,0,25.94888037,87.9474316,1.777,3.580507661
2,6,21.5,-30.42253521,0.2,0,0,0,29.62560867,0,25.78781698,88.14731213,2.668,3.580507661
2,6,22,-31.69014085,0.6,0,0,0,29.43757785,0,25.8079499,88.64701344,1.594,3.580507661
2,6,22.5,-27.32394366,0.6,0,0,0,29.30892519,0,25.85828221,89.54647581,0.267,3.580507661
2,6,23,-26.69014085,0.6,0,0,0,29.2099616,0,25.76768406,89.94623686,2.282,3.580507661
2,6,23.5,-22.11267606,0.4,0,0,0,29.06151622,0,25.81801637,90.14611739,2.603,3.580507661
2,7,0,-17.18309859,0,0,0,0,28.91307084,0,25.85828221,89.24665502,3.412,3.580507661
2,7,0.5,-22.18309859,0,0,0,0,28.76462546,0,24.59997449,87.24784976,3.669,3.580507661
2,7,1,-19.78873239,0,0,0,0,28.65576551,0,24.33824649,87.64761081,2.324,3.580507661
2,7,1.5,-27.88732394,0,0,0,0,28.55680193,0,24.12685079,88.04737186,2.403,3.580507661
2,7,2,-27.11267606,0,0,0,0,28.44794198,0,24.03625263,88.64701344,2.277,3.580507661
2,7,2.5,-24.57746479,0,0,0,0,28.31928932,0,23.91545509,89.0467745,1.446,3.580507661
2,7,3,-16.83098592,0,0,0,0,28.21042937,0,24.01611971,89.64641608,1.853,3.554631403
2,7,3.5,-20,0,0,0,0,28.09167307,0,23.93558801,89.8462966,1.094,3.554631403
2,7,4,-23.73239437,0,0,0,0,28.0125022,0,24.03625263,89.94623686,2.82,3.554631403
2,7,4.5,-24.22535211,0,0,0,0,27.90364225,0,24.01611971,89.94623686,1.993,3.554631403
2,7,5,-25.77464789,0,0,0,0,27.86405682,0,24.01611971,90.04617713,1.819,3.554631403
2,7,5.5,-26.4084507,0,0,0,0,27.80467867,0,24.01611971,90.74575897,0.372,3.554631403
2,7,6,-22.25352113,5.2,0.8,6.601392102,0.257886159,27.77498959,0,23.95572094,91.14552002,0.526,3.554631403
2,7,6.5,-3.309859155,20.2,3.6,23.2369002,1.031544635,27.73540415,0,24.08658494,91.64522134,1.863,3.554631403
2,7,7,59.85915493,133.6,24,145.2306262,6.962926286,27.676026,0,24.31811356,91.24546029,1.74,3.554631403
2,7,7.5,183.3802817,311.8,54.2,336.1428858,15.73105568,27.60675149,0,24.90196834,89.34659529,2.018,3.554631403
2,7,8,254.7887324,366.2,62.6,360.7000644,18.56780343,27.86405682,0,25.5462219,87.64761081,1.28,3.554631403
2,7,8.5,206.6197183,279,48.8,320.2995448,15.21528337,28.34897839,0,25.74755113,85.44892502,1.722,3.554631403
2,7,9,274.5070423,356.8,60.8,396.6116375,18.82568959,28.74483274,0,26.34147238,83.25023923,0.737,3.554631403
2,7,9.5,174.3661972,290.4,50,325.5806584,15.47316952,29.14068709,0,27.01592532,79.53246144,0.708,3.528305116
2,7,10,542.3239437,677,105.8,748.86192,33.78308679,29.18027253,0,27.69037826,77.03395486,1.232,3.528305116
2,7,10.5,782.3943662,1003.4,150.8,1082.100193,48.740484,29.67509046,0,28.7070909,72.7964877,1.177,3.528305116
2,7,11,632.3943662,846.2,131.4,881.9459848,43.84064698,30.73400084,0,29.66340477,69.39851875,2.079,3.528305116
2,7,11.5,638.7323944,785.2,122.8,842.0735765,41.2617854,31.6543622,0,29.74393646,68.16925352,2.504,3.528305116
2,7,12,696.4788732,854,135,970.9327503,46.16162241,32.38669275,0,30.25732601,66.04052591,2.328,3.501515604
2,7,12.5,738.7323944,899.2,138.2,990.7369266,47.19316705,33.03985242,0,31.04251003,64.91120094,2.113,3.501515604
2,7,13,741.5492958,907.2,140,996.8102073,48.22471168,33.58415215,0,31.43510204,62.63256294,2.354,3.501515604
2,7,13.5,611.2676056,755.4,119,838.3767969,41.2617854,34.0294883,0,31.89815928,60.96356054,2.378,3.501515604
2,7,14,726.056338,894.6,141,983.6074231,48.99837016,34.27689726,0,32.18002021,58.96475528,2.216,3.474249121
2,7,14.5,454.8591549,577.2,93.2,656.4424306,33.00942832,34.4847208,0,32.20015313,57.68551991,2.234,3.474249121
2,7,15,570.4225352,703.4,114.4,788.2062169,40.48812692,34.57378802,0,32.36121652,59.04470749,2.942,3.474249121
2,7,15.5,395.2112676,508.4,84.8,577.7538367,29.91479441,34.66285525,0,32.35115006,56.76606949,2.573,3.474249121
2,7,16,317.8169014,434,74.6,494.8403519,26.04650203,34.4847208,0,32.37128299,56.07648167,2.321,3.446491342
2,7,16.5,311.9014085,435.2,78.4,492.9919621,26.82016051,34.29668998,0,32.62294453,56.0864757,2.932,3.446491342
2,7,17,258.1690141,367.8,70.6,402.6849182,22.95186813,34.0294883,0,32.71354269,56.2763622,3.553,3.446491342
2,7,17.5,-68.52112676,62,10.8,64.16553123,2.836747746,33.47529221,6.5,26.85486193,68.88882341,5.108,3.580507661
2,7,18,13.94366197,48.8,8.4,49.90652429,2.320975429,32.50544905,0.3,25.14356343,78.59302297,2.948,3.726991262
2,7,18.5,-15.35211268,6.4,1.2,6.073280733,0,31.50591682,0.2,25.52608898,81.1514937,2.198,3.795081971
2,7,19,-14.15492958,0,0,0,0,30.81317171,0.1,25.02276589,83.25023923,3.079,3.817081071
2,7,19.5,-20.63380282,0,0,0,0,30.35793921,0,24.64024034,83.65000028,2.705,3.817081071
2,7,20,-18.8028169,0,0,0,0,29.99177394,0.1,24.48924341,84.24964186,3.206,3.817081071
2,7,20.5,-19.29577465,0,0,0,0,29.65529774,0.1,24.76103788,85.04916397,2.906,3.817081071
2,7,21,-20.28169014,0,0,0,0,29.38809606,0.1,25.00263296,85.94862634,3.308,3.817081071
2,7,21.5,-17.74647887,0,0,0,0,29.17037617,0,25.28449389,87.24784976,1.563,3.817081071
2,7,22,-21.26760563,0,0,0,0,29.08130894,0.1,25.36502559,87.9474316,1.621,3.795081971
2,7,22.5,-27.32394366,0,0,0,0,28.99224171,0.1,25.25429451,89.0467745,1.299,3.795081971
2,7,23,-27.25352113,0,0,0,0,28.93286356,0,25.16369635,89.94623686,1.674,3.795081971
2,7,23.5,-32.74647887,0,0,0,0,28.83389997,0.1,24.95230065,90.04617713,1.078,3.795081971
2,8,0,-34.29577465,0,0,0,0,28.74483274,0.1,24.81137019,90.14611739,0.458,3.795081971
2,8,0.5,-33.02816901,0,0,0,0,28.64586916,0,24.71070557,90.44593818,0.991,3.795081971
2,8,1,-33.52112676,0,0,0,0,28.54690557,0.1,24.6503068,91.04557976,1.247,3.795081971
2,8,1.5,-34.92957746,0,0,0,0,28.42814926,0.1,24.40871172,91.54528108,1.366,3.795081971
2,8,2,-34.85915493,0,0,0,0,28.31928932,0,24.18724956,92.24486292,1.22,3.795081971
2,8,2.5,-33.45070423,0,0,0,0,28.21042937,0,24.02618617,92.34480318,0.831,3.795081971
2,8,3,-28.45070423,0,0,0,0,28.11146579,0.1,24.05638556,92.24486292,0.996,3.772740025
2,8,3.5,-28.16901408,0.2,0,0,0,28.02239856,0,24.04631909,92.24486292,0.703,3.772740025
2,8,4,-27.46478873,0.2,0,0,0,27.94322769,0,24.13691725,92.74456423,1.196,3.772740025
2,8,4.5,-28.87323944,0.4,0,0,0,27.87395318,0.1,24.10671786,92.8445045,1.278,3.772740025
2,8,5,-30.84507042,0.2,0,0,0,27.81457502,0,24.21744894,92.94444476,1.817,3.772740025
2,8,5.5,-29.64788732,0.6,0,0,0,27.73540415,0,24.15705017,92.8445045,1.473,3.772740025
2,8,6,-15.14084507,18.6,3.2,17.16361946,0.773658476,27.69581872,0,24.05638556,93.24426555,0.891,3.772740025
2,8,6.5,31.47887324,77.2,12.6,79.21670522,3.352520064,27.70571508,0,24.49930987,93.54408634,0.886,3.772740025
2,8,7,63.30985915,112.8,17.8,124.1061715,5.157723175,27.78488595,0,24.98250004,93.24426555,0.369,3.772740025
2,8,7.5,133.7323944,243,40.8,261.4151272,11.60487714,27.99270948,0.1,25.66701944,92.8445045,0.667,3.750046232
2,8,8,142.9577465,205.6,34.6,229.2003338,10.83121867,28.1807403,0,25.73748467,91.04557976,1.821,3.750046232
2,8,8.5,137.7464789,191.4,32.8,217.0537723,10.31544635,28.37866747,0,25.8079499,90.24605765,2.302,3.750046232
2,8,9,200.1408451,275,46.8,314.4903197,14.44162489,28.55680193,0,26.32133946,88.54707318,2.987,3.750046232
2,8,9.5,308.8028169,396,65,450.7430527,20.6308927,28.72504003,0,26.99579239,85.14910423,3.915,3.750046232
2,8,10,624.6478873,768.4,117.6,841.2814094,37.90926533,29.00213807,0,27.75077703,79.61241365,5.094,3.750046232
2,8,10.5,425,533,83.4,590.1644539,27.07804667,29.45737057,0,28.52589459,73.82587241,4.833,3.750046232
2,8,11,293.3802817,385.8,64.6,435.9559344,20.6308927,29.82353584,0,29.07954998,72.01695365,3.805,3.726991262
2,8,11.5,574.6478873,717.6,116.2,799.0325,37.65137918,30.17980476,0,30.01573093,67.21982102,4.233,3.726991262
2,8,12,595.7746479,721.6,117.8,813.8196183,38.68292381,30.56576275,0,30.7606491,63.75189388,4.025,3.726991262
2,8,12.5,860.5633803,1024.6,157.8,1122.236657,52.86666254,31.1991297,0,31.73709589,61.53322004,3.798,3.703565429
2,8,13,816.1971831,993,152.8,1093.454588,51.83511791,31.98094204,0,32.20015313,57.82543628,4.651,3.703565429
2,8,13.5,643.6619718,772.4,121.6,867.6869778,41.77755771,32.64399808,0,32.14982083,53.2381782,5.494,3.679758684
2,8,14,752.8169014,907.8,143,1006.580268,48.99837016,32.91119976,0,32.50214699,50.90957007,4.851,3.679758684
2,8,14.5,729.5774648,866.4,138.4,961.954857,47.45105321,33.16850509,0,33.025603,50.82961785,4.142,3.679758684
2,8,15,616.1971831,765.6,125,853.1639152,43.06698851,33.46539585,0,33.35779624,49.53039443,3.439,3.65556059
2,8,15.5,547.8873239,684.8,114.6,759.4241474,38.94080997,33.6930121,0,33.60945778,49.20059157,3.236,3.65556059
2,8,16,424.2253521,541.4,93.2,605.4796836,31.46211137,33.70290846,0,33.53899255,49.71028691,3.263,3.630960307
2,8,16.5,267.1126761,370,67.4,418.7923149,22.17820965,33.58415215,0,33.41819501,50.54978512,3.193,3.630960307
2,8,17,72.81690141,125.2,22.6,148.6633501,8.252357079,33.32684683,0,32.08942206,56.3163383,4.906,3.630960307
2,8,17.5,17.11267606,56.4,10,66.80608807,3.610406222,33.11902329,0,27.80110934,65.87062746,7.994,3.630960307
2,8,18,-7.816901408,42.6,7.8,49.90652429,2.578861587,32.58461992,0,26.69379854,70.76770036,5.548,3.630960307
2,8,18.5,-36.76056338,6,1.2,7.12950347,0.257886159,31.77311851,0,26.32133946,72.25681028,2.611,3.605946568
2,8,19,-39.29577465,0,0,0,0,31.14964791,0,25.98914622,74.45549607,1.484,3.605946568
2,8,19.5,-41.83098592,0,0,0,0,30.73400084,0,25.58648775,76.9340146,1.237,3.605946568
2,8,20,-44.36619718,0,0,0,0,30.34804285,0,25.21402866,79.60241963,1.321,3.605946568
2,8,20.5,-45.98591549,0,0,0,0,30.0016703,0,24.74090496,82.75053792,2.965,3.605946568
2,8,21,-42.46478873,0,0,0,0,29.63550503,0,24.55970864,84.34958213,2.371,3.605946568
2,8,21.5,-40.07042254,0,0,0,0,29.38809606,0,24.40871172,85.44892502,0.795,3.605946568
2,8,22,-39.57746479,0,0,0,0,29.20006524,0,24.42884464,85.84868607,1.72,3.605946568
2,8,22.5,-35.28169014,0,0,0,0,29.00213807,0,24.19731602,87.34779002,0.843,3.580507661
2,8,23,-36.33802817,0,0,0,0,28.85369269,0,24.18724956,87.9474316,1.352,3.580507661
2,8,23.5,-36.97183099,0,0,0,0,28.73493638,0,24.05638556,88.54707318,1.285,3.580507661
2,9,0,-41.33802817,0,0,0,0,28.586491,0,24.04631909,88.64701344,2.038,3.580507661
2,9,0.5,-46.97183099,0,0,0,0,28.42814926,0,23.97585386,88.54707318,0.963,3.580507661
2,9,1,-40.63380282,0,0,0,0,28.28960024,0,23.93558801,88.64701344,1.503,3.580507661
2,9,1.5,-38.23943662,0,0,0,0,28.21042937,0,23.8349234,89.44653555,2.414,3.580507661
2,9,2,-41.90140845,0,0,0,0,28.07188035,0,23.55306247,90.44593818,2.069,3.580507661
2,9,2.5,-36.61971831,0,0,0,0,27.95312405,0,23.56312893,90.44593818,1.504,3.580507661
2,9,3,-34.78873239,0,0,0,0,27.87395318,0,23.42219846,90.44593818,2.024,3.580507661
2,9,3.5,-32.53521127,0,0,0,0,27.80467867,0,23.46246431,90.84569923,0.662,3.554631403
2,9,4,-36.1971831,0,0,0,0,27.74530051,0,23.31146738,91.54528108,0.593,3.554631403
2,9,4.5,-32.95774648,0,0,0,0,27.68592236,0,23.26113507,91.44534081,0.261,3.554631403
2,9,5,-34.78873239,0,0,0,0,27.61664785,0,23.30140092,91.84510187,0.66,3.554631403
2,9,5.5,-35,0,0,0,0,27.54737334,0,23.2007363,92.14492265,0.592,3.554631403
2,9,6,-28.02816901,16.4,2.6,16.6355081,0.515772317,27.47809883,0,23.2007363,92.54468371,0.575,3.554631403
2,9,6.5,15.77464789,104.8,18.6,110.9033873,5.157723175,27.44840975,0,23.81479047,92.24486292,0.874,3.554631403
2,9,7,65.91549296,208,39.4,227.351944,11.34699098,27.40882432,0,24.84156957,90.74575897,0.621,3.554631403
2,9,7.5,164.5774648,292.8,52.2,320.8276561,15.47316952,27.53747698,0,25.83814929,88.04737186,0.877,3.554631403
2,9,8,266.1267606,403.4,70.4,342.4802222,21.92032349,27.81457502,0,26.24080776,84.04976134,1.698,3.554631403
2,9,8.5,256.6197183,402.6,91,589.6363425,28.62536362,28.27970388,0,26.99579239,79.58243157,2.048,3.528305116
2,9,9,463.5915493,621.8,100.4,680.7355535,31.97788368,28.90317448,0,28.00243857,73.82587241,2.022,3.528305116
2,9,9.5,522.5352113,678.8,108.2,742.7886393,34.81463143,29.40788878,0,28.88828721,69.23861433,2.329,3.528305116
2,9,10,556.4788732,718.8,113.2,786.8859385,36.61983454,29.95218851,0,29.78420231,65.87062746,1.839,3.528305116
2,9,10.5,532.5352113,689.2,108.2,758.1038689,35.33040375,30.58555546,0,30.45865525,62.93238373,1.313,3.501515604
2,9,11,659.1549296,833.2,132.2,857.3888062,43.58276083,31.20902606,0,31.25390573,60.51382936,1.94,3.501515604
2,9,11.5,666.9014085,809.8,131.6,923.6667829,44.09853314,32.06011291,0,31.61629835,58.60497033,1.95,3.501515604
2,9,12,730.2816901,897.2,145,1007.900546,48.48259784,32.79244346,0,32.15988729,56.8460217,1.519,3.501515604
2,9,12.5,435.5633803,542.8,88.4,604.1594051,29.65690825,33.44560313,0,32.54241284,54.86720449,1.576,3.474249121
2,9,13,554.7183099,692.2,110,773.6831543,37.65137918,33.67321938,0,32.3410836,54.44745538,1.509,3.474249121
2,9,13.5,776.056338,962.2,151,1057.543015,52.35089022,34.35606813,0,33.26719808,52.82842312,1.909,3.474249121
2,9,14,726.056338,894,142.8,983.8714788,49.51414248,34.75192248,0,33.53899255,50.90957007,2.107,3.446491342
2,9,14.5,575.3521127,714.2,116,788.7343283,40.23024076,35.0587096,0,33.9215181,49.51040638,2.283,3.446491342
2,9,15,344.5070423,443.8,74.6,487.7108485,25.27284356,35.1081914,0,33.77052117,50.34990459,2.263,3.446491342
2,9,15.5,245.0704225,333.8,57.4,382.6166862,20.37300654,34.83109335,0,32.80414084,54.66732396,2.882,3.446491342
2,9,16,310.0704225,427.4,75.2,481.373512,25.78861587,34.435239,0,32.82427377,55.14703722,2.911,3.446491342
2,9,16.5,159.1549296,236.6,42.4,270.6570762,14.69951105,34.16803732,0,31.1029088,61.27337536,5.721,3.418227335
2,9,17,7.183098592,56.6,9.6,76.04803701,3.868292381,33.82166476,0,29.90499985,66.35034073,4.026,3.418227335
2,9,17.5,1.267605634,50,8.8,61.52497439,3.352520064,33.16850509,0,29.47214199,67.34974336,4.213,3.418227335
2,9,18,-13.52112676,22.2,4.2,26.40556841,1.547316952,32.55493085,0,28.75742321,69.28858446,2.431,3.418227335
2,9,18.5,-33.38028169,3.6,0.6,4.753002313,0,32.09969835,0,28.45542935,71.79708507,1.147,3.418227335
2,9,19,-39.29577465,0,0,0,0,31.74342943,0,28.11316965,74.2756036,1.127,3.418227335
2,9,19.5,-36.90140845,0,0,0,0,31.42674595,0,27.5997801,79.37255702,1.737,3.418227335
2,9,20,-31.97183099,0,0,0,0,31.06058068,0,27.17698871,80.75173265,0.953,3.418227335
2,9,20.5,-28.73239437,0,0,0,0,30.77358628,0,27.06625763,82.95041844,0.855,3.418227335
2,9,21,-26.97183099,0,0,0,0,30.53607367,0,26.85486193,83.55006002,1.432,3.418227335
2,9,21.5,-24.57746479,0,0,0,0,30.31835378,0,26.63339977,84.24964186,1.635,3.418227335
2,9,22,-21.47887324,0,0,0,0,30.13032296,0,26.22067484,84.44952239,2.119,3.418227335
2,9,22.5,-21.4084507,0,0,0,0,29.97198122,0,26.17034253,85.2490445,1.156,3.418227335
2,9,23,-19.08450704,0,0,0,0,29.85322492,0,26.18040899,85.64880555,1.424,3.418227335
2,9,23.5,-22.6056338,0,0,0,0,29.73446861,0,26.06967791,86.64820818,1.464,3.418227335
2,10,0,-25.42253521,0,0,0,0,29.61571231,0,25.96901329,87.44773029,1.764,3.418227335
2,10,0.5,-19.29577465,0,0,0,0,29.50685236,0,25.78781698,88.04737186,1.683,3.418227335
2,10,1,-30.28169014,0,0,0,0,29.39799242,0.1,25.82808283,87.74755107,2.149,3.418227335
2,10,1.5,-42.67605634,0,0,0,0,29.14068709,0.5,24.48924341,87.54767055,3.907,3.418227335
2,10,2,-34.08450704,0,0,0,0,28.88338176,0.5,23.91545509,88.94683423,3.017,3.418227335
2,10,2.5,-24.22535211,0,0,0,0,28.60628372,0.3,24.02618617,89.44653555,2.426,3.418227335
2,10,3,-27.74647887,0,0,0,0,28.40835655,0.3,24.16711663,89.8462966,2.57,3.418227335
2,10,3.5,-30.42253521,0,0,0,0,28.23022209,0.2,24.41877818,90.34599792,2.437,3.418227335
2,10,4,-26.4084507,0,0,0,0,28.11146579,0.3,24.27784771,90.84569923,2.154,3.418227335
2,10,4.5,-25.63380282,0,0,0,0,28.08177671,0.2,24.14698371,90.9456395,1.306,3.418227335
2,10,5,-27.04225352,0,0,0,0,28.05208763,0.1,24.06645202,90.9456395,1.488,3.418227335
2,10,5.5,-32.04225352,0.2,0,0,0,28.00260584,0.2,23.87518924,91.34540055,1.734,3.418227335
2,10,6,-16.54929577,9,1.6,7.393559154,0,27.94322769,0.1,23.81479047,91.94504213,0.953,3.446491342
2,10,6.5,-6.478873239,30.4,5,34.06318324,1.547316952,27.91353861,0.2,23.93558801,92.04498239,1.589,3.446491342
2,10,7,26.12676056,70.4,11,78.16048248,3.094633905,27.88384953,0.1,24.20738248,92.24486292,1.68,3.446491342
2,10,7.5,70.56338028,120.6,19.2,136.5167887,5.673495492,27.95312405,0.1,24.53957572,92.34480318,2.116,3.446491342
2,10,8,138.943662,194,31.8,216.2616052,9.541787873,28.07188035,0.1,24.76103788,92.14492265,2.233,3.446491342
2,10,8.5,225.9859155,304,52,342.4802222,15.21528337,28.30939296,0.2,25.1234305,91.44534081,1.547,3.446491342
2,10,9,464.3661972,611.8,101.2,667.0046579,31.20422521,28.73493638,0.1,26.22067484,90.34599792,0.956,3.474249121
2,10,9.5,319.9295775,417.8,71.2,470.8112847,22.69398197,29.27923611,0.1,26.76426377,87.24784976,1.579,3.474249121
2,10,10,480,614.2,100,678.3590524,31.97788368,29.76415769,0,27.05619117,84.94922371,1.204,3.474249121
2,10,10.5,553.7323944,708.4,113.6,776.3237111,36.61983454,30.42721372,0.1,28.13330258,80.75173265,1.247,3.474249121
2,10,11,513.5211268,668.6,109.2,728.793688,35.58828991,31.05068432,0,28.59635982,76.13449249,1.401,3.474249121
2,10,11.5,379.9295775,499.4,83.8,558.4777718,27.59381898,31.45643503,0.1,29.32114507,72.88643394,1.199,3.446491342
2,10,12,454.5774648,568.4,94.8,637.4304213,31.46211137,31.78301487,0,29.603006,71.13747933,2.378,3.446491342
2,10,12.5,567.6056338,704.8,114.6,784.2453817,38.42503765,32.12938742,0,30.04593031,67.77948649,2.087,3.446491342
2,10,13,327.1830986,423.4,71.2,483.2219018,23.98341276,32.34710731,0,30.48885463,67.72951636,2.291,3.446491342
2,10,13.5,576.056338,716.6,116.2,802.9933352,39.9723546,32.50544905,0,30.48885463,66.66015554,2.282,3.446491342
2,10,14,690.1408451,832.6,134.2,926.3073397,46.41950857,32.84192525,0,31.25390573,61.39330367,2.728,3.446491342
2,10,14.5,470.2816901,599.8,99.2,675.9825512,34.04097295,33.10912694,0.1,31.6565642,60.1140683,2.64,3.418227335
2,10,15,468.1690141,608,102,684.9604445,35.07251759,33.2377796,0,31.80756113,58.9747493,1.656,3.418227335
2,10,15.5,347.7464789,454,78.2,502.2339111,25.78861587,33.42581041,0,29.73387,62.32274812,5.079,3.418227335
2,10,16,242.8873239,345.6,60.4,395.8194704,20.37300654,33.4060177,0,26.98572593,69.67835149,5.421,3.418227335
2,10,16.5,110.6338028,178.8,32,202.266654,10.57333251,32.92109612,0,26.80452962,71.98697157,3.846,3.418227335
2,10,17,-8.38028169,35.6,6.8,40.40051966,2.320975429,32.21845465,0,26.50253577,74.57542439,1.838,3.418227335
2,10,17.5,-24.71830986,11.8,2.2,13.99495126,0.773658476,31.6543622,0,26.22067484,75.57482702,1.923,3.418227335
2,10,18,-25.07042254,4.4,1,4.753002313,0,31.16944063,0,25.4153579,76.50427147,2.614,3.418227335
2,10,18.5,-24.92957746,0.6,0,0.792167052,0,30.71420813,0,24.88183542,77.90343515,2.108,3.418227335
2,10,19,-24.57746479,0,0,0,0,30.30845742,0,24.58990803,79.42252715,1.418,3.418227335
2,10,19.5,-26.54929577,0,0,0,0,30.0016703,0,24.57984157,81.55125476,1.556,3.418227335
2,10,20,-32.18309859,0,0,0,0,29.7146759,0,24.25771479,83.05035871,2.59,3.418227335
2,10,20.5,-32.3943662,0,0,0,0,29.43757785,0,23.9657874,84.54946265,2.358,3.418227335
2,10,21,-25,0,0,0,0,29.21985796,0,24.01611971,85.94862634,2.27,3.418227335
2,10,21.5,-22.6056338,0,0,0,0,29.0417235,0,24.12685079,86.64820818,1.925,3.418227335
2,10,22,-22.88732394,0,0,0,0,28.88338176,0,24.25771479,86.34838739,0.843,3.418227335
2,10,22.5,-29.92957746,0,0,0,0,28.77452182,0,24.38857879,86.94802897,0.899,3.418227335
2,10,23,-30.14084507,0,0,0,0,28.68545459,0,24.28791418,87.64761081,0.355,3.418227335
2,10,23.5,-27.25352113,0,0,0,0,28.59638736,0,24.3080471,87.74755107,0.296,3.418227335
2,11,0,-27.53521127,0,0,0,0,28.49742377,0,24.14698371,88.64701344,1.838,3.418227335
2,11,0.5,-29.01408451,0,0,0,0,28.39846019,0,23.88525571,89.34659529,1.693,3.418227335
2,11,1,-29.01408451,0,0,0,0,28.31928932,0,23.90538863,89.74635634,1.033,3.389441522
2,11,1.5,-28.23943662,0,0,0,0,28.25001481,0,23.90538863,90.34599792,1.579,3.389441522
2,11,2,-28.45070423,0,0,0,0,28.16094758,0,23.7543917,90.84569923,1.794,3.389441522
2,11,2.5,-26.1971831,0,0,0,0,28.08177671,0,23.74432524,91.54528108,0.754,3.389441522
2,11,3,-22.74647887,0,0,0,0,28.02239856,0,23.78459109,92.64462397,1.228,3.389441522
2,11,3.5,-25.98591549,0,0,0,0,27.98281312,0,23.8349234,92.64462397,0.568,3.389441522
2,11,4,-22.88732394,0,0,0,0,27.93333133,0,23.81479047,92.94444476,1.293,3.389441522
2,11,4.5,-24.29577465,0,0,0,0,27.86405682,0,23.84498986,92.94444476,1.787,3.389441522
2,11,5,-28.30985915,0,0,0,0,27.79478231,0,23.84498986,92.8445045,1.167,3.389441522
2,11,5.5,-21.4084507,0,0,0,0,27.76509323,0,23.7543917,92.8445045,0.51,3.389441522
2,11,6,-16.33802817,11,2.2,10.29817168,0.515772317,27.7255078,0,23.79465755,93.14432529,1.25,3.389441522
2,11,6.5,7.816901408,42.6,8,45.41757766,2.06308927,27.69581872,0,23.9657874,93.54408634,1.463,3.389441522
2,11,7,37.81690141,102.2,18.4,113.2798885,5.673495492,27.74530051,0,24.33824649,93.54408634,1.315,3.389441522
2,11,7.5,92.74647887,146.4,26.6,171.1080833,8.768129397,27.85416046,0,24.62010741,92.64462397,0.816,3.389441522
2,11,8,76.61971831,125.2,22.4,158.4334104,7.994470921,27.98281312,0,24.66037326,91.94504213,1.301,3.389441522
2,11,8.5,215,302.8,57.8,376.0152941,18.82568959,28.17084394,0,25.11336404,91.24546029,1.105,3.389441522
2,11,9,435.915493,586.2,98.4,645.8802032,31.46211137,28.57659464,0,25.89854806,88.94683423,1.135,3.389441522
2,11,9.5,557.1830986,735,118.4,804.841725,38.42503765,29.17037617,0,27.02599178,84.54946265,1.514,3.389441522
2,11,10,547.6760563,708.4,114.2,783.7172703,37.65137918,29.79384677,0,27.54944779,81.95101581,1.45,3.360117648
2,11,10.5,780.9859155,1001.2,155,1079.987748,50.54568711,30.63503726,0,28.75742321,76.75412212,1.521,3.360117648
2,11,11,804.2253521,1035,163,1063.088184,53.89820718,31.63456949,0,29.64327184,72.0369417,1.619,3.360117648
2,11,11.5,619.7183099,779.8,126,862.4058641,42.55121619,32.614309,0,30.55931986,67.56961194,1.63,3.360117648
2,11,12,488.1690141,651.8,107.8,722.984463,36.10406222,33.25757232,0,31.25390573,64.76129054,1.342,3.330238739
2,11,12.5,569.0140845,726.6,118.6,809.3306717,40.23024076,33.70290846,0,31.48543435,63.78187596,1.829,3.330238739
2,11,13,585.915493,724.4,117.2,804.5776693,39.9723546,34.22741547,0,31.95855805,63.05231204,2.217,3.330238739
2,11,13.5,765.4929577,954.8,152.2,1050.413511,52.60877638,34.75192248,0,32.24041898,60.70371586,2.277,3.330238739
2,11,14,536.056338,681,109.4,773.6831543,39.19869613,35.21705134,0,32.23035252,58.29515551,2.53,3.299787062
2,11,14.5,627.4647887,784.4,128.6,876.9289268,45.13007778,35.32591129,0,32.74374207,56.8859978,2.751,3.299787062
2,11,15,491.1267606,632,105.6,702.3881196,36.61983454,35.42487487,0,32.80414084,56.85601572,2.814,3.299787062
2,11,15.5,220.0704225,300,51.6,345.1207791,18.05203111,35.37539308,0,32.46188114,58.37510773,2.507,3.299787062
2,11,16,25.56338028,63.4,11.4,73.67153585,4.12617854,35.00922781,0,29.69360415,65.76069317,4.713,3.299787062
2,11,16.5,5.352112676,45.8,8.2,55.45169365,3.094633905,34.58368438,0,26.52266869,73.34615915,4.09,3.299787062
2,11,17,-47.74647887,7.2,1,9.77006031,0.515772317,33.84145748,0.2,25.28449389,78.89284376,2.072,3.299787062
2,11,17.5,-16.54929577,3.6,0.2,5.281113681,0,31.47622775,0.3,24.45904403,84.04976134,3.504,4.093429949
2,11,18,-20.63380282,1.8,0,1.848389788,0,29.70477954,0.3,23.79465755,86.74814844,3.336,4.36647031
2,11,18.5,-23.73239437,0.6,0,0.264055684,0,29.29902883,0.3,22.81821076,88.54707318,2.997,4.337219607
2,11,19,-23.52112676,0,0,0,0,29.02193079,0.3,22.81821076,89.94623686,3.029,4.292023697
2,11,19.5,-23.66197183,0.4,0,0,0,28.7547291,0.3,22.88867599,90.64581871,1.93,4.260971312
2,11,20,-23.02816901,0.4,0,0,0,28.60628372,0.3,23.10007169,90.74575897,1.98,4.229145817
2,11,20.5,-25.77464789,0.2,0,0,0,28.48752742,0.2,23.2007363,90.9456395,1.651,4.212933033
2,11,21,-25.35211268,0.6,0,0,0,28.38856383,0.3,23.24100215,91.34540055,1.36,4.1798861
2,11,21.5,-23.52112676,0.6,0,0,0,28.31928932,0.2,23.39199908,91.84510187,0.859,4.163043047
2,11,22,-25.63380282,0.6,0,0,0,28.26980752,0.7,23.69399293,92.14492265,1.311,4.145980777
2,11,22.5,-32.04225352,0.6,0,0,0,28.17084394,1.2,23.76445816,92.24486292,2.046,4.128694494
2,11,23,-30.98591549,0.6,0,0,0,28.05208763,2.6,23.65372708,92.54468371,1.977,4.111179251
2,11,23.5,-29.29577465,0.4,0,0,0,27.99270948,2.6,23.52286308,92.54468371,1.036,4.093429949
2,12,0,-26.05633803,0.2,0,0,0,27.9630204,2.3,23.45239785,92.8445045,1.301,4.075441329
2,12,0.5,-24.15492958,0.2,0,0,0,27.89374589,2.1,23.40206554,93.04438502,1.094,4.075441329
2,12,1,-25.84507042,0.2,0,0,0,27.82447138,1.9,23.45239785,93.14432529,1.791,4.057207964
2,12,1.5,-31.76056338,0.2,0,0,0,27.74530051,1.6,23.42219846,93.44414608,2.163,4.038724253
2,12,2,-35.77464789,0.2,0,0,0,27.63644057,1.4,23.38193262,93.6440266,2.8,4.038724253
2,12,2.5,-39.29577465,0,0,0,0,27.51768426,0.9,23.22086923,93.84390713,2.589,4.019984414
2,12,3,-35.63380282,0,0,0,0,27.40882432,0.1,23.2007363,93.84390713,1.876,4.019984414
2,12,3.5,-29.15492958,0,0,0,0,27.36923888,0,23.24100215,93.84390713,1.376,4.000982477
2,12,4,-21.69014085,0,0,0,0,27.31975709,0,23.25106861,93.94384739,1.916,4.000982477
2,12,4.5,-29.50704225,0.2,0,0,0,27.26037894,0,23.150404,93.74396687,1.881,3.981712275
2,12,5,-30.91549296,0.2,0,0,0,27.2207935,0,23.11013815,93.74396687,2.213,3.981712275
2,12,5.5,-30.63380282,0.6,0,0,0,27.17131171,0,23.09000522,93.84390713,2.286,3.962167436
2,12,6,-28.45070423,6.6,1,7.393559154,0,27.1020372,0,23.03967292,93.74396687,1.966,3.962167436
2,12,6.5,-2.887323944,33.2,5.2,39.08024124,1.547316952,27.1020372,0,23.14033753,93.94384739,0.93,3.962167436
2,12,7,25.98591549,65.8,10,77.8964268,3.352520064,27.14162263,0,23.39199908,93.84390713,0.899,3.942341374
2,12,7.5,77.74647887,124.2,19.8,139.4214012,5.931381651,27.24058622,0,23.71412585,93.74396687,0.832,3.942341374
2,12,8,163.0985915,217.4,36,241.0828395,10.57333251,27.39892796,0,24.28791418,93.24426555,1.38,3.942341374
2,12,8.5,198.6619718,262.2,45.4,300.2313128,13.41008025,27.676026,0,24.92210127,92.44474344,1.09,3.922227279
2,12,9,305.2816901,386,65.8,438.3324355,20.37300654,28.05208763,0,25.27442743,90.84569923,1.689,3.922227279
2,12,9.5,476.056338,573.4,93.8,639.0147554,29.65690825,28.49742377,0,25.94888037,89.34659529,2.059,3.901818108
2,12,10,671.8309859,813.2,124.8,897.7893258,40.48812692,29.14068709,0,26.79446316,85.04916397,2.658,3.901818108
2,12,10.5,713.3802817,862.2,129.6,960.8986343,42.80910235,30.02146302,0,27.62997949,78.96280194,3.138,3.901818108
2,12,11,712.6760563,878.2,132.4,910.99211,44.3564193,30.89234258,0,28.38496412,74.8452631,3.166,3.881106577
2,12,11.5,671.1267606,802.2,131,945.5834046,44.3564193,31.73353307,0,29.25067983,71.8470552,3.03,3.860085144
2,12,12,767.6056338,901.6,144.6,1020.047108,48.99837016,32.41638183,0,30.03586385,68.62897873,2.573,3.860085144
2,12,12.5,850.7042254,1006.6,159.2,1126.725604,53.89820718,33.02995607,0,30.93177895,64.91120094,2.804,3.838746003
2,12,13,762.6760563,881.8,140.4,987.040147,47.96682552,33.53467036,0,31.56596604,62.29276604,2.766,3.838746003
2,12,13.5,528.8028169,627,102,710.8379015,34.81463143,33.87114656,0,31.50556727,61.42328575,3.327,3.817081071
2,12,14,576.7605634,684.4,111.6,782.6610476,38.68292381,33.93052471,0,31.70689651,59.97415194,3.406,3.817081071
2,12,14.5,626.7605634,740.2,123,841.5454651,42.55121619,33.97011014,0,32.28068483,57.38569912,3.157,3.795081971
2,12,15,578.1690141,681.4,115.2,775.0034327,39.71446845,34.01959194,0,32.50214699,57.21580067,3.739,3.795081971
2,12,15.5,512.4647887,613.2,105.8,702.6521753,36.61983454,34.06907373,0,32.71354269,55.87660115,3.233,3.772740025
2,12,16,417.0422535,514.6,91.8,594.3893448,31.46211137,34.00969558,0,32.93500484,54.77725825,3.522,3.772740025
2,12,16.5,294.8591549,375.2,71,426.9780411,23.46764044,33.82166476,0,32.73367561,54.81723436,3.636,3.750046232
2,12,17,199.5070423,281.2,57.6,330.8617721,19.08357575,33.49508493,0,32.62294453,54.76726422,3.617,3.750046232
2,12,17.5,53.23943662,110.8,23.6,136.252733,8.252357079,33.07943786,0,32.15988729,57.01592015,2.862,3.750046232
2,12,18,-14.43661972,26.4,5,35.64751735,2.06308927,32.65389443,0,31.33443742,61.36332159,2.131,3.726991262
2,12,18.5,-25.21126761,5.4,1,7.12950347,0.257886159,32.3273146,0,30.0761297,67.46967167,1.878,3.726991262
2,12,19,-29.64788732,0,0,0,0,32.05021655,0,28.0225715,72.33676249,2.867,3.726991262
2,12,19.5,-25.35211268,0,0,0,0,31.63456949,0,27.06625763,75.55483897,3.43,3.726991262
2,12,20,-35.56338028,0,0,0,0,31.16944063,0,27.16692225,77.58362631,1.997,3.726991262
2,12,20.5,-24.71830986,0,0,0,0,30.75379356,0,26.41193761,78.05334555,2.206,3.726991262
2,12,21,-41.26760563,0,0,0,0,30.46679916,0,26.03947853,80.65179239,1.249,3.703565429
2,12,21.5,-39.64788732,0,0,0,0,30.23918291,0,25.72741821,82.95041844,0.576,3.703565429
2,12,22,-36.90140845,0,0,0,0,29.99177394,0,25.47575667,84.84928344,0.145,3.703565429
2,12,22.5,-36.1971831,0,0,0,0,29.76415769,0,25.49588959,86.44832765,0.835,3.703565429
2,12,23,-34.36619718,0,0,0,0,29.56623052,0,25.48582313,86.84808871,1.631,3.703565429
2,12,23.5,-29.57746479,0,0,0,0,29.38809606,0,25.43549082,87.04796923,0.702,3.703565429
2,13,0,-24.22535211,0,0,0,0,29.23965068,0,25.30462682,87.64761081,0.755,3.703565429
2,13,0.5,-29.85915493,0,0,0,0,29.14068709,0,25.23416158,88.14731213,1.197,3.679758684
2,13,1,-21.33802817,0,0,0,0,29.05161986,0,25.23416158,88.94683423,2.179,3.679758684
2,13,1.5,-16.05633803,0,0,0,0,28.95265628,0,25.1234305,89.34659529,2.481,3.679758684
2,13,2,-21.47887324,0,0,0,0,28.84379633,0,25.09323112,89.34659529,2.529,3.679758684
2,13,2.5,-24.22535211,0,0,0,0,28.73493638,0,24.85163604,89.34659529,3.044,3.679758684
2,13,3,-25.91549296,0,0,0,0,28.6359728,0,24.83150311,90.34599792,2.998,3.679758684
2,13,3.5,-27.74647887,0,0,0,0,28.52711285,0,24.35837941,90.9456395,3.631,3.679758684
2,13,4,-28.52112676,0,0,0,0,28.39846019,0,24.01611971,91.64522134,3.473,3.679758684
2,13,4.5,-24.15492958,0,0,0,0,28.25991117,0,23.91545509,92.04498239,2.745,3.65556059
2,13,5,-22.6056338,0,0,0,0,28.12136214,0,23.85505632,92.74456423,3.213,3.65556059
2,13,5.5,-25.07042254,0,0,0,0,27.97291676,0,23.76445816,92.8445045,2.189,3.65556059
2,13,6,-19.29577465,0.6,0,0.528111368,0,27.89374589,0.6,23.79465755,92.74456423,1.871,3.65556059
2,13,6.5,-15.35211268,2.8,0.2,3.168668209,0,27.81457502,1,23.76445816,92.8445045,1.495,3.65556059
2,13,7,-13.23943662,5,0.8,6.865447786,0,27.73540415,1,23.82485693,93.14432529,1.439,3.65556059
2,13,7.5,-9.295774648,9,1.4,12.67467284,0.257886159,27.62654421,1.2,23.86512278,93.44414608,1.944,3.65556059
2,13,8,-5.352112676,24.6,3.8,32.74290482,1.547316952,27.51768426,1.2,23.92552155,93.54408634,2.145,3.679758684
2,13,8.5,-3.591549296,41.6,6.2,53.0751925,1.805203111,27.47809883,0.8,23.9657874,93.54408634,2.817,3.703565429
2,13,9,0.704225352,53.8,8.4,67.8623108,2.578861587,27.44840975,0.2,24.03625263,93.54408634,2.643,3.772740025
2,13,9.5,4.436619718,64.8,9.8,80.27292796,3.352520064,27.43851339,0.2,24.15705017,93.44414608,2.833,3.795081971
2,13,10,18.52112676,82.6,12.4,100.0771043,3.610406222,27.46820247,0.2,24.38857879,93.34420581,2.082,3.838746003
2,13,10.5,39.50704225,112,17,133.3481205,5.157723175,27.5572697,0.3,24.77110434,93.34420581,1.649,3.860085144
2,13,11,72.32394366,157.6,24.4,180.6140879,6.962926286,27.68592236,0.1,25.21402866,93.24426555,1.366,3.881106577
2,13,11.5,127.7464789,215,33.8,246.3639532,9.541787873,27.85416046,0,25.4153579,92.64462397,2.122,3.881106577
2,13,12,164.5774648,219.6,36.2,247.9482873,10.31544635,28.09167307,0,25.57642128,91.94504213,2.67,3.901818108
2,13,12.5,300.6338028,384.2,64.8,439.1246026,19.08357575,28.36877111,0,25.81801637,89.94623686,3.478,3.901818108
2,13,13,364.2957746,439.6,76.6,499.5933542,23.7255266,28.65576551,0,26.24080776,88.74695371,3.506,3.901818108
2,13,13.5,361.5492958,427.2,74.8,498.8011872,24.49918508,29.00213807,0,26.58306746,86.64820818,2.901,3.881106577
2,13,14,140.4225352,224.6,40.6,259.3026818,12.89430794,29.30892519,0,26.45220346,86.0485666,3.539,3.881106577
2,13,14.5,456.5492958,543.6,95.2,623.4354701,31.20422521,29.55633416,0,26.65353269,85.74874581,4.024,3.881106577
2,13,15,394.1549296,462.8,83.4,523.6224215,26.56227435,29.6651941,0,26.97565947,82.65059765,4.061,3.881106577
2,13,15.5,470,563,99.4,645.6161475,33.26731448,29.88291399,0,27.53938133,79.92222847,3.566,3.860085144
2,13,16,283.6619718,360.4,65.2,425.1296513,21.92032349,30.10063389,0,27.74071057,78.09332165,2.925,3.860085144
2,13,16.5,351.1971831,448.6,85,516.492918,28.1095913,30.32825014,0,28.43529643,75.44490468,2.786,3.860085144
2,13,17,187.3943662,266.4,52.6,308.9451504,16.76260032,30.37773193,0,28.53596105,74.22563347,3.067,3.838746003
2,13,17.5,66.05633803,121.4,23.6,141.269791,7.736584762,30.30845742,0,28.07290381,75.50486883,3.364,3.838746003
2,13,18,-9.929577465,33.8,6.6,39.08024124,2.320975429,30.1699084,0,27.36825148,77.84347099,2.691,3.838746003
2,13,18.5,-32.53521127,3.6,0.6,4.488946629,0,29.92249943,0,26.96559301,79.73234197,2.096,3.838746003
2,13,19,-31.1971831,0,0,0,0,29.60581595,0,26.42200407,80.85167292,2.306,3.838746003
2,13,19.5,-28.02816901,0,0,0,0,29.30892519,0,26.04954499,81.85107555,2.454,3.817081071
2,13,20,-14.64788732,0,0,0,0,29.02193079,0,25.96901329,82.75053792,2.362,3.817081071
2,13,20.5,-26.33802817,0,0,0,0,28.82400361,0.4,25.63682005,86.14850686,3.203,3.817081071
2,13,21,-12.11267606,0,0,0,0,28.56669829,1.9,24.68050619,89.54647581,2.287,3.881106577
2,13,21.5,-13.02816901,0,0,0,0,27.91353861,2.1,24.3080471,90.74575897,1.835,4.380841875
2,13,22,-23.38028169,0,0,0,0,27.74530051,1.8,24.23758187,91.44534081,2.728,4.36647031
2,13,22.5,-30.28169014,0,0,0,0,27.63644057,1.4,24.15705017,91.64522134,2.43,4.322333774
2,13,23,-32.25352113,0,0,0,0,27.5572697,1.2,24.04631909,91.64522134,0.973,4.276592177
2,13,23.5,-30.56338028,0,0,0,0,27.48799519,1,24.08658494,91.7451616,1.005,4.245157198
2,14,0,-28.23943662,0,0,0,0,27.41872068,0.7,24.07651848,91.84510187,1.249,4.212933033
2,14,0.5,-22.74647887,0,0,0,0,27.36923888,0.6,24.12685079,92.34480318,1.306,4.196514589
2,14,1,-22.74647887,0,0,0,0,27.33954981,0.5,24.03625263,92.74456423,0.559,4.1798861
2,14,1.5,-27.11267606,0,0,0,0,27.30986073,0.4,23.97585386,92.8445045,1.224,4.145980777
2,14,2,-27.25352113,0,0,0,0,27.27027529,0.3,23.99598678,93.04438502,1.391,4.128694494
2,14,2.5,-24.92957746,0,0,0,0,27.21089714,0.3,24.01611971,93.34420581,1.334,4.111179251
2,14,3,-20.56338028,0,0,0,0,27.17131171,0.3,24.01611971,93.34420581,2.167,4.093429949
2,14,3.5,-21.97183099,0,0,0,0,27.09214084,0.2,24.03625263,93.44414608,2.591,4.093429949
2,14,4,-22.88732394,0,0,0,0,27.03276269,0.1,23.95572094,93.44414608,2.012,4.075441329
2,14,4.5,-28.5915493,0,0,0,0,26.99317725,0.1,23.85505632,93.54408634,1.906,4.057207964
2,14,5,-33.52112676,0,0,0,0,26.97338453,0,23.69399293,93.54408634,1.031,4.057207964
2,14,5.5,-34.78873239,0,0,0,0,26.94369546,0,23.44233139,93.6440266,1.33,4.038724253
2,14,6,-24.64788732,7.4,1.2,8.977893258,0.257886159,26.8843173,0.1,23.42219846,94.04378766,1.929,4.019984414
2,14,6.5,8.732394366,78.4,12.4,84.23376322,3.352520064,26.81504279,0,23.69399293,94.34360844,1.937,4.019984414
2,14,7,83.38028169,180.4,33.8,212.8288814,9.541787873,26.75566464,0,24.36844587,93.94384739,2.326,4.000982477
2,14,7.5,100.4225352,152.6,26.4,186.4233129,8.510243238,26.86452459,0,24.44897756,93.04438502,2.507,4.000982477
2,14,8,303.028169,389.2,68.8,399.51625,20.37300654,27.12182991,0,25.03283235,92.24486292,2.646,3.981712275
2,14,8.5,235.0704225,309.6,71.6,455.2319993,22.17820965,27.57706241,0,25.50595605,90.34599792,3.379,3.981712275
2,14,9,397.3943662,490.4,84,561.1183286,26.04650203,28.0125022,0,25.86834868,89.0467745,2.748,3.962167436
2,14,9.5,496.1267606,587,94.4,676.7747183,30.43056673,28.54690557,0,26.55286808,86.14850686,2.508,3.962167436
2,14,10,687.3239437,826.8,129.8,923.9308385,41.00389924,29.2594434,0,27.14678932,82.15089634,2.214,3.942341374
2,14,10.5,764.084507,914.2,142.6,1013.973827,45.13007778,30.1204266,0,27.97223919,78.51307076,1.926,3.942341374
2,14,11,759.8591549,918.8,145.4,942.6787921,45.90373625,31.09026976,0,28.76748967,73.47608149,1.688,3.922227279
2,14,11.5,568.3098592,644,113.8,777.9080452,36.61983454,31.8226003,0,29.56274015,69.88822604,1.581,3.901818108
2,14,12,873.2394366,998.6,163.6,1118.803933,53.1245487,32.42627818,0,30.16672786,65.9205976,1.699,3.901818108
2,14,12.5,583.0985915,705,114.2,804.3136137,37.90926533,33.17840145,0,30.61971864,64.37152352,1.658,3.881106577
2,14,13,441.2676056,542.2,90.4,615.2497439,29.65690825,33.56435944,0,31.11297526,61.87301694,1.281,3.860085144
2,14,13.5,169.0140845,227,41.2,268.5446307,13.66796641,33.524774,0,31.2337728,62.75249125,1.498,3.860085144
2,14,14,203.7323944,268.2,47,324.7884914,15.98894184,33.21798688,0,29.07954998,72.07691781,5.305,3.838746003
2,14,14.5,68.16901408,116.6,20.6,144.7025149,7.220812445,32.84192525,0,27.83130872,76.1744686,5.17,3.838746003
2,14,15,52.67605634,98.2,18.2,116.976668,6.705040127,32.14918014,0,26.76426377,81.05155344,4.542,3.838746003
2,14,15.5,100.3521127,160.6,30.2,184.5749232,9.799674032,31.49602046,0,26.53273515,82.75053792,3.372,3.817081071
2,14,16,257.7464789,346,63.8,395.0273034,20.11512038,31.06058068,0,27.19712163,81.85107555,2.88,3.817081071
2,14,16.5,224.3661972,308.4,57.8,353.570561,18.30991727,30.93192802,0,27.95210626,79.76232405,2.812,3.817081071
2,14,17,149.4366197,224,43.8,263.7916284,14.18373873,30.85275715,0,28.19370135,79.19266455,2.179,3.795081971
2,14,17.5,122.4647887,201,43,233.4252247,13.41008025,30.88244622,0,28.56616043,78.22324399,1.643,3.795081971
2,14,18,18.45070423,64.4,10,80.00887227,3.868292381,30.7438972,0,28.68695797,78.02336347,1.273,3.772740025
2,14,18.5,-34.85915493,6,1.2,8.713837574,0.515772317,30.50638459,0,28.18363488,79.29260481,0.548,3.772740025
2,14,19,-38.73239437,0,0,0,0,30.37773193,0,27.80110934,82.65059765,1.198,3.772740025
2,14,19.5,-30.28169014,0,0,0,0,30.1699084,0,27.26758686,84.04976134,0.971,3.772740025
2,14,20,-26.12676056,0,0,0,0,29.86312128,0,26.93539362,85.94862634,2.674,3.750046232
2,14,20.5,-33.23943662,0,0,0,0,29.56623052,0,26.54280161,86.94802897,2.356,3.750046232
2,14,21,-32.18309859,0,0,0,0,29.30892519,0,26.22067484,87.74755107,2.186,3.750046232
2,14,21.5,-31.47887324,0,0,0,0,29.12089437,0,26.02941206,88.54707318,1.405,3.750046232
2,14,22,-32.88732394,0,0,0,0,28.97244899,0,25.84821575,88.64701344,1.313,3.750046232
2,14,22.5,-25.98591549,0,0,0,0,28.82400361,0,25.74755113,88.94683423,1.647,3.750046232
2,14,23,-22.04225352,0,0,0,0,28.71514367,0,25.77775052,89.34659529,0.959,3.750046232
2,14,23.5,-27.46478873,0,0,0,0,28.62607644,0,25.74755113,89.54647581,1.28,3.726991262
2,15,0,-27.46478873,0,0,0,0,28.53700921,0,25.66701944,90.34599792,1.052,3.726991262
2,15,0.5,-15.49295775,0,0,0,0,28.47763106,0,25.63682005,90.84569923,0.858,3.726991262
2,15,1,-13.23943662,0,0,0,0,28.43804562,0,25.7576176,91.24546029,0.373,3.726991262
2,15,1.5,-13.16901408,0,0,0,0,28.38856383,0.6,25.78781698,91.44534081,1.223,3.726991262
2,15,2,-24.29577465,0,0,0,0,28.2994966,0.4,25.64688652,92.04498239,0.468,3.726991262
2,15,2.5,-29.01408451,0,0,0,0,28.25001481,0,25.4656902,92.44474344,0.914,3.726991262
2,15,3,-32.6056338,0,0,0,0,28.16094758,0,25.21402866,92.34480318,0.461,3.726991262
2,15,3.5,-29.36619718,0,0,0,0,28.06198399,0,25.13349697,92.74456423,0.46,3.726991262
2,15,4,-34.71830986,0,0,0,0,27.98281312,0,24.90196834,93.04438502,0.163,3.726991262
2,15,4.5,-35.63380282,0,0,0,0,27.89374589,0,24.84156957,92.8445045,0.216,3.726991262
2,15,5,-34.43661972,0,0,0,0,27.79478231,0,24.59997449,93.04438502,1.323,3.726991262
2,15,5.5,-34.01408451,0,0,0,0,27.69581872,0,24.42884464,93.34420581,0.704,3.726991262
2,15,6,-20.98591549,13,2,12.93872852,0.515772317,27.61664785,0,24.21744894,93.54408634,0.877,3.726991262
2,15,6.5,19.64788732,104.2,16.6,105.6222736,4.12617854,27.57706241,0,24.85163604,93.74396687,0.054,3.726991262
2,15,7,85.91549296,209.4,37.4,224.4473315,10.31544635,27.5077879,0,25.5462219,92.54468371,1.357,3.750046232
2,15,7.5,148.2394366,264.8,47,294.9501991,13.66796641,27.5572697,0,26.06967791,91.94504213,0.998,3.726991262
2,15,8,275.0704225,381.8,68.6,335.6147744,20.37300654,27.88384953,0,26.50253577,89.74635634,1.583,3.726991262
2,15,8.5,205.6338028,359,90.4,551.0842126,27.33593283,28.43804562,0,27.13672286,87.54767055,1.47,3.726991262
2,15,9,389.7887324,494.8,83.2,566.663498,25.78861587,29.10110166,0,27.60984656,84.74934318,2.119,3.726991262
2,15,9.5,373.2394366,467.2,78.8,529.4316465,24.24129892,29.60581595,0,28.06283734,81.75113528,1.964,3.726991262
2,15,10,528.943662,652.6,107.2,728.793688,33.00942832,30.11053025,0,28.54602751,78.94281389,0.914,3.703565429
2,15,10.5,600,712.2,115.4,785.5656601,35.84617606,30.75379356,0,29.41174322,74.79529297,2.174,3.703565429
2,15,11,761.2676056,926.2,147,931.060342,46.16162241,31.4168496,0,29.81440169,71.10749725,2.027,3.703565429
2,15,11.5,857.7464789,892.4,164.8,1122.764769,51.83511791,32.34710731,0,30.90157957,66.36033475,2.198,3.703565429
2,15,12,173.5915493,234.4,44,265.9040739,13.41008025,32.97057791,0,30.98211126,65.43089031,1.652,3.679758684
2,15,12.5,299.4366197,384.8,68.4,444.669772,21.40455117,32.82213253,0,30.96197834,64.4414817,1.973,3.679758684
2,15,13,541.9014085,674,115.8,760.4803701,37.13560686,32.74296166,0,31.70689651,62.84243749,2.177,3.679758684
2,15,13.5,316.056338,423,75.8,478.9970109,23.46764044,32.86171797,0,32.00889036,61.18342912,1.351,3.65556059
2,15,14,245.915493,335.8,60.6,384.2010203,18.82568959,32.83202889,0,31.89815928,61.39330367,1.7,3.65556059
2,15,14.5,249.5070423,325.8,58.6,377.0715168,18.30991727,32.74296166,0,30.96197834,66.19043631,2.395,3.65556059
2,15,15,233.6619718,303.2,53.2,358.587619,17.79414495,32.68358351,0,30.96197834,66.1104841,2.23,3.65556059
2,15,15.5,-33.87323944,32.2,5.4,47.00191176,2.578861587,32.52524177,0.3,28.44536289,76.26441483,3.335,3.630960307
2,15,16,-21.54929577,16.8,2.2,26.66962409,1.289430794,32.38669275,1.1,25.95894683,85.84868607,3.918,3.630960307
2,15,16.5,-15.63380282,7.4,1.2,10.03411599,0,31.62467313,1.2,25.81801637,87.74755107,2.692,3.630960307
2,15,17,-19.92957746,7.2,1.4,9.241948942,0,30.82306807,0.9,24.79123727,89.74635634,2.342,3.65556059
2,15,17.5,-22.46478873,5.8,1.2,7.12950347,0,30.34804285,0.7,24.37851233,90.04617713,1.848,3.703565429
2,15,18,-19.64788732,3.8,0.4,4.224890945,0,29.95218851,0.6,24.45904403,90.9456395,1.348,3.772740025
2,15,18.5,-21.12676056,0.8,0,0.528111368,0,29.60581595,0.6,24.55970864,90.9456395,0.717,3.817081071
2,15,19,-20.84507042,0,0,0,0,29.36830334,0.4,24.54964218,90.9456395,0.764,3.838746003
2,15,19.5,-19.71830986,0,0,0,0,29.20006524,0.4,24.6503068,91.84510187,1.136,3.860085144
2,15,20,-22.6056338,0,0,0,0,29.06151622,0.3,24.53957572,92.04498239,0.665,3.881106577
2,15,20.5,-17.11267606,0,0,0,0,28.93286356,0.3,24.61004095,91.84510187,0.498,3.881106577
2,15,21,-27.74647887,0,0,0,0,28.8042109,0.2,24.7811708,91.7451616,1.096,3.881106577
2,15,21.5,-27.32394366,0,0,0,0,28.67555823,0.2,24.77110434,92.24486292,1.214,3.881106577
2,15,22,-26.76056338,0,0,0,0,28.56669829,0.1,24.72077203,92.74456423,0.847,3.881106577
2,15,22.5,-27.25352113,0,0,0,0,28.4677347,0.1,24.66037326,92.74456423,0.567,3.881106577
2,15,23,-23.23943662,0,0,0,0,28.36877111,0.1,24.58990803,92.8445045,1.126,3.881106577
2,15,23.5,-12.3943662,0,0,0,0,28.2994966,0,24.58990803,93.04438502,0.46,3.881106577
2,16,0,-10,0,0,0,0,28.25991117,0,24.75097142,93.34420581,0.708,3.881106577
2,16,0.5,-18.8028169,0,0,0,0,28.22032573,0,24.82143665,93.24426555,0.836,3.881106577
2,16,1,-23.52112676,0,0,0,0,28.14115486,0.1,24.90196834,93.44414608,1.622,3.881106577
2,16,1.5,-24.50704225,0.2,0,0,0,28.07188035,0,24.79123727,93.54408634,0.889,3.881106577
2,16,2,-12.81690141,0.2,0,0,0,28.02239856,0,24.72077203,93.94384739,0.702,3.860085144
2,16,2.5,-12.81690141,0.2,0,0,0,28.00260584,0,24.76103788,94.34360844,0.87,3.860085144
2,16,3,-12.3943662,0.2,0,0,0,27.98281312,0,24.79123727,94.7433695,1.085,3.860085144
2,16,3.5,-10.14084507,0,0,0,0,27.95312405,0.1,24.79123727,94.54348897,1.108,3.860085144
2,16,4,-10.70422535,0,0,0,0,27.91353861,0.1,24.80130373,94.7433695,1.131,3.860085144
2,16,4.5,-9.295774648,0.4,0,0,0,27.87395318,0.1,24.82143665,94.7433695,0.98,3.860085144
2,16,5,-9.366197183,0.4,0,0,0,27.8442641,0,24.8617025,94.64342923,0.55,3.860085144
2,16,5.5,-11.33802817,0.6,0,0,0,27.81457502,0,24.85163604,94.64342923,0.442,3.860085144
2,16,6,-11.05633803,2.8,0.2,2.904612525,0,27.81457502,0,24.8617025,94.64342923,0.287,3.860085144
2,16,6.5,0.352112676,17.2,2.8,22.70878883,1.031544635,27.80467867,0,24.97243358,94.64342923,0.594,3.860085144
2,16,7,35.77464789,75.8,12.4,88.72270985,3.610406222,27.83436774,0,25.21402866,94.84330976,0.29,3.860085144
2,16,7.5,123.4507042,194,32.4,220.2224405,8.768129397,27.95312405,0,25.53615544,94.24366818,1.097,3.838746003
2,16,8,152.1830986,196.4,34.2,213.6210484,9.283901714,28.11146579,0,25.59655421,93.84390713,0.694,3.838746003
2,16,8.5,305.7746479,377.2,70.4,407.7019762,19.08357575,28.53700921,0,26.30120653,92.54468371,1.194,3.838746003
2,16,9,292.2535211,359.6,62.8,413.5112012,17.79414495,28.98234535,0,26.45220346,91.84510187,1.547,3.838746003
2,16,9.5,240.9859155,290.4,51.4,342.7442779,15.21528337,29.36830334,0,26.63339977,90.04617713,2.185,3.838746003
2,16,10,434.4366197,519.4,89.8,591.2206766,26.30438819,29.69488318,0,27.00585886,89.0467745,1.856,3.838746003
2,16,10.5,522.5352113,626.6,105.4,717.1752379,31.71999752,30.13032296,0.1,27.40851733,86.24844713,2.218,3.817081071
2,16,11,752.8169014,884.2,146.2,955.6175206,43.58276083,30.71420813,0,28.17356842,83.15029897,2.194,3.817081071
2,16,11.5,540.4225352,602.4,110,712.1581799,32.75154216,31.38716052,0,28.76748967,79.64239573,2.99,3.795081971
2,16,12,520.1408451,628.8,109.8,723.2485186,33.78308679,31.80280759,0,28.99901829,76.98398473,3.522,3.795081971
2,16,12.5,525.7746479,647.2,112.4,740.1480824,34.55674527,32.05021655,0,29.36141091,74.00576489,2.661,3.795081971
2,16,13,461.056338,573.8,100.4,656.1783749,30.68845289,32.21845465,0,30.15666139,72.30678041,2.216,3.772740025
2,16,13.5,411.2676056,504.8,89.6,574.3211128,27.07804667,32.35700367,0,30.37812355,71.72712689,2.35,3.772740025
2,16,14,560.4225352,670.8,116.4,770.5144861,36.36194838,32.614309,0,30.08619616,73.29618902,3.146,3.772740025
2,16,14.5,637.3239437,768.2,132,874.2883699,41.2617854,32.94088884,0,30.25732601,72.2268282,2.861,3.750046232
2,16,15,298.5915493,394.6,70.4,451.2711641,21.40455117,33.25757232,0,30.50898756,69.03873381,1.65,3.750046232
2,16,15.5,100.4225352,153.2,28,181.1421993,9.026015556,33.10912694,0,30.01573093,69.91820812,2.282,3.750046232
2,16,16,66.69014085,111.4,20.2,132.5559534,6.705040127,32.82213253,0,29.66340477,72.83646381,2.396,3.750046232
2,16,16.5,30.07042254,58.6,10.8,70.50286764,3.610406222,32.43617454,0,28.54602751,75.56483299,2.087,3.750046232
2,16,17,11.05633803,38,7.4,45.15352197,2.06308927,32.02052748,0,27.85144165,79.7823121,1.384,3.726991262
2,16,17.5,2.112676056,29.6,5.8,35.91157303,1.547316952,31.55539862,0,27.60984656,84.04976134,1.839,3.726991262
2,16,18,-19.57746479,4.6,0.8,5.281113681,0,31.17933699,0.2,27.11658994,86.44832765,0.997,3.726991262
2,16,18.5,-26.05633803,1.6,0,0.792167052,0,30.85275715,0,26.75419731,87.9474316,2.151,3.726991262
2,16,19,-25.63380282,0.2,0,0,0,30.50638459,0.2,26.35153884,89.34659529,3.194,3.726991262
2,16,19.5,-31.26760563,0,0,0,0,30.1204266,0,26.02941206,90.24605765,3.466,3.726991262
2,16,20,-20.21126761,0.2,0,0,0,29.79384677,0,25.99921268,90.54587844,1.755,3.726991262
2,16,20.5,-19.50704225,0,0,0,0,29.57612687,0,26.13007668,90.54587844,1.477,3.726991262
2,16,21,-24.64788732,0,0,0,0,29.42768149,0,25.96901329,90.34599792,1.428,3.703565429
2,16,21.5,-27.95774648,0,0,0,0,29.29902883,0,25.45562374,90.64581871,1.507,3.703565429
2,16,22,-26.61971831,0,0,0,0,29.20006524,0,25.31469328,90.9456395,1.114,3.703565429
2,16,22.5,-27.32394366,0,0,0,0,29.08130894,0,25.1234305,91.24546029,1.798,3.703565429
2,16,23,-24.43661972,0,0,0,0,28.95265628,0,24.97243358,91.54528108,1.313,3.703565429
2,16,23.5,-22.74647887,0.2,0,0,0,28.84379633,0,24.92210127,91.7451616,0.7,3.703565429
2,17,0,-23.73239437,0.2,0,0,0,28.7547291,0,24.89190188,91.94504213,0.975,3.703565429
2,17,0.5,-24.15492958,0.4,0,0,0,28.6359728,0,24.97243358,92.34480318,1.415,3.703565429
2,17,1,-13.38028169,0.2,0,0,0,28.54690557,0,25.06303173,93.44414608,1.413,3.703565429
2,17,1.5,-17.74647887,0.2,0,0,0,28.4677347,0,25.26436097,93.34420581,1.378,3.703565429
2,17,2,-16.4084507,0.4,0,0,0,28.41825291,0,25.29456035,93.6440266,1.148,3.679758684
2,17,2.5,-19.36619718,0.6,0,0,0,28.36877111,0,25.26436097,93.54408634,1.433,3.679758684
2,17,3,-16.33802817,0.4,0,0,0,28.30939296,0,25.17376281,93.6440266,0.981,3.679758684
2,17,3.5,-6.76056338,0.4,0,0,0,28.26980752,0.1,25.1234305,94.24366818,1.102,3.679758684
2,17,4,-10.70422535,0.6,0,0,0,28.24011845,0,25.09323112,94.34360844,0.47,3.679758684
2,17,4.5,-17.46478873,0.4,0,0,0,28.23022209,0,25.08316466,94.34360844,0.722,3.679758684
2,17,5,-25.42253521,0.4,0,0,0,28.17084394,0,25.03283235,94.14372792,0.266,3.679758684
2,17,5.5,-26.97183099,0.6,0,0,0,28.10156943,0,25.02276589,94.24366818,1.368,3.679758684
2,17,6,-13.38028169,3.8,0.4,3.696779577,0,28.02239856,0,24.97243358,94.34360844,1.573,3.679758684
2,17,6.5,0.845070423,32,5.6,35.91157303,1.547316952,27.9630204,0,25.03283235,94.54348897,1.556,3.679758684
2,17,7,32.11267606,73.4,11.8,84.76187458,3.352520064,27.95312405,0,25.22409512,94.54348897,1.16,3.679758684
2,17,7.5,72.88732394,112,18.4,130.1794522,5.157723175,28.0125022,0,25.44555728,94.54348897,2.357,3.679758684
2,17,8,89.22535211,114.2,19.4,129.3872852,5.157723175,28.1312585,0,25.59655421,94.34360844,2.297,3.679758684
2,17,8.5,186.9014085,232.6,41.2,273.8257444,11.8627633,28.28960024,0,25.8884816,94.04378766,2.493,3.679758684
2,17,9,253.028169,310.4,55.4,365.7171224,15.73105568,28.51721649,0,26.20054191,92.94444476,3.082,3.679758684
2,17,9.5,284.9295775,344.6,61.4,407.9660319,17.79414495,28.82400361,0,26.42200407,92.14492265,3.101,3.679758684
2,17,10,423.2394366,513.2,88.6,593.3331221,25.78861587,29.18027253,0,26.84479547,90.84569923,3.158,3.679758684
2,17,10.5,559.6478873,666.6,111.6,755.9914235,32.493656,29.65529774,0,27.48904902,88.34719265,3.34,3.679758684
2,17,11,753.5211268,878,143.2,927.3635624,42.55121619,30.34804285,0,27.95210626,85.34898476,3.77,3.65556059
2,17,11.5,812.6760563,927.6,159,1045.132398,46.93528089,31.28819693,0,28.92855306,82.35077686,3.656,3.65556059
2,17,12,926.7605634,1066.8,180,1195.644137,54.15609333,32.21845465,0,29.53254076,77.64359047,3.625,3.65556059
2,17,12.5,811.971831,946.8,158.6,1051.997845,47.96682552,33.02005971,0,30.34792417,72.99636823,3.539,3.630960307
2,17,13,636.6197183,763,130.4,850.7874141,38.94080997,33.30705411,0,30.61971864,70.86764062,3.44,3.630960307
2,17,13.5,191.1971831,247.8,44,292.3096423,13.66796641,33.66332302,0,29.75400292,73.57602176,5.029,3.630960307
2,17,14,7.887323944,94.8,15.8,117.7688351,4.899837016,33.78207933,0.6,27.05619117,84.84928344,3.834,3.630960307
2,17,14.5,16.54929577,93.8,14.8,119.3531692,4.641950857,33.10912694,0.5,27.24745394,86.14850686,2.739,3.630960307
2,17,15,-12.95774648,46.8,7.6,58.88441755,2.06308927,32.20855829,0.1,26.56293454,87.1479095,2.546,3.630960307
2,17,15.5,-16.83098592,26.4,4.6,33.79912756,1.805203111,31.51581318,0,26.28107361,87.84749134,1.321,3.630960307
2,17,16,-17.67605634,15,2.6,17.95578652,0.515772317,31.01109889,0,26.33140592,89.0467745,1.548,3.630960307
2,17,16.5,-20.98591549,9.2,1.4,11.88250578,0,30.64493362,0,26.3616053,89.74635634,1.753,3.630960307
2,17,17,-21.54929577,7,1.4,8.713837574,0,30.34804285,0.2,26.35153884,90.04617713,1.682,3.630960307
2,17,17.5,-19.08450704,5,0.8,6.337336418,0,30.09073753,0.6,26.31127299,91.04557976,2.145,3.630960307
2,17,18,-17.81690141,3.2,0,3.432723893,0,29.8334322,0.5,26.10994376,91.24546029,0.933,3.630960307
2,17,18.5,-18.38028169,1,0,0.528111368,0,29.64540139,0.5,26.17034253,92.34480318,1.58,3.630960307
2,17,19,-20.28169014,0.4,0,0,0,29.46726693,0.4,25.79788344,93.24426555,1.807,3.630960307
2,17,19.5,-18.02816901,0.2,0,0,0,29.31882155,0.3,25.8884816,93.24426555,2.225,3.630960307
2,17,20,-22.18309859,0.2,0,0,0,29.14068709,0,25.59655421,93.6440266,2.681,3.630960307
2,17,20.5,-21.90140845,0.2,0,0,0,28.99224171,0,25.39522497,93.74396687,1.73,3.630960307
2,17,21,-20.21126761,0.2,0,0,0,28.89327812,0,25.30462682,93.44414608,1.03,3.65556059
2,17,21.5,-17.53521127,0.2,0,0,0,28.8042109,0,25.28449389,93.54408634,0.837,3.65556059
2,17,22,-18.23943662,0.2,0,0,0,28.72504003,0,25.31469328,93.6440266,1.546,3.65556059
2,17,22.5,-16.76056338,0.2,0,0,0,28.62607644,0.1,25.32475974,93.94384739,1.684,3.65556059
2,17,23,-15.84507042,0.2,0,0,0,28.55680193,0,25.35495912,93.94384739,1.389,3.679758684
2,17,23.5,-16.90140845,0.4,0,0,0,28.48752742,0,25.10329758,93.94384739,0.992,3.679758684
2,18,0,-24.22535211,0.4,0,0,0,28.44794198,0,24.9925665,93.94384739,1.494,3.679758684
2,18,0.5,-22.88732394,0.6,0,0,0,28.36877111,0,24.53957572,93.94384739,1.436,3.679758684
2,18,1,-23.52112676,0.6,0,0,0,28.30939296,0,24.45904403,94.14372792,1.571,3.679758684
2,18,1.5,-22.3943662,0.6,0,0,0,28.21042937,0,24.34831295,94.24366818,1.61,3.679758684
2,18,2,-26.61971831,0.6,0,0,0,28.11146579,0,24.25771479,94.34360844,1.173,3.679758684
2,18,2.5,-27.04225352,0.6,0,0,0,28.03229492,0,24.19731602,94.34360844,1.382,3.679758684
2,18,3,-17.74647887,0.6,0,0,0,27.93333133,0,24.0966514,94.44354871,1.977,3.703565429
2,18,3.5,-21.97183099,0.6,0,0,0,27.86405682,0,24.19731602,94.64342923,2.068,3.679758684
2,18,4,-17.67605634,0.6,0,0,0,27.79478231,0,24.29798064,94.64342923,1.115,3.679758684
2,18,4.5,-20.91549296,0.6,0,0,0,27.75519687,0,24.33824649,94.7433695,1.619,3.703565429
2,18,5,-20.77464789,0.6,0,0,0,27.70571508,0,24.35837941,94.84330976,1.519,3.703565429
2,18,5.5,-16.12676056,0.6,0,0,0,27.66612964,0,24.49930987,94.94325002,2.004,3.703565429
2,18,6,-11.47887324,3.4,0.4,3.168668209,0,27.62654421,0,24.59997449,95.04319029,1.553,3.703565429
2,18,6.5,-0.774647887,25.2,4.4,27.19773546,1.031544635,27.61664785,0,24.52950926,94.84330976,2.019,3.703565429
2,18,7,43.09859155,75.6,12.4,84.4978189,3.094633905,27.61664785,0,24.53957572,94.7433695,2.392,3.703565429
2,18,7.5,84.01408451,114,18.4,132.2918977,5.157723175,27.68592236,0,24.7811708,94.54348897,2.496,3.703565429
2,18,8,96.4084507,115.6,19.4,133.6121761,5.157723175,27.80467867,0,24.94223419,94.24366818,2.255,3.703565429
2,18,8.5,143.2394366,173.4,29.6,208.8680461,8.510243238,27.97291676,0,24.98250004,93.54408634,2.943,3.703565429
2,18,9,190.1408451,229,40.4,270.3930205,11.60487714,28.14115486,0,25.35495912,92.94444476,3.396,3.703565429
2,18,9.5,172.1126761,203.2,36.6,234.4814474,10.31544635,28.30939296,0,25.63682005,92.34480318,3.492,3.703565429
2,18,10,191.2676056,231.6,42.2,266.1681295,11.60487714,28.4677347,0,25.79788344,91.64522134,3.498,3.679758684
2,18,10.5,394.7887324,468.8,82.8,538.6735955,22.95186813,28.64586916,0,26.27100715,89.94623686,3.777,3.679758684
2,18,11,461.6901408,537,95.2,599.6704585,26.56227435,29.05161986,0,27.14678932,87.1479095,4.345,3.679758684
2,18,11.5,661.2676056,761.8,133.4,862.6699198,37.13560686,29.52664508,0,27.74071057,84.04976134,5.18,3.679758684
2,18,12,425.8450704,504.4,91,584.3552288,26.04650203,30.08084117,0,27.99237211,81.25143397,5.399,3.679758684
2,18,12.5,349.4366197,426.6,76.4,499.3292986,21.92032349,30.35793921,0,28.04270442,79.72234794,5.655,3.65556059
2,18,13,303.7323944,379.6,69,442.5573265,19.59934806,30.44700644,0,28.51582812,78.01336944,4.814,3.65556059
2,18,13.5,180.1408451,296.8,55.2,343.536445,15.47316952,30.42721372,0,28.90842013,76.84406836,4.227,3.65556059
2,18,14,254.3661972,314.8,58.6,363.0765656,16.246828,30.42721372,0,29.0493506,76.33437302,4.854,3.65556059
2,18,14.5,257.6760563,328.6,60.8,379.1839623,17.02048648,30.40742101,0,28.89835367,74.93520933,5.503,3.65556059
2,18,15,234.2957746,300.8,55.2,350.9300041,15.73105568,30.36783557,0,28.81782198,74.51546023,4.293,3.65556059
2,18,15.5,158.8028169,214.4,39.6,251.1169555,11.60487714,30.37773193,0,28.78762259,73.7059441,4.394,3.630960307
2,18,16,5.774647887,85,16.2,99.28493721,4.899837016,30.29856106,0,28.48562874,74.95519739,3.622,3.630960307
2,18,16.5,-20.84507042,50.8,9.4,58.35630618,2.578861587,30.06104845,0.2,28.27423304,77.76351878,1.735,3.630960307
2,18,17,-15.84507042,34.4,6,39.60835261,1.805203111,29.95218851,0.3,27.90177396,81.05155344,2.189,3.630960307
2,18,17.5,-5.774647887,46,7.8,52.28302544,1.805203111,29.77405405,0.4,27.61991303,83.55006002,1.455,3.630960307
2,18,18,-20.56338028,18.8,3.2,20.59634336,0.773658476,29.57612687,0.1,27.41858379,83.84988081,0.378,3.630960307
2,18,18.5,-25.49295775,1.6,0.2,1.32027842,0,29.38809606,0,27.22732102,84.94922371,1.107,3.630960307
2,18,19,-25.84507042,0,0,0,0,29.21985796,0,26.85486193,86.34838739,1.586,3.630960307
2,18,19.5,-22.53521127,0,0,0,0,29.05161986,0,26.68373208,88.04737186,2.565,3.630960307
2,18,20,-26.54929577,0,0,0,0,28.88338176,0,26.69379854,88.44713292,1.392,3.630960307
2,18,20.5,-26.83098592,0,0,0,0,28.77452182,0,26.54280161,88.74695371,0.637,3.630960307
2,18,21,-26.54929577,0,0,0,0,28.69535095,0,26.38173823,90.24605765,0.974,3.630960307
2,18,21.5,-30.98591549,0,0,0,0,28.586491,0,26.02941206,90.34599792,2.132,3.630960307
2,18,22,-32.67605634,0,0,0,0,28.43804562,0,25.64688652,90.44593818,0.958,3.630960307
2,18,22.5,-33.30985915,0,0,0,0,28.32918568,0,25.5462219,91.04557976,2.096,3.630960307
2,18,23,-33.94366197,0,0,0,0,28.20053301,0,25.51602251,91.7451616,2.341,3.630960307
2,18,23.5,-34.08450704,0,0,0,0,28.07188035,0,25.31469328,91.94504213,2.07,3.630960307
2,19,0,-32.3943662,0.2,0,0,0,27.97291676,0,24.98250004,92.24486292,2.162,3.630960307
2,19,0.5,-29.01408451,0,0,0,0,27.88384953,0,24.91203481,92.34480318,1.825,3.630960307
2,19,1,-19.85915493,0,0,0,0,27.80467867,0,24.88183542,92.54468371,1.894,3.630960307
2,19,1.5,-19.36619718,0,0,0,0,27.75519687,0,24.93216773,92.74456423,1.594,3.630960307
2,19,2,-17.32394366,0.2,0,0,0,27.7255078,0,24.94223419,92.94444476,1.563,3.630960307
2,19,2.5,-18.30985915,0,0,0,0,27.69581872,0,25.00263296,92.94444476,1.375,3.630960307
2,19,3,-17.46478873,0,0,0,0,27.676026,0,24.9925665,93.04438502,1.242,3.630960307
2,19,3.5,-15.84507042,0.2,0,0,0,27.66612964,0,25.03283235,93.24426555,1.23,3.630960307
2,19,4,-16.47887324,0.2,0,0,0,27.65623328,0,25.02276589,93.34420581,1.366,3.630960307
2,19,4.5,-14.15492958,0.2,0,0,0,27.63644057,0,24.98250004,93.44414608,1.699,3.630960307
2,19,5,-17.11267606,0.4,0,0,0,27.59685513,0,25.09323112,93.74396687,2.131,3.630960307
2,19,5.5,-21.69014085,0.6,0,0,0,27.54737334,0,25.06303173,93.6440266,2.197,3.630960307
2,19,6,-17.32394366,3,0.4,3.168668209,0,27.52758062,0,24.94223419,93.94384739,1.901,3.630960307
2,19,6.5,-8.169014085,9.4,1.4,10.82628305,0,27.51768426,0.1,24.90196834,94.04378766,1.689,3.630960307
2,19,7,-9.436619718,17,3,20.06823199,0.773658476,27.48799519,0.1,24.92210127,94.04378766,2.601,3.630960307
2,19,7.5,4.718309859,43.2,7.2,52.01896976,1.805203111,27.46820247,0.2,24.88183542,94.14372792,2.558,3.630960307
2,19,8,5.845070423,60.4,10,73.14342449,2.578861587,27.44840975,0,24.83150311,93.74396687,3.367,3.630960307
2,19,8.5,38.66197183,121.6,19.6,149.1914615,5.157723175,27.45830611,0.2,24.71070557,93.94384739,3.672,3.630960307
2,19,9,134.3661972,227,37,270.9211318,9.541787873,27.53747698,0,24.94223419,93.74396687,4.519,3.630960307
2,19,9.5,245.1408451,330.4,55.8,385.5212987,14.44162489,27.64633693,0.1,25.21402866,92.44474344,5.008,3.630960307
2,19,10,503.3098592,578,98.2,664.1000454,26.30438819,28.09167307,0,26.06967791,91.04557976,5.065,3.630960307
2,19,10.5,295.0704225,351.4,63.2,407.4379205,17.02048648,28.53700921,0,26.2307413,89.8462966,4.409,3.630960307
2,19,11,154.5070423,234.2,43.2,274.0898001,12.12064946,28.87348541,0,26.51260223,89.34659529,4.13,3.630960307
2,19,11.5,110.5633803,201.2,37,238.178227,10.57333251,29.01203443,0,26.55286808,89.54647581,3.743,3.630960307
2,19,12,149.5774648,324.6,57.4,371.7904032,14.69951105,29.05161986,0,25.68715236,89.0467745,4.532,3.630960307
2,19,12.5,101.4084507,271.8,48,310.5294845,12.12064946,29.18027253,0.1,25.7576176,90.04617713,3.651,3.630960307
2,19,13,240.0704225,418.8,72.2,469.4910063,17.27837264,29.2099616,0.1,25.71735175,89.94623686,3.484,3.630960307
2,19,13.5,414.7183099,505.8,89.4,570.8883889,23.7255266,29.29902883,0.2,26.22067484,88.34719265,3.815,3.630960307
2,19,14,562.3239437,659.2,116,754.6711451,32.493656,29.57612687,0.1,26.67366562,85.74874581,4.351,3.630960307
2,19,14.5,414.5774648,493.4,89,571.680556,25.27284356,29.97198122,0,27.40851733,83.65000028,3.882,3.630960307
2,19,15,234.8591549,306.6,57,357.5313962,15.73105568,30.20949383,0,27.4689161,82.35077686,4.397,3.605946568
2,19,15.5,190.7042254,260.2,48.8,303.399981,13.41008025,30.25897563,0,27.40851733,82.65059765,4.727,3.605946568
2,19,16,149.3661972,210,39.6,245.3077305,11.34699098,30.1699084,0,27.48904902,82.35077686,3.552,3.605946568
2,19,16.5,56.47887324,81.4,15.8,92.41948942,4.384064698,30.03135938,0,27.60984656,82.45071713,3.237,3.605946568
2,19,17,-20.70422535,54.8,9.8,62.05308575,2.578861587,29.85322492,0.1,26.703865,84.04976134,3.266,3.605946568
2,19,17.5,2.183098592,52.8,9.4,60.20469597,2.578861587,29.67509046,0,25.74755113,85.84868607,2.426,3.605946568
2,19,18,-13.02816901,15.4,3,16.6355081,0.773658476,29.3781997,0,25.53615544,86.54826792,1.625,3.605946568
2,19,18.5,-33.94366197,1.4,0.2,1.32027842,0,29.0912053,0,25.74755113,87.74755107,2.835,3.605946568
2,19,19,-26.83098592,0,0,0,0,28.85369269,0,25.81801637,88.64701344,2.238,3.605946568
2,19,19.5,-25.98591549,0,0,0,0,28.67555823,0,25.83814929,89.54647581,2.069,3.605946568
2,19,20,-25.56338028,0,0,0,0,28.55680193,0,25.7576176,89.94623686,2.005,3.605946568
2,19,20.5,-22.95774648,0,0,0,0,28.45783834,0,25.65695298,90.24605765,1.55,3.605946568
2,19,21,-22.74647887,0,0,0,0,28.36877111,0,25.65695298,90.74575897,1.536,3.605946568
2,19,21.5,-25.21126761,0,0,0,0,28.26980752,0,25.57642128,91.24546029,1.752,3.605946568
2,19,22,-18.73239437,0.2,0,0,0,28.1807403,0,25.56635482,91.44534081,1.662,3.605946568
2,19,22.5,-18.09859155,0,0,0,0,28.10156943,0,25.62675359,91.64522134,2.12,3.605946568
2,19,23,-28.94366197,0,0,0,0,27.99270948,0,25.37509205,90.9456395,3.408,3.605946568
2,19,23.5,-28.09859155,0,0,0,0,27.85416046,0,24.71070557,90.34599792,2.843,3.605946568
2,20,0,-23.5915493,0,0,0,0,27.77498959,0,24.52950926,90.84569923,2.361,3.605946568
2,20,0.5,-19.78873239,0,0,0,0,27.70571508,0,24.47917695,91.24546029,1.965,3.605946568
2,20,1,-18.66197183,0,0,0,0,27.61664785,0,24.45904403,91.24546029,2.784,3.605946568
2,20,1.5,-19.36619718,0,0,0,0,27.49789154,0,24.32818002,91.04557976,3.277,3.605946568
2,20,2,-21.83098592,0,0,0,0,27.3890316,0,24.19731602,91.04557976,3.427,3.605946568
2,20,2.5,-18.16901408,0,0,0,0,27.29006801,0,24.19731602,91.04557976,3.115,3.605946568
2,20,3,-17.53521127,0,0,0,0,27.20100078,0,24.20738248,90.84569923,2.692,3.605946568
2,20,3.5,-17.32394366,0,0,0,0,27.16141535,0,24.22751541,90.84569923,2.499,3.630960307
2,20,4,-17.04225352,0,0,0,0,27.11193356,0,24.27784771,90.84569923,2.65,3.630960307
2,20,4.5,-21.61971831,0,0,0,0,27.08224448,0,24.28791418,90.74575897,2.337,3.630960307
2,20,5,-20,0,0,0,0,27.0525554,0,24.3080471,90.84569923,2.075,3.630960307
2,20,5.5,-18.8028169,0,0,0,0,27.01296997,0,24.29798064,90.9456395,2.477,3.630960307
2,20,6,-15,4.4,0.8,4.753002313,0,26.96348817,0,24.3080471,90.74575897,2.885,3.630960307
2,20,6.5,11.76056338,37.4,7,41.4567424,1.805203111,26.91400638,0,24.38857879,90.34599792,2.92,3.630960307
2,20,7,41.26760563,73,13.2,84.76187458,3.610406222,26.91400638,0,24.6503068,89.8462966,2.551,3.630960307
2,20,7.5,84.43661972,124.8,23,147.8711831,6.705040127,26.97338453,0,24.98250004,89.14671476,2.835,3.605946568
2,20,8,152.1126761,210.6,39.8,243.4593407,11.08910483,27.11193356,0,25.42542436,88.14731213,3.469,3.605946568
2,20,8.5,303.8732394,382.8,78.2,452.5914425,20.88877886,27.36923888,0,26.0193456,86.0485666,4.646,3.605946568
2,20,9,203.1690141,258,49.2,294.158032,13.1521941,27.77498959,0,26.29114007,84.54946265,3.999,3.605946568
2,20,9.5,120.7746479,250.6,47.2,288.0847513,12.63642178,28.03229492,0,26.39180469,84.1497016,3.658,3.605946568
2,20,10,90,242.4,46.2,278.5787467,12.12064946,28.26980752,0,26.83472901,83.94982107,2.931,3.605946568
2,20,10.5,120.4929577,246,45.6,284.1239161,12.37853562,28.41825291,0,27.14678932,82.95041844,3.671,3.605946568
2,20,11,128.2394366,269.4,43.8,321.3557675,11.08910483,28.56669829,0.2,26.21060838,85.54886528,3.122,3.605946568
2,20,11.5,320.7746479,427,72.2,472.9237302,17.27837264,28.74483274,0.2,27.16692225,86.14850686,3.707,3.605946568
2,20,12,360.9859155,476.6,81.8,539.9938739,20.88877886,28.86358905,0.3,27.14678932,85.94862634,3.115,3.605946568
2,20,12.5,450.4225352,590.2,104,663.8359897,27.33593283,29.28913247,0.2,28.04270442,82.55065739,3.867,3.630960307
2,20,13,663.3802817,773,135.6,868.7432006,37.13560686,29.76415769,0.2,29.15001522,77.15388318,4.52,3.65556059
2,20,13.5,518.028169,611,108.8,694.9945605,30.17268057,30.26887198,0.2,29.72380354,72.95639212,5.61,3.679758684
2,20,14,177.4647887,252.4,46.6,306.8327049,13.41008025,30.69441541,0.1,28.35476474,75.76471352,3.799,3.703565429
2,20,14.5,144.6478873,191.4,35.6,231.3127792,10.57333251,30.78348264,0.1,28.14336904,78.90283778,4.041,3.703565429
2,20,15,102.1830986,144.4,26.4,181.1421993,8.510243238,30.58555546,0.1,27.48904902,79.90224041,2.305,3.703565429
2,20,15.5,-0.14084507,39.6,6.8,54.13141523,2.320975429,30.3381465,0.1,27.06625763,81.35137423,2.964,3.703565429
2,20,16,-8.028169014,19,2.8,27.46179114,1.031544635,29.94229215,0.2,24.8617025,85.34898476,2.403,3.838746003
2,20,16.5,-13.66197183,18.6,3,25.08528999,1.031544635,29.41778514,0.1,24.87176896,87.44773029,1.578,3.981712275
2,20,17,-12.32394366,20.6,3.4,25.08528999,1.289430794,29.00213807,0.1,24.42884464,88.84689397,1.153,4.038724253
2,20,17.5,-9.295774648,26.6,4.6,30.10234798,1.547316952,28.69535095,0.2,24.58990803,89.94623686,2.246,4.057207964
2,20,18,-16.47887324,12.6,2.2,13.73089557,0.257886159,28.40835655,0.1,24.76103788,90.84569923,2.409,4.057207964
2,20,18.5,-21.4084507,2,0.2,1.584334104,0,28.21042937,0.1,24.85163604,91.44534081,1.834,4.057207964
2,20,19,-20.91549296,0.6,0,0,0,28.06198399,0.1,24.88183542,91.7451616,1.235,4.057207964
2,20,19.5,-20.77464789,0.6,0,0,0,27.9630204,0.2,24.84156957,91.94504213,0.439,4.057207964
2,20,20,-20.21126761,0.4,0,0,0,27.88384953,0,24.84156957,91.94504213,0.546,4.038724253
2,20,20.5,-23.66197183,0.6,0,0,0,27.80467867,0.1,24.71070557,92.14492265,1.84,4.038724253
2,20,21,-23.30985915,0.6,0,0,0,27.70571508,0.1,24.33824649,92.14492265,1.683,4.038724253
2,20,21.5,-20.56338028,0.6,0,0,0,27.62654421,0.1,24.33824649,92.54468371,1.843,4.019984414
2,20,22,-23.09859155,0.4,0,0,0,27.54737334,0.1,24.50937634,92.8445045,1.972,4.019984414
2,20,22.5,-22.74647887,0.6,0,0,0,27.46820247,0,24.52950926,92.8445045,1.571,4.019984414
2,20,23,-19.15492958,0.6,0,0,0,27.39892796,0.1,24.55970864,92.94444476,1.736,4.019984414
2,20,23.5,-22.11267606,0.6,0,0,0,27.33954981,0,24.48924341,93.14432529,1.723,4.000982477
2,21,0,-14.85915493,0.6,0,0,0,27.30986073,0.1,24.5194428,93.34420581,1.835,4.000982477
2,21,0.5,-19.85915493,0.6,0,0,0,27.27027529,0,24.44897756,93.44414608,1.522,4.000982477
2,21,1,-14.36619718,0.6,0,0,0,27.24058622,0.1,24.47917695,93.6440266,1.821,4.000982477
2,21,1.5,-21.47887324,0.6,0,0,0,27.19110442,0,24.49930987,93.84390713,2.326,3.981712275
2,21,2,-20.70422535,0.6,0,0,0,27.14162263,0,24.4389111,94.04378766,1.994,3.981712275
2,21,2.5,-29.85915493,0.6,0,0,0,27.09214084,0.1,24.32818002,94.04378766,1.948,3.981712275
2,21,3,-27.32394366,0.6,0,0,0,27.01296997,0,24.11678433,93.94384739,1.674,3.981712275
2,21,3.5,-21.4084507,0.6,0,0,0,26.95359182,0,24.02618617,94.04378766,1.449,3.981712275
2,21,4,-24.15492958,0.6,0,0,0,26.90411002,0.1,24.00605325,94.04378766,1.938,3.981712275
2,21,4.5,-25.42253521,0.6,0,0,0,26.84473187,0,23.94565448,94.04378766,1.55,3.962167436
2,21,5,-30.49295775,0.4,0,0,0,26.81504279,0,23.84498986,94.04378766,1.853,3.962167436
2,21,5.5,-28.45070423,0.4,0,0,0,26.765561,0.1,23.84498986,94.04378766,2.133,3.962167436
2,21,6,-28.66197183,4.4,0.6,5.017057997,0,26.70618285,0,23.86512278,94.04378766,2.468,3.962167436
2,21,6.5,-13.09859155,28.8,5.2,34.59129461,1.289430794,26.65670105,0,24.01611971,93.94384739,2.514,3.942341374
2,21,7,49.36619718,100.4,17.8,116.976668,4.641950857,26.6468047,0.1,24.27784771,93.74396687,2.816,3.942341374
2,21,7.5,171.8309859,240,44.4,266.4321852,11.08910483,26.70618285,0,25.01269942,92.34480318,3.832,3.942341374
2,21,8,167.2535211,207.8,38.2,241.8750066,10.57333251,26.94369546,0,25.40529143,90.84569923,4.43,3.942341374
2,21,8.5,166.5492958,210.4,39.2,246.6280089,10.83121867,27.21089714,0.1,25.61668713,89.8462966,4.451,3.942341374
2,21,9,216.2676056,267.8,50.6,314.4903197,12.89430794,27.43851339,0,26.0193456,88.54707318,4.721,3.942341374
2,21,9.5,123.3098592,219.6,41.4,257.7183476,11.08910483,27.65623328,0,26.04954499,87.34779002,5.497,3.922227279
2,21,10,191.2676056,273,50.8,324.5244357,13.41008025,27.89374589,0,25.61668713,89.0467745,3.682,3.922227279
2,21,10.5,265.915493,374.4,70,442.0292151,18.56780343,28.1312585,0.1,26.41193761,88.24725239,3.647,3.922227279
2,21,11,189.084507,314.2,53.6,370.7341804,13.41008025,28.32918568,0,25.87841514,87.74755107,5.481,3.922227279
2,21,11.5,192.7464789,266.2,47.2,311.8497629,11.8627633,28.50732013,0,25.62675359,88.54707318,4.705,3.922227279
2,21,12,119.7183099,313,56.8,355.9470621,13.66796641,28.51721649,0,25.68715236,88.94683423,4.43,3.922227279
2,21,12.5,400.2816901,486.6,88.2,551.8763797,22.17820965,28.60628372,0.1,26.19047545,87.04796923,5.556,3.922227279
2,21,13,620.4225352,721.2,127.4,824.6459013,34.29885911,28.83389997,0,26.7843967,83.55006002,6.301,3.901818108
2,21,13.5,473.8028169,558.6,102.4,633.2055304,27.07804667,29.14068709,0,27.41858379,80.85167292,6.172,3.901818108
2,21,14,541.6901408,640.6,117.6,724.0406857,31.46211137,29.48705965,0,28.34469827,76.3643551,5.575,3.901818108
2,21,14.5,574.6478873,666.4,122.4,759.1600917,33.26731448,29.81363948,0.1,28.93861952,72.61659523,5.706,3.901818108
2,21,15,511.3380282,614.2,114.8,691.8258922,30.94633905,30.16001204,0,29.83453462,69.85824396,5.074,3.881106577
2,21,15.5,466.8309859,555.4,105,628.4525281,28.36747746,30.47669552,0,30.30765832,67.64956415,5.368,3.881106577
2,21,16,291.5492958,366.2,71.2,428.0342639,19.59934806,30.68451905,0.1,30.18686078,66.12047812,5.39,3.881106577
2,21,16.5,233.8732394,306,61.8,354.362728,16.50471416,30.66472633,0,30.2875254,66.5302332,4.718,3.860085144
2,21,17,163.4507042,227.8,47.2,266.1681295,12.63642178,30.50638459,0,30.44858879,64.70132638,4.402,3.860085144
2,21,17.5,50.98591549,93,18.4,109.5831089,5.157723175,30.29856106,0,29.98553154,66.20043033,3.001,3.860085144
2,21,18,2.394366197,25.4,5.2,27.98990251,1.289430794,30.15011568,0.1,29.61307246,68.48906236,2.403,3.860085144
2,21,18.5,-20,1,0.2,1.584334104,0,29.87301764,0,29.05941706,69.1486681,2.817,3.838746003
2,21,19,-19.92957746,0,0,0,0,29.57612687,0,28.60642628,70.50785568,2.601,3.838746003
2,21,19.5,-16.26760563,0,0,0,0,29.33861427,0.1,28.29436596,72.20684015,1.931,3.838746003
2,21,20,-15.49295775,0,0,0,0,29.19016888,0,28.14336904,74.70534673,1.878,3.838746003
2,21,20.5,-16.97183099,0,0,0,0,29.02193079,0,27.66017887,75.51486286,2.361,3.838746003
2,21,21,-20.56338028,0,0,0,0,28.8042109,0,27.48904902,76.47428939,2.161,3.838746003
2,21,21.5,-22.25352113,0,0,0,0,28.59638736,0,27.14678932,76.79409823,2.918,3.817081071
2,21,22,-17.81690141,0,0,0,0,28.37866747,0.1,26.95552655,76.48428341,2.79,3.817081071
2,21,22.5,-9.718309859,0,0,0,0,28.22032573,0,26.80452962,76.69415797,2.521,3.817081071
2,21,23,-9.084507042,0,0,0,0,28.11146579,0,26.67366562,76.90403252,2.233,3.817081071
2,21,23.5,-10.07042254,0,0,0,0,28.03229492,0.1,26.54280161,77.45370397,2.178,3.817081071
2,22,0,-11.4084507,0,0,0,0,27.94322769,0,26.48240284,77.70355462,2.654,3.817081071
2,22,0.5,-11.12676056,0,0,0,0,27.83436774,0,26.43207054,78.13329776,2.494,3.817081071
2,22,1,-23.73239437,0,0,0,0,27.75519687,0,26.31127299,78.80289752,3.437,3.795081971
2,22,1.5,-44.85915493,0,0,0,0,27.65623328,0,25.4656902,82.65059765,4.553,3.795081971
2,22,2,-14.01408451,0,0,0,0,27.47809883,0.1,24.55970864,86.0485666,2.339,3.817081071
2,22,2.5,-12.74647887,0,0,0,0,27.09214084,0,24.39864526,87.64761081,2.469,4.019984414
2,22,3,-15.77464789,0,0,0,0,26.73587192,0,24.19731602,89.34659529,2.961,4.337219607
2,22,3.5,-14.50704225,0,0,0,0,26.57753018,0.1,23.97585386,90.34599792,3.097,4.395048566
2,22,4,-16.26760563,0,0,0,0,26.44887752,0,23.76445816,91.24546029,3.229,4.422979751
2,22,4.5,-17.04225352,0,0,0,0,26.37960301,0,23.70405939,91.84510187,2.874,4.409093509
2,22,5,-18.73239437,0,0,0,0,26.34991393,0.1,23.67386001,92.34480318,2.767,4.380841875
2,22,5.5,-18.09859155,0,0,0,0,26.33012122,0.1,23.68392647,92.74456423,2.868,4.337219607
2,22,6,-18.23943662,0.6,0,0.792167052,0,26.3103285,0,23.64366062,93.14432529,3.042,4.307269667
2,22,6.5,-13.09859155,4.4,0.6,5.545169365,0,26.23115763,0,23.56312893,93.44414608,3.429,4.307269667
2,22,7,-9.507042254,13.4,2.2,16.89956378,0.515772317,26.12229768,0.1,23.53292954,93.84390713,3.377,4.337219607
2,22,7.5,-2.183098592,23.8,4,29.57423662,1.547316952,26.07281589,0,23.53292954,94.04378766,3.157,4.36647031
2,22,8,9.225352113,42.6,7.4,52.81113681,1.805203111,26.09260861,0.1,23.65372708,94.14372792,2.817,4.337219607
2,22,8.5,10.07042254,40,6.6,51.75491408,1.805203111,26.16188312,0,23.79465755,94.24366818,2.424,4.322333774
2,22,9,15.35211268,46,7.2,62.84525281,1.805203111,26.21136491,0,23.91545509,94.34360844,1.812,4.322333774
2,22,9.5,25.70422535,65.6,10,88.19459848,3.352520064,26.22126127,0.1,23.99598678,94.54348897,2.147,4.380841875
2,22,10,32.74647887,76.4,12,99.81304858,3.352520064,26.23115763,0,23.99598678,94.54348897,2.02,4.463715554
2,22,10.5,72.88732394,155.8,25.8,188.5357584,6.447153968,26.32022486,0.1,24.13691725,94.7433695,2.523,4.49013163
2,22,11,164.2253521,335.6,56,388.4259113,12.63642178,26.55773747,0.1,24.52950926,94.7433695,2.918,4.450287922
2,22,11.5,201.6901408,416.2,70.8,472.9237302,15.47316952,26.98328089,0,25.10329758,94.24366818,2.86,4.409093509
2,22,12,208.5915493,448.8,77,508.0431361,17.02048648,27.40882432,0.1,25.34489266,93.6440266,3.684,4.36647031
2,22,12.5,374.9295775,667.2,112.8,743.844862,25.53072971,27.93333133,0.1,25.89854806,93.24426555,3.009,4.322333774
2,22,13,597.8873239,718.6,127.4,801.9371125,31.46211137,28.52711285,0.2,26.26094069,91.54528108,3.935,4.292023697
2,22,13.5,688.7323944,802.4,145.6,898.8455485,37.39349302,29.21985796,0.1,26.7843967,89.14671476,4.2,4.260971312
2,22,14,519.6478873,587.6,110.2,674.9263285,28.88324978,29.89281035,0.1,27.18705517,86.14850686,4.027,4.245157198
2,22,14.5,494.1549296,582.2,110.8,660.4032658,28.36747746,30.27876834,0.1,27.64004595,84.04976134,3.474,4.212933033
2,22,15,515.915493,611.6,118.2,698.69134,30.94633905,30.58555546,0.2,28.32456535,80.05215081,3.548,4.196514589
2,22,15.5,289.7887324,348,69.8,406.1176421,18.30991727,30.76368992,0.2,28.61649274,77.11390707,3.274,4.1798861
2,22,16,267.9577465,330.8,66.8,388.9540226,17.79414495,30.75379356,0.1,28.9688189,75.28500026,3.274,4.163043047
2,22,16.5,90.91549296,124.2,24.6,149.7195729,6.962926286,30.65482997,0.1,28.78762259,73.94580073,2.855,4.145980777
2,22,17,36.69014085,63.2,12.4,74.72775859,3.094633905,30.43711008,0.2,28.59635982,74.71534076,2.198,4.128694494
2,22,17.5,-30.49295775,11.6,2.4,14.78711831,0.773658476,30.17980476,0.1,27.9420398,76.92402057,3.87,4.128694494
2,22,18,-16.1971831,2.2,0,3.168668209,0,29.2594434,0.1,24.9925665,85.14910423,5.335,4.625781237
2,22,18.5,-18.73239437,0.4,0,0.528111368,0,28.10156943,0.1,24.63017388,88.24725239,3.391,4.798317676
2,22,19,-12.3943662,0,0,0,0,27.66612964,0.1,24.50937634,89.54647581,2.715,4.778148925
2,22,19.5,-13.16901408,0,0,0,0,27.30986073,0.2,24.32818002,90.54587844,1.698,4.837575743
2,22,20,-14.78873239,0,0,0,0,27.16141535,0.1,24.45904403,91.44534081,1.66,4.893919507
2,22,20.5,-16.90140845,0,0,0,0,27.11193356,0.2,24.36844587,92.24486292,2.645,4.91206106
2,22,21,-17.46478873,0,0,0,0,27.03276269,0.2,24.18724956,92.64462397,2.419,4.956099373
2,22,21.5,-18.8028169,0,0,0,0,26.9337991,0.1,24.12685079,93.04438502,2.409,5.030965784
2,22,22,-17.67605634,0,0,0,0,26.87442095,0.2,24.02618617,93.34420581,2.285,5.100720072
2,22,22.5,-16.83098592,0,0,0,0,26.80514644,0.2,24.03625263,93.6440266,2.153,5.137471864
2,22,23,-16.97183099,0,0,0,0,26.74576828,0.1,24.12685079,93.94384739,2.494,5.151798369
2,22,23.5,-18.16901408,0,0,0,0,26.67649377,0.1,24.13691725,94.14372792,3.421,5.151798369
2,23,0,-20.91549296,0,0,0,0,26.61711562,0.2,24.03625263,94.24366818,3.137,5.15888401
2,23,0.5,-21.1971831,0,0,0,0,26.57753018,0.1,23.8349234,94.34360844,2.682,5.165918735
2,23,1,-18.30985915,0,0,0,0,26.53794475,0.1,23.79465755,94.54348897,2.027,5.15888401
2,23,1.5,-15.98591549,0,0,0,0,26.49835931,0.1,23.84498986,94.64342923,1.886,5.151798369
2,23,2,-20.49295775,0,0,0,0,26.44887752,0.1,23.7543917,94.64342923,2.454,5.179837859
2,23,2.5,-16.69014085,0,0,0,0,26.39939573,0.2,23.60339478,94.7433695,2.583,5.448507367
2,23,3,-13.45070423,0,0,0,0,26.33012122,0.1,23.58326185,94.84330976,2.017,5.742659631
2,23,3.5,-12.11267606,0,0,0,0,26.24105399,0.2,23.55306247,94.94325002,2.181,5.791910303
2,23,4,-13.23943662,0,0,0,0,26.07281589,0.1,23.45239785,95.14313055,2.907,5.805423425
2,23,4.5,-15.14084507,0,0,0,0,25.96395594,0.2,23.30140092,95.34301108,2.939,5.812091428
2,23,5,-14.15492958,0,0,0,0,25.94416323,0.1,23.30140092,95.44295134,2.485,5.812091428
2,23,5.5,-18.66197183,0,0,0,0,25.92437051,0.2,23.281268,95.44295134,2.693,5.815403665
2,23,6,-24.01408451,1.6,0.2,2.112445473,0,25.90457779,0.1,23.35173323,95.5428916,3.1,5.815403665
2,23,6.5,-17.81690141,16.8,2.8,19.54012062,0.773658476,25.86499236,0.1,23.40206554,95.34301108,3.821,5.815403665
2,23,7,-9.788732394,32.6,5.4,37.75996282,1.805203111,25.855096,0,23.40206554,95.14313055,3.99,5.815403665
2,23,7.5,2.112676056,43,7,50.96274702,1.805203111,25.86499236,0.1,23.412132,95.14313055,3.126,5.815403665
2,23,8,4.436619718,49.8,8.2,60.46875165,2.06308927,25.88478507,0,23.52286308,95.04319029,3.091,5.812091428
2,23,8.5,12.95774648,64.4,10.2,77.8964268,2.836747746,25.94416323,0,23.61346124,95.04319029,2.828,5.805423425
2,23,9,42.3943662,104.4,17,125.4264499,4.384064698,26.04312681,0.1,23.87518924,94.94325002,2.98,5.749889197
2,23,9.5,44.78873239,121.2,20.2,146.5509047,5.157723175,26.11240133,0,24.27784771,94.54348897,3.344,5.735362813
2,23,10,88.16901408,211.8,36,252.7012896,9.026015556,26.28063942,0,24.32818002,93.94384739,3.539,5.731688858
2,23,10.5,149.2957746,219.6,39.2,256.3980692,9.799674032,26.49835931,0.1,24.15705017,92.04498239,4.302,5.724289187
2,23,11,126.3380282,167.6,31,194.8730948,7.736584762,26.68639013,0,24.25771479,91.14552002,3.418,5.716819599
2,23,11.5,161.8309859,203,38,241.6109509,9.799674032,26.83483551,0,24.57984157,89.74635634,3.785,5.71305824
2,23,12,132.6056338,171.2,32.4,206.7556006,8.768129397,26.98328089,0.1,24.54964218,87.9474316,4.112,5.670469955
2,23,12.5,48.5915493,156.6,28.2,192.232538,7.220812445,27.04265904,0.1,24.74090496,88.74695371,2.588,5.658452997
2,23,13,37.18309859,116,20,144.1744035,5.157723175,27.21089714,0.1,24.79123727,89.8462966,2.285,5.674436283
2,23,13.5,38.52112676,118.2,20.2,148.3992944,5.157723175,27.25048258,0.1,24.62010741,90.74575897,2.853,5.705481688
2,23,14,35.42253521,106.6,18.2,133.0840648,4.641950857,27.24058622,0.1,24.7811708,91.14552002,2.663,5.693980117
2,23,14.5,58.23943662,147.4,26,175.5970299,6.447153968,27.20100078,0.1,24.70063911,91.44534081,2.537,5.68231091
2,23,15,47.11267606,147.8,26.6,172.6924174,6.705040127,27.16141535,0.1,24.77110434,91.04557976,2.538,5.674436283
2,23,15.5,44.57746479,136.2,24.8,157.6412434,5.931381651,27.19110442,0.1,24.88183542,90.64581871,1.43,5.666484073
2,23,16,21.05633803,95,17.4,110.1112203,4.384064698,27.27027529,0.2,24.9925665,90.54587844,1.214,5.658452997
2,23,16.5,2.394366197,59.2,10.8,68.91853354,2.578861587,27.29996437,0.2,25.2039622,90.74575897,1.456,5.646255633
2,23,17,-1.408450704,44,8.2,51.22680271,1.805203111,27.29006801,0.1,25.31469328,91.04557976,1.635,5.638021586
2,23,17.5,-4.507042254,28.4,5.4,32.74290482,1.547316952,27.25048258,0.2,25.36502559,91.34540055,1.455,5.629703944
2,23,18,-14.22535211,9.8,1.8,11.09033873,0,27.21089714,0.1,25.38515851,91.7451616,1.496,5.629703944
2,23,18.5,-26.61971831,0.8,0,1.056222736,0,27.13172627,0.1,25.09323112,91.84510187,1.977,5.625513331
2,23,19,-26.33802817,0,0,0,0,27.01296997,0.1,24.79123727,91.94504213,1.679,5.617067616
2,23,19.5,-32.11267606,0,0,0,0,26.8843173,0.1,24.34831295,91.94504213,1.844,5.612812145
2,23,20,-27.3943662,0,0,0,0,26.74576828,0.1,24.20738248,92.24486292,2.125,5.599913016
2,23,20.5,-35.63380282,0,0,0,0,26.5973229,0.1,24.18724956,92.34480318,2.638,5.591201071
2,23,21,-48.66197183,0,0,0,0,26.45877388,0.1,23.99598678,92.04498239,3.861,5.586810749
2,23,21.5,-38.45070423,0,0,0,0,26.34001758,0.1,23.7543917,92.04498239,3.32,5.577960397
2,23,22,-31.47887324,0,0,0,0,26.26084671,0,23.74432524,92.14492265,2.71,5.569015725
2,23,22.5,-27.88732394,0,0,0,0,26.21136491,0.1,23.73425878,92.24486292,2.085,5.559975045
2,23,23,-22.95774648,0,0,0,0,26.18167584,0.1,23.69399293,92.34480318,1.448,5.555418163
2,23,23.5,-19.36619718,0,0,0,0,26.18167584,0.1,23.7543917,92.44474344,1.512,5.550836627
2,24,0,-16.26760563,0,0,0,0,26.17177948,0,23.85505632,92.54468371,1.01,5.546230214
2,24,0.5,-15.07042254,0,0,0,0,26.18167584,0.1,23.84498986,92.74456423,0.939,5.541598698
2,24,1,-16.4084507,0,0,0,0,26.18167584,0.1,23.81479047,93.14432529,0.711,5.53694185
2,24,1.5,-20.70422535,0,0,0,0,26.13219404,0.1,23.91545509,93.14432529,1.713,5.527551228
2,24,2,-32.3943662,0,0,0,0,26.05302317,0.1,23.93558801,93.04438502,2.635,5.518056458
2,24,2.5,-34.92957746,0,0,0,0,25.9738523,0.1,23.88525571,92.8445045,2.57,5.513269413
2,24,3,-38.23943662,0,0,0,0,25.93426687,0.1,23.69399293,92.54468371,2.671,5.503614769
2,24,3.5,-38.87323944,0,0,0,0,25.89468143,0,23.65372708,92.24486292,2.746,5.493851032
2,24,4,-44.71830986,0,0,0,0,25.84519964,0.1,23.51279662,91.94504213,2.966,5.483976133
2,24,4.5,-37.53521127,0,0,0,0,25.79571785,0.1,23.51279662,91.54528108,3.158,5.468950688
2,24,5,-25.84507042,0,0,0,0,25.73633969,0.1,23.57319539,91.24546029,2.597,5.458788456
2,24,5.5,-21.12676056,0,0,0,0,25.73633969,0.1,23.55306247,91.24546029,1.899,5.448507367
2,24,6,-19.85915493,3.6,0.6,3.960835261,0,25.73633969,0.1,23.57319539,91.24546029,1.826,5.438105086
2,24,6.5,3.450704225,31.6,6.2,35.91157303,1.289430794,25.74623605,0.1,23.66379355,91.34540055,2.495,5.427579213
2,24,7,42.81690141,78.6,14.6,92.41948942,3.610406222,25.76602877,0.1,23.89532217,91.14552002,2.602,5.411553252
2,24,7.5,105.4225352,160.8,30.8,185.1030345,7.478698603,25.84519964,0,24.32818002,90.44593818,3.113,5.395235019
2,24,8,206.056338,267.8,51.6,297.3267003,12.12064946,26.0233341,0.1,25.03283235,88.84689397,3.938,5.3841894
2,24,8.5,184.3661972,236.2,46.2,273.5616887,11.8627633,26.34001758,0.2,25.4656902,86.84808871,3.805,5.373007132
2,24,9,203.028169,261,51.4,299.17509,12.63642178,26.65670105,0.1,25.85828221,85.44892502,3.358,5.355971279
2,24,9.5,238.6619718,304.4,60.2,348.2894473,14.18373873,26.94369546,0.1,26.12001022,83.45011976,4.454,5.338611614
2,24,10,372.0422535,453.8,88,522.8302544,21.66243733,27.2207935,0.1,26.58306746,81.1514937,5.308,5.320917746
2,24,10.5,393.943662,490.6,95,560.5902173,23.20975429,27.59685513,0.1,26.94546009,78.24323205,5.599,5.302878813
2,24,11,315.5633803,394.4,78.2,451.5352197,19.08357575,27.90364225,0,27.0461247,76.50427147,4.8,5.284483451
2,24,11.5,336.9014085,409.4,81,473.7158972,20.11512038,28.15105122,0.1,27.3380521,75.2650122,5.171,5.259381218
2,24,12,330,397.4,79.2,456.0241664,19.08357575,28.31928932,0.1,27.50918195,74.22563347,5.339,5.233594356
2,24,12.5,313.2394366,386,77.4,443.3494935,18.82568959,28.44794198,0,27.67024533,74.34556178,4.369,5.21378593
2,24,13,411.2676056,492.8,97.2,562.1745514,23.98341276,28.62607644,0.1,27.87157457,73.91581865,4.499,5.200349531
2,24,13.5,312.9577465,413.6,83.2,466.8504494,20.11512038,28.83389997,0.1,27.76084349,74.21563944,4.386,5.172903153
2,24,14,559.7887324,652.8,125.2,744.9010847,31.46211137,29.07141258,0,27.91184042,75.23503012,3.873,5.15888401
2,24,14.5,509.6478873,592,114.2,680.4714978,29.14113594,29.41778514,0.1,28.44536289,73.49606954,3.771,5.137471864
2,24,15,536.1267606,612.2,119.4,708.1973447,30.94633905,29.77405405,0.1,28.9688189,71.6571687,3.997,5.115584469
2,24,15.5,330.2816901,381.6,76.8,440.1808253,19.34146191,30.1204266,0,29.12988229,70.26799904,4.15,5.09320398
2,24,16,409.2253521,477.6,99.2,547.1233774,25.0149574,30.18970111,0.1,28.88828721,69.58840525,5.169,5.078000472
2,24,16.5,209.4366197,257.6,55.2,304.192148,14.18373873,30.14021932,0,28.46549581,70.98756894,4.831,5.054755887
2,24,17,158.0985915,215.2,45.8,256.1340135,12.89430794,30.04125573,0,27.61991303,74.49547218,4.164,5.030965784
2,24,17.5,82.95774648,134.8,29.6,158.1693548,8.252357079,29.7146759,0.1,27.62997949,75.90462989,2.891,5.014791994
2,24,18,26.4084507,59.6,11,67.07014375,2.836747746,29.34851062,0,27.57964718,77.3537637,2.499,4.99835942
2,24,18.5,-21.33802817,3.4,0.6,4.224890945,0,29.07141258,0,26.94546009,78.2632201,1.879,4.981661087
2,24,19,-31.90140845,0,0,0,0,28.85369269,0.1,26.45220346,79.34257494,1.771,4.964689754
2,24,19.5,-33.87323944,0,0,0,0,28.62607644,0,26.34147238,81.05155344,1.702,4.956099373
2,24,20,-24.50704225,0,0,0,0,28.38856383,0.1,26.04954499,82.2508366,1.791,4.938704345
2,24,20.5,-21.54929577,0,0,0,0,28.15105122,0,25.97907976,83.74994055,1.561,4.929897708
2,24,21,-26.47887324,0,0,0,0,27.97291676,0,25.93881391,85.14910423,1.827,4.921016961
2,24,21.5,-19.78873239,0,0,0,0,27.80467867,0.1,25.72741821,86.94802897,2.245,4.903028937
2,24,22,-15.42253521,0,0,0,0,27.65623328,0,25.4656902,88.34719265,2.02,4.893919507
2,24,22.5,-13.45070423,0,0,0,0,27.53747698,0.1,25.45562374,89.34659529,2.212,4.875464264
2,24,23,-12.74647887,0,0,0,0,27.43851339,0,25.4656902,89.44653555,1.452,4.866116164
2,24,23.5,-12.46478873,0,0,0,0,27.3890316,0,25.42542436,89.44653555,1.7,4.856686183
2,25,0,-13.8028169,0,0,0,0,27.31975709,0.1,25.37509205,89.34659529,1.935,4.847173119
2,25,0.5,-15.49295775,0,0,0,0,27.26037894,0,25.40529143,89.64641608,0.495,4.837575743
2,25,1,-13.94366197,0,0,0,0,27.24058622,0.1,25.31469328,89.8462966,0.704,4.837575743
2,25,1.5,-13.8028169,0,0,0,0,27.21089714,0,25.27442743,90.74575897,1.495,4.827892803
2,25,2,-15.70422535,0,0,0,0,27.17131171,0,25.19389574,91.54528108,1.243,4.818123021
2,25,2.5,-15.98591549,0,0,0,0,27.13172627,0.1,25.15362989,91.64522134,1.079,4.80826509
2,25,3,-15.56338028,0,0,0,0,27.08224448,0,25.13349697,92.24486292,1.176,4.80826509
2,25,3.5,-15.35211268,0,0,0,0,27.0525554,0.1,25.15362989,91.94504213,0.468,4.798317676
2,25,4,-16.12676056,0,0,0,0,27.02286633,0,25.02276589,92.24486292,0.163,4.788279418
2,25,4.5,-20.77464789,0,0,0,0,26.97338453,0,25.08316466,92.24486292,1.266,4.778148925
2,25,5,-23.23943662,0,0,0,0,26.91400638,0.1,24.98250004,92.24486292,0.841,4.767924775
2,25,5.5,-22.53521127,0,0,0,0,26.87442095,0,24.90196834,92.74456423,0.142,4.767924775
2,25,6,-18.94366197,7.2,1.6,7.393559154,0,26.83483551,0,24.73083849,93.6440266,0.519,4.757605516
2,25,6.5,13.23943662,51.8,10.8,54.39547092,2.578861587,26.79525008,0.1,24.80130373,93.6440266,0.234,4.747189665
2,25,7,55.56338028,104.4,21.8,119.3531692,5.157723175,26.80514644,0,25.03283235,93.04438502,1.112,4.736675705
2,25,7.5,98.09859155,148.4,31.2,173.4845844,7.736584762,26.91400638,0.1,25.22409512,92.54468371,0.962,4.726062086
2,25,8,200.4225352,299.8,64,296.0064218,15.21528337,27.15151899,0,25.90861452,91.44534081,0.808,4.726062086
2,25,8.5,182.9577465,260.4,59.6,306.0405378,14.69951105,27.48799519,0,26.75419731,90.24605765,0.443,4.715347224
2,25,9,324.2957746,476.8,96,523.6224215,22.43609581,27.93333133,0.1,26.90519424,85.74874581,2.176,4.704529498
2,25,9.5,307.0422535,392,79.4,444.4057163,18.56780343,28.50732013,0,27.36825148,83.05035871,2.117,4.693607254
2,25,10,396.6197183,491.4,97,560.5902173,23.46764044,28.93286356,0,28.16350196,80.15209107,2.435,4.671442391
2,25,10.5,551.1971831,663.8,127.6,753.3508666,30.43056673,29.48705965,0.1,29.02921767,77.19385928,2.254,4.660196267
2,25,11,633.0985915,719.6,139,828.0786252,33.52520064,30.19959747,0,29.45200907,73.81587839,2.44,4.648838611
2,25,11.5,779.5774648,845.8,165.8,1011.33327,39.9723546,31.13975155,0.1,30.13652847,69.89822007,2.811,4.637367568
2,25,12,885.915493,1052.4,194,1149.170337,46.93528089,32.36690003,0,31.1029088,64.96117107,2.432,4.614077674
2,25,12.5,638.028169,761,147.2,845.7703561,35.58828991,32.9507852,0,31.89815928,61.39330367,2.272,4.602254889
2,25,13,679.5774648,810.6,156,892.2441564,37.90926533,33.00026699,0.1,32.57261222,58.76487475,2.436,4.578243453
2,25,13.5,560.5633803,681.2,133.6,753.878978,32.23576984,33.11902329,0,32.58267868,59.5444088,2.243,4.566050577
2,25,14,278.5211268,484.6,95.4,546.8593217,23.46764044,33.34663954,0.1,32.57261222,58.85482099,2.947,4.553730025
2,25,14.5,225.6338028,439.4,87,489.8232939,19.85723422,33.50498128,0.1,28.71715736,69.03873381,2.869,4.541279556
2,25,15,290.2112676,355.2,71.6,403.2130296,17.79414495,33.22788324,0.1,28.34469827,73.39612928,5.986,4.528696868
2,25,15.5,181.7605634,239.8,50.2,280.9552478,12.89430794,32.63410172,0,26.703865,77.20385331,3.688,4.528696868
2,25,16,79.71830986,121.2,25.4,146.286849,6.705040127,32.02052748,0.1,27.49911548,75.87464781,1.365,4.515979605
2,25,16.5,53.8028169,95.6,20,116.7126124,5.415609333,31.5356059,0.1,28.57622689,75.65477923,1.051,4.503125352
2,25,17,74.71830986,120.8,24.8,143.1181808,6.447153968,31.16944063,0,28.27423304,75.51486286,2.713,4.503125352
2,25,17.5,8.661971831,44.4,9.4,53.0751925,2.578861587,30.87254987,0.1,27.8111758,76.53425355,3.787,4.49013163
2,25,18,-20.49295775,11.6,2.6,14.25900694,0.257886159,30.49648823,0,26.89512778,77.75352476,4.15,4.49013163
2,25,18.5,-30.42253521,1,0,1.584334104,0,30.07094481,0.1,26.2307413,81.55125476,2.95,4.476995899
2,25,19,-32.46478873,0,0,0,0,29.7146759,0,25.64688652,85.44892502,2.958,4.476995899
2,25,19.5,-24.92957746,0,0,0,0,29.3781997,0,25.35495912,86.64820818,1.81,4.463715554
2,25,20,-30.42253521,0,0,0,0,29.07141258,0.1,25.14356343,87.9474316,2.217,4.463715554
2,25,20.5,-33.38028169,0,0,0,0,28.79431454,0,24.89190188,88.64701344,2.493,4.463715554
2,25,21,-34.57746479,0,0,0,0,28.55680193,0.1,24.76103788,89.54647581,2.61,4.450287922
2,25,21.5,-25.07042254,0,0,0,0,28.35887475,0,24.64024034,89.94623686,2.073,4.450287922
2,25,22,-22.46478873,0,0,0,0,28.20053301,0.1,24.6503068,89.8462966,1.8,4.450287922
2,25,22.5,-19.43661972,0,0,0,0,28.08177671,0,24.70063911,90.04617713,1.019,4.436710259
2,25,23,-16.26760563,0,0,0,0,28.0125022,0.1,24.7811708,89.8462966,0.187,4.436710259
2,25,23.5,-17.25352113,0,0,0,0,27.9630204,0,24.93216773,90.54587844,0.067,4.436710259
2,26,0,-17.6056338,0,0,0,0,27.92343497,0,25.01269942,90.9456395,0.979,4.422979751
2,26,0.5,-22.46478873,0,0,0,0,27.85416046,0.1,24.80130373,91.24546029,0.431,4.422979751
2,26,1,-26.61971831,0,0,0,0,27.79478231,0,24.88183542,91.34540055,1.093,4.422979751
2,26,1.5,-28.66197183,0,0,0,0,27.69581872,0.1,24.6503068,91.7451616,1.208,4.422979751
2,26,2,-28.02816901,0,0,0,0,27.60675149,0,24.56977511,91.94504213,1.11,4.409093509
2,26,2.5,-25.84507042,0,0,0,0,27.51768426,0,24.54964218,92.54468371,0.262,4.409093509
2,26,3,-23.09859155,0,0,0,0,27.44840975,0.1,24.46911049,92.54468371,1.308,4.409093509
2,26,3.5,-26.4084507,0,0,0,0,27.35934252,0,24.32818002,92.94444476,1.985,4.409093509
2,26,4,-35.56338028,0,0,0,0,27.27027529,0,24.23758187,93.24426555,1.537,4.395048566
2,26,4.5,-36.61971831,0,0,0,0,27.15151899,0.1,23.97585386,93.54408634,0.688,4.395048566
2,26,5,-35.42253521,0,0,0,0,27.0525554,0,23.77452463,93.34420581,0.397,4.395048566
2,26,5.5,-37.11267606,0,0,0,0,26.94369546,0,23.70405939,93.6440266,0.499,4.395048566
2,26,6,-32.11267606,7,1,7.921670522,0.257886159,26.84473187,0,23.412132,94.44354871,1.082,4.380841875
2,26,6.5,-11.69014085,26.6,5.4,36.4396844,1.547316952,26.75566464,0,23.46246431,94.54348897,1.524,4.380841875
2,26,7,35.98591549,84,17.6,99.28493721,4.641950857,26.73587192,0,24.02618617,94.64342923,1.711,4.380841875
2,26,7.5,51.54929577,100,20.6,123.5780601,5.673495492,26.77545736,0,24.42884464,94.04378766,1.732,4.380841875
2,26,8,104.7887324,171.2,35.6,201.2104313,8.768129397,26.97338453,0,24.84156957,93.74396687,1.281,4.36647031
2,26,8.5,166.056338,217.8,45.4,247.6842317,11.08910483,27.33954981,0.1,25.27442743,93.04438502,1.313,4.36647031
2,26,9,238.5915493,307.2,63.6,347.4972802,14.95739721,27.676026,0,25.7576176,92.44474344,1.346,4.36647031
2,26,9.5,319.6478873,406.6,83,456.0241664,19.34146191,28.17084394,0,26.38173823,90.44593818,1.063,4.351930654
2,26,10,259.8591549,343,71.6,380.2401851,16.76260032,28.60628372,0,26.76426377,87.54767055,1.33,4.351930654
2,26,10.5,213.4507042,283.6,59.4,317.9230436,13.66796641,28.91307084,0,27.02599178,85.64880555,1.093,4.337219607
2,26,11,296.3380282,384.8,78.8,430.410765,18.56780343,29.17037617,0,27.50918195,81.95101581,1.424,4.337219607
2,26,11.5,498.8732394,624,122.6,681.2636649,28.88324978,29.496956,0,28.1534355,78.46310062,1.477,4.322333774
2,26,12,483.3802817,603.8,120,660.9313772,28.1095913,30.16001204,0,29.01915121,74.51546023,1.308,4.322333774
2,26,12.5,442.6760563,545.2,109,604.6875165,26.04650203,30.58555546,0,29.69360415,70.90761673,1.472,4.307269667
2,26,13,664.7887324,800.4,149.8,882.2100405,36.61983454,31.10016612,0.1,30.55931986,67.6295761,1.027,4.292023697
2,26,13.5,743.6619718,895.8,164.6,985.7198686,41.00389924,32.14918014,0,31.64649774,62.80246138,1.049,4.292023697
2,26,14,726.7605634,867.2,162.6,952.7129081,40.74601308,33.08933422,0,32.56254576,60.81365015,1.815,4.276592177
2,26,14.5,709.8591549,842.8,162.8,921.026226,40.74601308,33.32684683,0,33.2369987,57.08587833,2.454,4.260971312
2,26,15,583.0985915,708.2,139,785.3016044,35.07251759,33.51487764,0,33.34772978,54.74727617,1.621,4.260971312
2,26,15.5,476.4788732,595,120.2,664.6281568,30.68845289,33.73259753,0,33.27726455,57.88540044,1.844,4.245157198
2,26,16,391.4084507,500.2,106,556.8934377,26.56227435,33.68311574,0,33.05580239,58.67492851,3.352,4.229145817
2,26,16.5,305.1408451,399,90.4,445.7259947,22.17820965,33.49508493,0,32.38134945,62.94237775,4.288,4.229145817
2,26,17,160.2112676,242,60.4,280.4271365,14.69951105,33.19819416,0,31.95855805,64.94118302,3.554,4.212933033
2,26,17.5,68.09859155,133.6,34.2,156.8490763,9.026015556,32.71327259,0.1,31.36463681,66.75010178,3.361,4.212933033
2,26,18,-7.394366197,27.4,5,37.23185145,1.547316952,32.16897286,0,30.46872171,69.09869796,2.896,4.212933033
2,26,18.5,-14.92957746,0.8,0,1.584334104,0,31.81270394,0,29.27081276,71.77709702,3.655,4.196514589
2,26,19,-26.69014085,0,0,0,0,31.43664231,0,26.88506132,76.03455223,3.92,4.196514589
2,26,19.5,-17.46478873,0,0,0,0,30.97151345,0,25.82808283,79.48249131,3.127,4.196514589
2,26,20,-15.28169014,0,0,0,0,30.41731737,0,25.97907976,80.15209107,1.45,4.196514589
2,26,20.5,-20.42253521,0,0,0,0,30.0016703,0,25.99921268,80.65179239,2.089,4.1798861
2,26,21,-31.47887324,0,0,0,0,29.65529774,0,25.26436097,81.65119502,1.929,4.1798861
2,26,21.5,-34.78873239,0,0,0,0,29.38809606,0,25.17376281,82.55065739,1.183,4.1798861
2,26,22,-35.14084507,0,0,0,0,29.16047981,0.1,25.16369635,83.74994055,1.55,4.1798861
2,26,22.5,-34.01408451,0,0,0,0,28.94275992,0,24.82143665,85.94862634,1.377,4.1798861
2,26,23,-30.77464789,0,0,0,0,28.77452182,0,24.71070557,86.94802897,0.477,4.1798861
2,26,23.5,-30,0,0,0,0,28.59638736,0,24.77110434,88.64701344,1.811,4.163043047
2,27,0,-23.02816901,0,0,0,0,28.40835655,0,24.6503068,90.04617713,1.483,4.163043047
2,27,0.5,-24.85915493,0,0,0,0,28.2994966,0,24.64024034,90.64581871,1.669,4.163043047
2,27,1,-27.88732394,0,0,0,0,28.1807403,0,24.68050619,90.14611739,1.47,4.163043047
2,27,1.5,-27.25352113,0,0,0,0,28.06198399,0,24.69057265,90.54587844,0.805,4.163043047
2,27,2,-31.33802817,0,0,0,0,27.99270948,0.1,24.53957572,91.04557976,1.068,4.163043047
2,27,2.5,-30.70422535,0,0,0,0,27.91353861,0,24.4389111,91.14552002,1.452,4.163043047
2,27,3,-21.26760563,0,0,0,0,27.82447138,0,24.47917695,91.44534081,0.88,4.145980777
2,27,3.5,-21.69014085,0,0,0,0,27.77498959,0,24.47917695,92.14492265,0.509,4.145980777
2,27,4,-16.90140845,0,0,0,0,27.71561144,0,24.45904403,92.74456423,1.169,4.145980777
2,27,4.5,-12.18309859,0,0,0,0,27.66612964,0.1,24.41877818,93.54408634,2.273,4.145980777
2,27,5,-16.76056338,0,0,0,0,27.59685513,0,24.7811708,93.44414608,2.068,4.145980777
2,27,5.5,-21.47887324,0,0,0,0,27.52758062,0,24.98250004,93.54408634,1.394,4.145980777
2,27,6,-22.53521127,7.6,1.8,7.393559154,0,27.51768426,0,24.97243358,93.44414608,0.587,4.145980777
2,27,6.5,-6.408450704,25.6,5.4,34.59129461,1.805203111,27.5077879,0,25.08316466,93.6440266,0.774,4.145980777
2,27,7,8.028169014,32.8,6.6,47.00191176,1.805203111,27.5077879,0.1,25.26436097,94.14372792,1.322,4.145980777
2,27,7.5,50.63380282,76.8,16,90.83515532,4.12617854,27.58695877,0,25.61668713,94.04378766,1.281,4.145980777
2,27,8,89.36619718,121.8,26,139.6854569,6.447153968,27.7255078,0,25.85828221,93.24426555,2.628,4.128694494
2,27,8.5,247.0422535,367.8,101.8,467.3785608,23.98341276,27.95312405,0,26.37167176,89.54647581,3.826,4.128694494
2,27,9,249.7887324,336.4,71.6,376.8074612,16.76260032,28.41825291,0,26.72399793,85.34898476,3.738,4.128694494
2,27,9.5,451.4788732,578,115.8,653.2737624,27.85170514,28.86358905,0.1,27.27765332,83.84988081,2.976,4.128694494
2,27,10,624.6478873,806,152.6,880.6257063,36.36194838,29.62560867,0,28.27423304,80.95161318,3.131,4.111179251
2,27,10.5,509.084507,636.4,124,698.9553957,29.3990221,30.50638459,0,28.80775552,78.38314841,2.871,4.111179251
2,27,11,242.3943662,312.2,65.8,356.4751735,15.73105568,31.01109889,0,28.85808782,77.26381747,2.511,4.093429949
2,27,11.5,436.5492958,510.2,107.6,593.3331221,25.53072971,31.32778237,0,29.5224743,75.19505402,2.382,4.093429949
2,27,12,530.2112676,672,131,731.4342449,31.20422521,31.75332579,0.1,30.06606324,73.09630849,2.764,4.093429949
2,27,12.5,378.5915493,483.8,98,536.0330386,23.46764044,32.1590765,0,30.31772478,70.93759881,3.597,4.075441329
2,27,13,573.943662,726.6,141.6,788.7343283,34.04097295,32.4955527,0,30.87138018,70.08810657,3.767,4.075441329
2,27,13.5,696.4788732,861.6,166.8,943.4709592,41.00389924,32.96068155,0,30.84118079,71.14747336,4.282,4.057207964
2,27,14,730.9859155,880.2,171.6,968.5562491,42.80910235,33.72270118,0,30.8915131,70.69774218,4.429,4.057207964
2,27,14.5,353.8028169,433.6,86.6,480.581345,21.92032349,33.97011014,0.1,29.87480046,72.50666094,4.993,4.038724253
2,27,15,6.267605634,148.8,29,176.9173083,7.220812445,33.88104291,0,25.85828221,83.15029897,6.491,4.038724253
2,27,15.5,352.0422535,514.8,101.2,565.6072753,22.17820965,33.07943786,0,27.1266564,88.14731213,3.372,4.057207964
2,27,16,337.1830986,408.8,83.2,454.1757766,19.85723422,32.53513813,0,28.69702444,85.2490445,2.573,4.145980777
2,27,16.5,77.74647887,107.4,22.4,124.8983386,5.673495492,32.10959471,0.1,27.85144165,84.1497016,2.682,4.196514589
2,27,17,24.85915493,97.6,20,111.167443,4.641950857,31.8720821,0,27.34811856,86.34838739,2.153,4.212933033
2,27,17.5,92.67605634,195.2,41.6,202.0025983,8.510243238,31.56529498,0,27.58971364,87.34779002,2.638,4.245157198
2,27,18,9.295774648,70.6,15.2,58.62036186,2.320975429,31.21892242,0.1,26.59313392,89.0467745,3.286,4.276592177
2,27,18.5,-20.49295775,6,1.4,3.960835261,0,30.87254987,0,26.28107361,89.8462966,1.95,4.292023697
2,27,19,-20.14084507,0,0,0,0,30.48659188,0,26.28107361,90.14611739,1.192,4.292023697
2,27,19.5,-18.87323944,0,0,0,0,30.1699084,0,26.24080776,90.64581871,0.379,4.292023697
2,27,20,-12.04225352,0,0,0,0,29.93239579,0.1,26.31127299,91.54528108,1.079,4.292023697
2,27,20.5,-24.22535211,0,0,0,0,29.7146759,0,26.04954499,91.14552002,1.309,4.292023697
2,27,21,-33.45070423,0,0,0,0,29.47716329,0,24.76103788,90.9456395,2.828,4.322333774
2,27,21.5,-20.77464789,0,0,0,0,29.15058345,0,25.00263296,91.54528108,1.07,4.409093509
2,27,22,-17.88732394,0,0,0,0,28.9229672,0.1,25.14356343,92.44474344,0.98,4.422979751
2,27,22.5,-21.69014085,0,0,0,0,28.7547291,0,25.21402866,92.44474344,0.883,4.422979751
2,27,23,-26.4084507,0,0,0,0,28.62607644,0,25.40529143,93.24426555,1.399,4.409093509
2,27,23.5,-28.38028169,0,0,0,0,28.50732013,0,25.48582313,93.24426555,1.261,4.409093509
2,28,0,-15.14084507,0,0,0,0,28.40835655,0,25.48582313,93.24426555,0.603,4.395048566
2,28,0.5,-8.943661972,0,0,0,0,28.36877111,0.1,25.45562374,93.94384739,2.095,4.380841875
2,28,1,-10.77464789,0,0,0,0,28.31928932,0,25.24422805,94.24366818,2.568,4.380841875
2,28,1.5,-24.64788732,0,0,0,0,28.24011845,0,24.94223419,93.74396687,3.298,4.36647031
2,28,2,-17.74647887,0,0,0,0,28.14115486,0,24.59997449,94.04378766,3.143,4.36647031
2,28,2.5,-25.70422535,0,0,0,0,28.04219127,0,24.46911049,94.54348897,2.741,4.36647031
2,28,3,-13.66197183,0,0,0,0,27.93333133,0,24.0966514,94.24366818,2.553,4.351930654
2,28,3.5,-10.28169014,0,0,0,0,27.8442641,0.1,23.82485693,93.84390713,3.071,4.351930654
2,28,4,-8.38028169,0,0,0,0,27.75519687,0,23.77452463,93.94384739,2.938,4.351930654
2,28,4.5,-14.50704225,0,0,0,0,27.63644057,0,23.60339478,93.94384739,2.699,4.337219607
2,28,5,-15.42253521,0,0,0,0,27.5572697,0,23.61346124,94.34360844,2.169,4.337219607
2,28,5.5,-14.92957746,0,0,0,0,27.49789154,0,23.58326185,94.44354871,1.88,4.337219607
2,28,6,-9.014084507,2,0.2,2.112445473,0,27.42861703,0,23.58326185,94.34360844,1.737,4.337219607
2,28,6.5,2.746478873,14.2,2.6,16.37145241,0.515772317,27.37913524,0.1,23.68392647,94.44354871,1.585,4.322333774
2,28,7,26.33802817,40.4,7.2,47.00191176,2.06308927,27.35934252,0,23.78459109,94.7433695,1.816,4.322333774
2,28,7.5,91.69014085,141.4,25.6,163.4504684,6.705040127,27.39892796,0,24.07651848,94.34360844,2.284,4.322333774
2,28,8,225.2816901,311.2,61.8,321.6198232,15.73105568,27.52758062,0,24.66037326,92.8445045,2.349,4.322333774
2,28,8.5,231.4084507,318.2,67.4,296.0064218,16.76260032,27.95312405,0,25.28449389,90.64581871,2.382,4.307269667
2,28,9,362.0422535,474,89.8,521.509976,21.66243733,28.41825291,0,25.55628836,89.34659529,2.285,4.307269667
2,28,9.5,538.5211268,658.4,121.6,718.4955163,29.3990221,29.07141258,0.1,26.35153884,86.74814844,2.022,4.307269667
2,28,10,328.3802817,419.2,77.8,454.1757766,18.82568959,29.78395041,0,26.61326685,84.44952239,1.661,4.292023697
2,28,10.5,218.3098592,283.2,55.8,311.8497629,13.1521941,30.15011568,0,26.72399793,84.34958213,1.051,4.292023697
2,28,11,222.8873239,283,56.2,310.7935401,13.41008025,30.32825014,0,26.96559301,82.35077686,1.858,4.276592177
2,28,11.5,144.7887324,224.2,45.8,243.7233964,11.08910483,30.31835378,0,27.09645701,81.1514937,1.466,4.276592177
2,28,12,666.9014085,817.2,146.2,886.1708757,35.84617606,30.41731737,0,27.79104288,78.43311855,1.256,4.260971312
2,28,12.5,634.5070423,754.8,134.8,829.134848,33.78308679,31.39705688,0.1,28.60642628,73.52605162,1.853,4.260971312
2,28,13,330.6338028,412.6,80.6,454.703888,19.59934806,31.73353307,0,28.95875244,73.15627265,2.027,4.245157198
2,28,13.5,531.4084507,636.4,116.8,701.8600082,29.14113594,31.94135661,0,29.42180968,71.73712091,1.975,4.245157198
2,28,14,608.4507042,747.2,137.2,815.4039524,34.29885911,32.31741824,0.1,29.76406938,70.11808865,2.532,4.229145817
2,28,14.5,607.7464789,737.6,137,822.2694002,35.33040375,32.67368715,0,30.00566447,69.62838136,2.634,4.212933033
2,28,15,533.6619718,650.6,123.2,730.1139664,31.71999752,33.0695415,0,30.4183894,68.25919975,2.335,4.212933033
2,28,15.5,481.9014085,585.2,114.6,660.4032658,29.65690825,33.31695047,0,30.59958571,67.65955817,2.335,4.196514589
2,28,16,400,498.4,101.8,562.7026627,26.04650203,33.28726139,0.1,30.85124726,65.59079473,2.657,4.196514589
2,28,16.5,248.7323944,338.4,74,393.9710806,19.08357575,33.11902329,0,30.80091495,65.19103367,2.524,4.1798861
2,28,17,160.4929577,242.4,57.8,282.8036376,14.69951105,32.76275438,0,30.6297851,67.48965973,3.007,4.1798861
2,28,17.5,52.6056338,117,29,141.7979023,7.994470921,32.28772916,0.1,30.10632908,70.0981006,2.892,4.1798861
2,28,18,-6.056338028,31,5,43.56918787,2.06308927,31.81270394,0,29.50234138,72.9463981,2.001,4.163043047
2,28,18.5,-36.33802817,2.6,0.4,3.696779577,0,31.49602046,0,28.86815429,75.95460002,1.094,4.163043047
2,28,19,-35.70422535,0,0,0,0,31.16944063,0,28.2842995,80.25203134,1.289,4.163043047
2,28,19.5,-39.43661972,0,0,0,0,30.81317171,0.1,27.58971364,82.75053792,1.456,4.163043047
2,28,20,-35.70422535,0,0,0,0,30.40742101,0,27.23738748,84.54946265,2.258,4.163043047
2,28,20.5,-37.04225352,0,0,0,0,30.07094481,0,26.74413085,85.34898476,3.029,4.145980777
2,28,21,-36.33802817,0,0,0,0,29.75426133,0.1,26.53273515,85.94862634,1.803,4.145980777
2,28,21.5,-35.91549296,0,0,0,0,29.51674872,0,26.33140592,86.84808871,1.818,4.145980777
2,28,22,-35.49295775,0,0,0,0,29.32871791,0,26.03947853,88.24725239,1.862,4.145980777
2,28,22.5,-35.07042254,0,0,0,0,29.12089437,0.1,25.86834868,89.0467745,1.66,4.145980777
2,28,23,-34.57746479,0,0,0,0,28.94275992,0.1,25.56635482,88.84689397,1.408,4.145980777
2,28,23.5,-35.35211268,0,0,0,0,28.78441818,0,25.56635482,89.0467745,0.335,4.128694494
3,1,0,-30.63380282,0,0,0,0,28.6359728,0.1,25.69721883,89.44653555,0.534,4.128694494
3,1,0.5,-34.22535211,0,0,0,0,28.49742377,0.1,25.26436097,89.64641608,0.956,4.128694494
3,1,1,-33.09859155,0,0,0,0,28.38856383,0,25.23416158,90.74575897,0.448,4.128694494
3,1,1.5,-33.09859155,0,0,0,0,28.27970388,0.1,25.0730982,91.04557976,0.971,4.128694494
3,1,2,-18.38028169,0,0,0,0,28.15105122,0.1,25.05296527,91.34540055,1.448,4.128694494
3,1,2.5,-26.47887324,0,0,0,0,28.08177671,0,25.03283235,91.84510187,1.067,4.128694494
3,1,3,-26.12676056,0,0,0,0,28.0125022,0.1,24.85163604,92.24486292,0.501,4.128694494
3,1,3.5,-30.42253521,0,0,0,0,27.9630204,0.1,24.77110434,92.44474344,0.564,4.128694494
3,1,4,-27.67605634,0,0,0,0,27.90364225,0,24.93216773,92.54468371,0.336,4.111179251
3,1,4.5,-28.45070423,0,0,0,0,27.82447138,0.1,24.72077203,92.64462397,0.61,4.111179251
3,1,5,-27.53521127,0,0,0,0,27.76509323,0.1,24.75097142,92.94444476,1.026,4.111179251
3,1,5.5,-32.53521127,0,0,0,0,27.68592236,0,24.59997449,93.14432529,1.527,4.111179251
3,1,6,-15.07042254,4.4,0.6,5.545169365,0,27.61664785,0.1,24.4389111,93.54408634,0.96,4.111179251
3,1,6.5,4.929577465,27.6,5.6,34.8553503,1.547316952,27.58695877,0,24.66037326,94.24366818,1.574,4.111179251
3,1,7,29.50704225,45.2,9,51.22680271,1.805203111,27.59685513,0.1,24.84156957,94.34360844,1.878,4.111179251
3,1,7.5,62.18309859,93.4,18.6,104.5660509,4.384064698,27.64633693,0.1,24.9925665,94.24366818,1.461,4.111179251
3,1,8,142.3239437,230.4,46.2,253.7575124,11.34699098,27.83436774,0,25.40529143,94.04378766,1.409,4.111179251
3,1,8.5,194.8591549,254.4,51.6,293.365865,12.63642178,28.23022209,0.1,26.0998773,93.24426555,0.838,4.111179251
3,1,9,367.9577465,499.4,97,545.5390433,22.69398197,28.67555823,0,26.66359916,92.24486292,0.919,4.093429949
3,1,9.5,238.943662,369,71.8,396.0835261,16.246828,29.30892519,0.1,26.99579239,90.34599792,1.482,4.093429949
3,1,10,234.0140845,344.2,65,374.43096,14.18373873,29.6651941,0,27.15685578,90.04617713,1.039,4.093429949
3,1,10.5,185.0704225,260.6,50,293.6299207,11.8627633,29.88291399,0.1,27.19712163,88.44713292,2.674,4.093429949
3,1,11,122.3943662,286.2,52.4,328.2212153,11.60487714,30.05115209,0,26.18040899,90.34599792,4.168,4.093429949
3,1,11.5,328.943662,439,83.2,484.8062359,18.56780343,30.13032296,0.1,26.69379854,91.14552002,3.779,4.111179251
3,1,12,426.5492958,513.2,97.4,583.2990061,23.46764044,30.10063389,0,26.93539362,89.54647581,4.387,4.111179251
3,1,12.5,358.5915493,423.6,82.2,481.373512,19.85723422,30.2886647,0.1,27.06625763,87.54767055,4.949,4.111179251
3,1,13,157.1126761,189.8,36.6,235.2736145,10.31544635,30.46679916,0,26.58306746,86.54826792,5.987,4.111179251
3,1,13.5,107.1126761,152,29.2,185.6311459,7.994470921,30.36783557,0.1,26.12001022,86.94802897,4.778,4.111179251
3,1,14,145.4225352,196.4,38.8,231.8408906,9.799674032,30.15011568,0,26.06967791,87.44773029,3.692,4.111179251
3,1,14.5,42.95774648,80,15.6,95.58815763,4.12617854,29.96208486,0.1,25.8884816,87.54767055,2.785,4.111179251
3,1,15,31.26760563,58.2,11.4,71.03097901,3.352520064,29.72457226,0,25.64688652,86.24844713,3.266,4.111179251
3,1,15.5,89.92957746,136.2,27.4,158.6974661,6.705040127,29.45737057,0.1,25.25429451,85.04916397,3.087,4.111179251
3,1,16,158.5915493,213.4,43.4,248.7404544,10.83121867,29.36830334,0.1,25.66701944,84.44952239,1.759,4.111179251
3,1,16.5,122.3943662,171.4,35.6,203.8509881,9.283901714,29.34851062,0.1,25.97907976,83.35017949,1.775,4.111179251
3,1,17,99.64788732,156.2,35,189.8560368,9.283901714,29.31882155,0,26.41193761,82.45071713,1.226,4.111179251
3,1,17.5,81.4084507,147.8,36.6,169.7878049,9.026015556,29.18027253,0.1,26.55286808,81.45131449,1.525,4.111179251
3,1,18,25.07042254,47.6,8.8,54.92358229,2.320975429,28.95265628,0.1,26.59313392,80.55185213,1.271,4.093429949
3,1,18.5,-33.02816901,2.6,0.4,3.432723893,0,28.93286356,0.1,26.18040899,81.65119502,1.374,4.093429949
3,1,19,-41.76056338,0,0,0,0,28.88338176,0,25.79788344,84.94922371,1.372,4.093429949
3,1,19.5,-39.85915493,0,0,0,0,28.68545459,0.1,25.4656902,85.94862634,1.541,4.093429949
3,1,20,-38.38028169,0,0,0,0,28.43804562,0.1,25.15362989,86.74814844,1.561,4.093429949
3,1,20.5,-38.45070423,0,0,0,0,28.21042937,0.1,24.8617025,87.64761081,1.821,4.093429949
3,1,21,-37.32394366,0,0,0,0,28.0125022,0,24.72077203,88.14731213,0.912,4.093429949
3,1,21.5,-35.63380282,0,0,0,0,27.86405682,0.1,24.48924341,89.24665502,0.806,4.093429949
3,1,22,-38.45070423,0,0,0,0,27.71561144,0,24.3080471,90.74575897,0.861,4.093429949
3,1,22.5,-35.28169014,0.2,0,0,0,27.57706241,0.1,24.12685079,90.84569923,1.028,4.093429949
3,1,23,-34.92957746,0.4,0,0,0,27.45830611,0.1,24.07651848,91.14552002,1.134,4.093429949
3,1,23.5,-35.98591549,0.6,0,0,0,27.34944616,0,24.05638556,91.84510187,1.2,4.075441329
3,2,0,-33.87323944,0.6,0,0,0,27.25048258,0.1,23.95572094,91.7451616,0.785,4.075441329
3,2,0.5,-33.5915493,0.6,0,0,0,27.16141535,0,23.9657874,91.94504213,1.748,4.075441329
3,2,1,-30.42253521,0.6,0,0,0,27.07234812,0.1,24.06645202,92.34480318,1.652,4.075441329
3,2,1.5,-20.07042254,1,0,0,0,26.99317725,0,24.06645202,92.34480318,1.194,4.075441329
3,2,2,-20.28169014,1,0,0,0,26.98328089,0.1,24.04631909,92.44474344,1.065,4.075441329
3,2,2.5,-20.56338028,1.2,0,0,0,26.99317725,0,24.05638556,92.54468371,1.108,4.075441329
3,2,3,-19.36619718,1.2,0,0,0,26.98328089,0.1,24.04631909,92.64462397,0.835,4.075441329
3,2,3.5,-23.52112676,1.4,0,0,0,26.97338453,0,24.02618617,92.8445045,0.711,4.075441329
3,2,4,-25,1.4,0,0,0,26.94369546,0.1,24.10671786,92.94444476,0.759,4.075441329
3,2,4.5,-28.02816901,1.4,0,0,0,26.91400638,0.1,24.05638556,93.24426555,0.329,4.075441329
3,2,5,-31.97183099,1.4,0,0,0,26.87442095,0,23.79465755,93.34420581,0.132,4.057207964
3,2,5.5,-20.35211268,1.4,0,0,0,26.81504279,0,23.72419232,93.44414608,0.582,4.057207964
3,2,6,-21.90140845,10.6,1.8,8.44978189,0.257886159,26.77545736,0.1,23.87518924,93.84390713,0.973,4.057207964
3,2,6.5,2.253521127,64.4,13,64.42958691,3.094633905,26.69628649,0.1,24.16711663,93.74396687,1.354,4.057207964
3,2,7,63.09859155,172.6,38,179.5578652,8.768129397,26.63690834,0,24.53957572,93.34420581,1.831,4.057207964
3,2,7.5,118.8028169,287.4,60.2,310.0013731,13.66796641,26.70618285,0.1,25.13349697,92.44474344,1.734,4.057207964
3,2,8,276.6197183,393.8,80.6,397.4038045,18.30991727,27.11193356,0,25.8079499,90.54587844,2.049,4.057207964
3,2,8.5,165.2112676,319.6,97.4,433.3153775,22.17820965,27.74530051,0.1,26.33140592,87.64761081,2.846,4.057207964
3,2,9,410.7042254,608,113,672.0217159,25.53072971,28.48752742,0,27.06625763,84.64940292,2.933,4.038724253
3,2,9.5,573.943662,703,127,773.94721,28.88324978,29.31882155,0.1,27.85144165,81.25143397,3.23,4.038724253
3,2,10,607.0422535,742.4,132.2,818.5726206,29.91479441,30.17980476,0.1,28.4956952,77.3537637,3.016,4.038724253
3,2,10.5,636.6197183,756.2,134,836.7924628,30.43056673,30.98140981,0,29.20034752,73.38613526,2.874,4.019984414
3,2,11,775.3521127,936.4,166,997.8664301,37.90926533,31.85228938,0.1,30.09626262,69.7583037,2.577,4.019984414
3,2,11.5,734.5070423,857.4,155.4,925.7792283,35.84617606,32.9013034,0.1,30.78078202,66.48026307,2.408,4.000982477
3,2,12,696.4788732,830.2,153,912.0483328,35.33040375,33.61384123,0.1,31.28410511,64.18163702,2.402,4.000982477
3,2,12.5,639.4366197,754.2,143,837.8486855,33.00942832,34.09876281,0.1,31.83776051,62.14285565,2.353,3.981712275
3,2,13,588.7323944,711.6,135.2,785.3016044,31.20422521,34.23731183,0,32.33101714,60.39390104,2.019,3.981712275
3,2,13.5,432.8169014,550.4,109.4,610.7607972,25.0149574,34.25710455,0.2,32.48201406,59.49443867,1.32,3.962167436
3,2,14,421.4788732,537.6,108.2,593.8612335,25.0149574,34.24720819,0,32.95513777,57.86541238,1.831,3.962167436
3,2,14.5,251.5492958,331.8,68,365.9811781,15.47316952,34.11855552,0.1,32.82427377,58.3651137,1.95,3.962167436
3,2,15,96.90140845,219.6,46.6,241.8750066,10.83121867,33.92062835,0.1,30.58951925,68.83885328,2.925,3.942341374
3,2,15.5,147.3239437,219.2,46,244.5155634,11.08910483,33.61384123,0.1,30.52912048,70.93759881,1.182,3.942341374
3,2,16,101.056338,160.6,33.6,183.5187004,7.994470921,33.14871237,0.1,30.78078202,70.98756894,0.441,3.942341374
3,2,16.5,89.50704225,150.2,31.4,170.3159162,7.736584762,32.77265074,0,31.03244357,71.54723441,0.767,3.942341374
3,2,17,39.64788732,89,18.6,99.81304858,4.384064698,32.47575998,0.1,30.96197834,71.93700144,0.057,3.942341374
3,2,17.5,-1.197183099,41.2,9,45.68163334,1.805203111,32.19866193,0.1,31.00224418,74.8452631,0,3.942341374
3,2,18,-22.95774648,14.6,3.2,16.37145241,0.773658476,31.92156389,0,30.75058264,76.75412212,0.412,3.922227279
3,2,18.5,-30.77464789,0.8,0,1.056222736,0,31.64446585,0.1,29.88486693,82.35077686,0.617,3.922227279
3,2,19,-31.26760563,0,0,0,0,31.31788601,0.1,28.85808782,83.45011976,1.625,3.922227279
3,2,19.5,-32.04225352,0,0,0,0,30.94182438,0,28.3648312,85.14910423,1.822,3.922227279
3,2,20,-30.35211268,0,0,0,0,30.59545182,0.1,27.8111758,86.0485666,1.726,3.922227279
3,2,20.5,-25.21126761,0,0,0,0,30.31835378,0,27.66017887,86.44832765,1.026,3.922227279
3,2,21,-30.28169014,0,0,0,0,30.06104845,0.1,27.65011241,86.74814844,0.455,3.922227279
3,2,21.5,-30.77464789,0,0,0,0,29.84332856,0,27.41858379,88.34719265,1.137,3.922227279
3,2,22,-28.30985915,0,0,0,0,29.65529774,0.1,27.16692225,89.0467745,1.267,3.922227279
3,2,22.5,-29.36619718,0,0,0,0,29.45737057,0.1,27.08639055,89.8462966,0.764,3.922227279
3,2,23,-29.71830986,0,0,0,0,29.27923611,0,26.92532716,90.24605765,1.562,3.922227279
3,2,23.5,-30.77464789,0,0,0,0,29.13079073,0.1,26.68373208,90.04617713,1.221,3.922227279
3,3,0,-29.50704225,0,0,0,0,29.03182715,0,26.32133946,90.44593818,0.416,3.901818108
3,3,0.5,-29.22535211,0,0,0,0,28.93286356,0.1,26.16027607,91.44534081,0.954,3.901818108
3,3,1,-28.23943662,0,0,0,0,28.82400361,0,26.03947853,91.24546029,1.358,3.901818108
3,3,1.5,-27.88732394,0,0,0,0,28.68545459,0.1,25.83814929,91.84510187,0.27,3.901818108
3,3,2,-31.97183099,0,0,0,0,28.57659464,0,25.60662067,92.14492265,0.443,3.901818108
3,3,2.5,-33.16901408,0,0,0,0,28.45783834,0.1,25.56635482,92.34480318,0.407,3.901818108
3,3,3,-33.23943662,0,0,0,0,28.34897839,0,25.40529143,92.74456423,1.331,3.901818108
3,3,3.5,-30.07042254,0,0,0,0,28.22032573,0.1,25.45562374,92.8445045,1.47,3.901818108
3,3,4,-34.15492958,0.4,0,0,0,28.11146579,0,25.66701944,93.14432529,1.527,3.901818108
3,3,4.5,-33.38028169,0.4,0,0,0,28.02239856,0.1,25.52608898,93.54408634,1.736,3.901818108
3,3,5,-33.94366197,0.6,0,0,0,27.94322769,0,25.45562374,93.74396687,2.059,3.901818108
3,3,5.5,-34.08450704,1,0,0,0,27.87395318,0,25.32475974,93.84390713,1.987,3.901818108
3,3,6,-30.28169014,5.4,1,5.281113681,0,27.80467867,0.1,25.16369635,93.94384739,2.005,3.901818108
3,3,6.5,1.61971831,49.6,10.2,52.54708113,2.320975429,27.75519687,0,25.11336404,94.24366818,2.281,3.901818108
3,3,7,52.3943662,122.6,26.4,133.3481205,6.18926781,27.7255078,0.1,25.44555728,94.24366818,1.958,3.901818108
3,3,7.5,62.25352113,170.4,36.2,193.2887607,8.768129397,27.81457502,0,25.93881391,93.84390713,1.736,3.901818108
3,3,8,129.7183099,200.6,42.2,226.8238326,10.05756019,28.02239856,0.1,26.19047545,92.94444476,2.537,3.881106577
3,3,8.5,252.0422535,324.8,69.6,353.8346166,15.47316952,28.32918568,0,26.62333331,92.24486292,2.315,3.881106577
3,3,9,243.6619718,328.8,68.2,367.8295679,15.21528337,28.76462546,0.1,27.05619117,90.84569923,2.491,3.881106577
3,3,9.5,245.2112676,326.6,67.8,359.6438417,14.95739721,29.14068709,0,27.41858379,89.8462966,1.888,3.881106577
3,3,10,253.3098592,331.4,69.6,359.9078974,15.21528337,29.51674872,0.1,27.70044472,87.9474316,2.187,3.881106577
3,3,10.5,436.2676056,539.8,105.8,594.3893448,23.98341276,29.88291399,0,28.19370135,85.34898476,2.386,3.881106577
3,3,11,493.5915493,608.6,100.2,666.7406023,27.07804667,30.42721372,0.1,28.80775552,81.95101581,2.801,3.860085144
3,3,11.5,636.6197183,769.6,107,830.1910707,33.00942832,31.20902606,0,29.64327184,77.71354865,2.517,3.860085144
3,3,12,494.9295775,615,81,670.1733262,27.33593283,31.94135661,0.1,30.19692724,74.16566931,2.949,3.860085144
3,3,12.5,354.5774648,457.8,60.8,497.2168531,20.6308927,32.28772916,0,30.59958571,72.57661912,2.929,3.838746003
3,3,13,341.2676056,445.8,59.8,484.5421803,20.11512038,32.40648547,0.1,30.47878817,72.59660718,3.742,3.838746003
3,3,13.5,323.7323944,421.8,56.4,460.2490573,19.34146191,32.43617454,0.1,30.47878817,72.38673262,3.565,3.838746003
3,3,14,392.9577465,508.4,74.2,555.3091036,23.46764044,32.42627818,0,30.38819001,70.82766452,3.235,3.817081071
3,3,14.5,380.8450704,495,90.8,544.4828205,23.20975429,32.48565634,0.1,30.74051618,69.3385546,2.863,3.817081071
3,3,15,397.2535211,510,93.4,564.5510525,24.24129892,32.62420536,0,30.99217772,68.44908625,2.339,3.817081071
3,3,15.5,369.9295775,478.4,84.6,534.9768159,23.46764044,32.74296166,0.1,31.06264295,66.59019736,2.69,3.817081071
3,3,16,385.5633803,497,90.8,553.1966581,25.0149574,32.89140704,0,31.66663066,66.04052591,2.518,3.795081971
3,3,16.5,330.4225352,448.6,91,495.632519,23.20975429,32.92109612,0.1,31.80756113,65.52083654,2.639,3.795081971
3,3,17,139.9295775,218.4,48,249.0045101,12.12064946,32.7825471,0,31.5257002,67.33974933,2.341,3.795081971
3,3,17.5,28.66197183,78.8,16.8,90.83515532,4.12617854,32.63410172,0.1,30.57945279,69.3785307,2.54,3.795081971
3,3,18,-17.32394366,21.4,5,24.02906725,1.031544635,32.39658911,0,29.77413585,73.07632044,2.294,3.795081971
3,3,18.5,-32.6056338,1,0.2,1.32027842,0,32.02052748,0,29.07954998,77.32378162,2.014,3.795081971
3,3,19,-33.45070423,0,0,0,0,31.58508769,0.1,28.6265592,79.85227028,1.278,3.795081971
3,3,19.5,-29.71830986,0,0,0,0,31.16944063,0,28.54602751,81.55125476,1.232,3.795081971
3,3,20,-28.66197183,0,0,0,0,30.80327536,0.1,28.26416658,83.55006002,1.009,3.795081971
3,3,20.5,-29.92957746,0,0,0,0,30.47669552,0,27.7306441,87.34779002,1.329,3.795081971
3,3,21,-30.63380282,0,0,0,0,30.17980476,0,27.57964718,87.74755107,1.352,3.795081971
3,3,21.5,-27.81690141,0,0,0,0,29.95218851,0.1,27.3883844,88.44713292,2.11,3.772740025
3,3,22,-40.84507042,0,0,0,0,29.75426133,0,26.9152607,89.14671476,2.217,3.772740025
3,3,22.5,-27.25352113,0,0,0,0,29.56623052,0,26.14014314,87.74755107,2.774,3.772740025
3,3,23,-28.5915493,0,0,0,0,29.36830334,0,25.91868098,87.24784976,2.257,3.772740025
3,3,23.5,-24.64788732,0,0,0,0,29.22975432,0.1,25.97907976,88.74695371,1.579,3.772740025
3,4,0,-31.97183099,0,0,0,0,29.12089437,0,26.12001022,89.24665502,1.272,3.772740025
3,4,0.5,-31.76056338,0,0,0,0,29.00213807,0,25.91868098,89.14671476,0.489,3.772740025
3,4,1,-30.07042254,0,0,0,0,28.86358905,0.1,26.03947853,90.54587844,1.466,3.772740025
3,4,1.5,-29.22535211,0,0,0,0,28.73493638,0,25.87841514,91.24546029,1.348,3.772740025
3,4,2,-26.61971831,0,0,0,0,28.62607644,0,25.63682005,92.24486292,1.378,3.772740025
3,4,2.5,-22.46478873,0.2,0,0,0,28.55680193,0,25.56635482,92.44474344,1.245,3.772740025
3,4,3,-24.71830986,0.6,0,0,0,28.48752742,0.1,25.3348262,92.64462397,1.831,3.772740025
3,4,3.5,-23.09859155,0.6,0,0,0,28.40835655,0,25.4153579,93.94384739,2.436,3.772740025
3,4,4,-26.83098592,0.6,0,0,0,28.31928932,0,25.25429451,94.44354871,2.036,3.772740025
3,4,4.5,-33.87323944,0.6,0,0,0,28.25001481,0,25.21402866,94.54348897,1.193,3.772740025
3,4,5,-34.43661972,0.6,0,0,0,28.1807403,0.1,25.09323112,93.94384739,0.413,3.772740025
3,4,5.5,-23.38028169,0.6,0,0,0,28.09167307,0,25.03283235,94.04378766,1.075,3.772740025
3,4,6,-13.09859155,3.2,0.4,3.432723893,0,28.04219127,0,24.96236712,94.64342923,1.356,3.772740025
3,4,6.5,7.042253521,41.6,8.8,47.00191176,2.06308927,28.03229492,0,24.93216773,95.14313055,1.133,3.772740025
3,4,7,66.47887324,158.6,36.2,170.3159162,8.252357079,28.00260584,0,25.84821575,94.7433695,0.489,3.772740025
3,4,7.5,55.91549296,161.2,35.2,191.4403709,8.768129397,28.03229492,0.1,26.19047545,93.6440266,0.684,3.772740025
3,4,8,303.6619718,438.2,93.8,455.496055,20.37300654,28.2994966,0,26.81459608,92.34480318,1.137,3.772740025
3,4,8.5,309.1549296,335.2,102,477.9407882,22.95186813,28.8042109,0,26.81459608,89.8462966,1.815,3.772740025
3,4,9,471.6901408,641.6,126.6,707.1411219,28.1095913,29.48705965,0.1,27.17698871,87.1479095,2.789,3.750046232
3,4,9.5,555.7746479,682.8,133.6,740.6761938,29.14113594,30.37773193,0,27.7306441,84.04976134,2.821,3.750046232
3,4,10,450.7042254,548.6,108.2,611.5529643,24.24129892,31.07047704,0,28.55609397,78.32318426,4.199,3.750046232
3,4,10.5,526.2676056,659.8,127.6,719.2876834,27.85170514,31.59498405,0,29.36141091,74.22563347,3.725,3.726991262
3,4,11,579.5774648,706.2,138.2,771.8347645,30.43056673,32.06011291,0,29.67347123,71.06752115,3.779,3.726991262
3,4,11.5,735.2112676,865.4,163,947.9599058,36.36194838,32.76275438,0.1,30.47878817,67.93939091,3.877,3.726991262
3,4,12,671.8309859,794.2,150.4,874.8164813,34.04097295,33.59404851,0,30.79084849,67.70952831,3.584,3.703565429
3,4,12.5,743.6619718,879.4,166.6,981.4949777,38.16715149,34.2670009,0,31.14317465,66.13047215,3.324,3.703565429
3,4,13,822.5352113,961,180.6,1060.975739,41.51967156,34.83109335,0,31.61629835,63.78187596,3.12,3.679758684
3,4,13.5,771.8309859,887,168,991.7931493,39.45658229,35.5139421,0,32.13975436,60.86362028,2.84,3.679758684
3,4,14,711.2676056,843.8,163.4,942.6787921,38.42503765,36.0186564,0.1,32.66321038,57.4156812,2.621,3.65556059
3,4,14.5,646.4788732,758.2,150.8,846.8265788,35.33040375,36.11761998,0,33.28733101,56.33632636,2.364,3.65556059
3,4,15,592.2535211,697.8,143,780.8126578,33.52520064,36.11761998,0,33.47859378,54.72728812,2.09,3.65556059
3,4,15.5,368.7323944,455,96.8,524.9426999,22.95186813,36.03844911,0,33.56919194,54.7972463,1.882,3.630960307
3,4,16,286.6197183,373.2,83.2,430.410765,19.59934806,35.89000373,0,33.48866024,55.28695359,1.498,3.630960307
3,4,16.5,70.21126761,114.2,25.2,136.252733,6.447153968,35.50404574,0.1,33.05580239,56.83602767,1.548,3.630960307
3,4,17,-46.4084507,52.4,11.8,58.62036186,2.578861587,35.06860596,0,31.83776051,62.17283773,3.036,3.630960307
3,4,17.5,-61.12676056,40,8.8,43.83324355,1.805203111,34.58368438,0,29.27081276,69.03873381,3.805,3.630960307
3,4,18,-10.49295775,17.4,4,19.27606494,1.031544635,33.80187205,0,29.79426877,72.86644589,1.395,3.630960307
3,4,18.5,-25.28169014,0.4,0,0.792167052,0,33.07943786,0,29.51240784,76.00457015,1,3.630960307
3,4,19,-29.08450704,0,0,0,0,32.56482721,0,29.36141091,78.48308868,1.243,3.630960307
3,4,19.5,-18.73239437,0,0,0,0,32.13928378,0,28.21383427,80.85167292,2.79,3.630960307
3,4,20,-18.73239437,0,0,0,0,31.74342943,0,28.35476474,83.35017949,2.999,3.630960307
3,4,20.5,-23.87323944,0,0,0,0,31.37726416,0,27.98230565,85.04916397,3.335,3.630960307
3,4,21,-18.38028169,0,0,0,0,31.09026976,0.1,27.62997949,85.74874581,2.684,3.630960307
3,4,21.5,-21.54929577,0.2,0,0,0,30.89234258,0,27.5997801,86.14850686,1.423,3.630960307
3,4,22,-26.83098592,0.2,0,0,0,30.61524454,0,26.72399793,87.9474316,3.66,3.65556059
3,4,22.5,-16.69014085,0,0,0,0,28.91307084,0,24.67043972,90.44593818,6.559,5.186723441
3,4,23,-12.18309859,0,0,0,0,27.47809883,0,24.23758187,92.04498239,2.177,5.448507367
3,4,23.5,-22.18309859,0,0,0,0,27.20100078,0,24.03625263,92.94444476,3.905,5.395235019
3,5,0,-17.6056338,0.4,0,0,0,27.11193356,0,24.44897756,93.74396687,2.633,5.332751318
3,5,0.5,-14.85915493,0.4,0,0,0,27.1020372,0.1,24.57984157,93.34420581,1.497,5.302878813
3,5,1,-16.61971831,0,0,0,0,27.14162263,0,24.41877818,93.54408634,3.061,5.326853496
3,5,1.5,-13.16901408,0,0,0,0,27.15151899,0,24.24764833,93.94384739,1.029,5.367363871
3,5,2,-10.56338028,0,0,0,0,27.17131171,0,24.22751541,94.04378766,0.996,5.550836627
3,5,2.5,-12.74647887,0,0,0,0,27.15151899,0,24.25771479,94.34360844,2.159,5.666484073
3,5,3,-14.36619718,0,0,0,0,27.1020372,0.1,24.27784771,94.64342923,1.7,5.674436283
3,5,3.5,-13.5915493,0,0,0,0,27.07234812,0,24.35837941,94.94325002,2.642,5.678383215
3,5,4,-23.02816901,0,0,0,0,27.0525554,0,23.80472401,94.64342923,3.624,5.68231091
3,5,4.5,-19.92957746,0,0,0,0,27.02286633,0,23.60339478,95.04319029,2.393,5.68231091
3,5,5,-16.76056338,0,0,0,0,26.99317725,0,23.50273016,95.44295134,1.495,5.686219523
3,5,5.5,-16.26760563,0,0,0,0,26.95359182,0,23.47253077,95.64283187,1.403,5.690109208
3,5,6,-17.53521127,0.2,0,0.264055684,0,26.90411002,0.1,23.4926637,95.34301108,1.61,5.690109208
3,5,6.5,-20.28169014,4,0.6,4.753002313,0,26.86452459,0,23.48259723,95.34301108,3.055,5.693980117
3,5,7,-18.5915493,13.4,2.4,16.37145241,0.515772317,26.81504279,0,23.412132,95.34301108,2.896,5.693980117
3,5,7.5,-10.70422535,29,5.6,33.79912756,1.547316952,26.80514644,0,23.412132,95.24307081,2.777,5.693980117
3,5,8,8.169014085,57,10.6,64.6936426,2.320975429,26.79525008,0,23.69399293,95.44295134,2.514,5.697832401
3,5,8.5,43.66197183,116.8,21.2,130.9716193,4.899837016,26.85462823,0,24.12685079,95.5428916,1.68,5.697832401
3,5,9,120.5633803,209.2,38,233.9533361,9.026015556,27.04265904,0.1,24.62010741,95.24307081,1.43,5.697832401
3,5,9.5,186.4788732,270.6,51.2,301.0234798,11.8627633,27.29006801,0,24.57984157,94.24366818,2.06,5.697832401
3,5,10,262.1126761,348.2,69.2,390.8024124,14.69951105,27.66612964,0,24.94223419,93.94384739,1.198,5.693980117
3,5,10.5,364.0140845,468.4,94.8,523.6224215,20.37300654,28.17084394,0,25.69721883,93.94384739,0.799,5.662478474
3,5,11,394.7183099,495.2,101.4,558.7418275,21.92032349,28.83389997,0,26.22067484,92.74456423,1.602,5.612812145
3,5,11.5,421.1971831,526,108,595.7096232,23.7255266,29.43757785,0.1,26.71393147,91.44534081,1.524,5.595568427
3,5,12,482.5352113,591.2,119.8,671.7576603,26.30438819,29.97198122,0,27.2575204,90.34599792,1.75,5.582397259
3,5,12.5,404.4366197,493.4,101.4,566.3994423,22.43609581,30.4569028,0,27.53938133,88.04737186,1.578,5.569015725
3,5,13,359.5070423,439.8,90.6,506.9869134,19.85723422,30.81317171,0.1,27.86150811,85.84868607,1.561,5.522816981
3,5,13.5,569.7183099,675.4,132.2,775.0034327,29.65690825,31.18923334,0,28.20376781,84.1497016,1.37,5.493851032
3,5,14,673.943662,799.6,156.8,900.6939383,35.07251759,31.96114932,0,29.19028106,80.25203134,1.218,5.478996335
3,5,14.5,393.943662,471.2,95,547.3874331,22.17820965,32.34710731,0,29.61307246,78.32318426,1.056,5.463884286
3,5,15,337.1830986,408.8,86.2,482.1656791,20.11512038,32.22835101,0.1,29.76406938,74.90522726,1.294,5.453662913
3,5,15.5,414.7887324,506.8,110.6,584.6192845,25.0149574,32.11949106,0,30.46872171,70.91761075,1.659,5.448507367
3,5,16,351.6197183,441.6,100.6,508.0431361,22.69398197,32.10959471,0,31.21363988,67.26979115,1.984,5.438105086
3,5,16.5,134.7887324,189.6,43.4,228.4081667,10.57333251,32.07990563,0.1,31.35457035,67.14986283,1.507,5.427579213
3,5,17,44.29577465,90.2,20.8,112.7517771,5.415609333,31.88197845,0,30.7606491,71.14747336,2.663,5.422269161
3,5,17.5,3.098591549,39.2,8.8,50.43463566,2.320975429,31.63456949,0,29.67347123,76.5542416,2.579,5.411553252
3,5,18,-12.46478873,16.4,3.8,19.54012062,0.773658476,31.28819693,0.1,28.85808782,79.69236586,2.397,5.406146752
3,5,18.5,-33.09859155,0.8,0.2,1.32027842,0,30.87254987,0,28.00243857,82.45071713,2.775,5.400707452
3,5,19,-32.32394366,0,0,0,0,30.4569028,0,27.41858379,82.45071713,3.082,5.389729116
3,5,19.5,-27.81690141,0,0,0,0,30.04125573,0.1,27.27765332,82.15089634,2.777,5.3841894
3,5,20,-30.91549296,0,0,0,0,29.70477954,0,27.16692225,83.45011976,1.137,5.373007132
3,5,20.5,-30.63380282,0,0,0,0,29.50685236,0,27.16692225,85.44892502,1.168,5.361685376
3,5,21,-30.70422535,0,0,0,0,29.32871791,0,27.08639055,86.74814844,0.886,5.350221207
3,5,21.5,-29.78873239,0,0,0,0,29.16047981,0.1,26.84479547,86.74814844,0.319,5.338611614
3,5,22,-28.87323944,0,0,0,0,29.02193079,0,26.84479547,88.34719265,0.218,5.326853496
3,5,22.5,-21.1971831,0,0,0,0,28.89327812,0,26.69379854,88.64701344,1.224,5.308930822
3,5,23,-16.69014085,0,0,0,0,28.78441818,0,26.65353269,89.0467745,1.277,5.290655564
3,5,23.5,-25.07042254,0,0,0,0,28.71514367,0.1,26.50253577,89.44653555,1.299,5.278270417
3,6,0,-21.61971831,0,0,0,0,28.66566187,0,26.3616053,89.94623686,0.67,5.265719766
3,6,0.5,-26.1971831,0,0,0,0,28.61618008,0,26.28107361,91.54528108,1.524,5.25299989
3,6,1,-26.4084507,0,0,0,0,28.54690557,0,25.99921268,91.54528108,0.832,5.2465753
3,6,1.5,-17.18309859,0,0,0,0,28.4677347,0.1,26.02941206,91.64522134,0.745,5.233594356
3,6,2,-14.50704225,0,0,0,0,28.39846019,0,26.0998773,91.84510187,1.013,5.220434363
3,6,2.5,-16.76056338,0,0,0,0,28.32918568,0,26.17034253,92.04498239,1.857,5.21378593
3,6,3,-23.09859155,0,0,0,0,28.25991117,0.1,26.0193456,92.14492265,1.237,5.200349531
3,6,3.5,-25.14084507,0,0,0,0,28.19063665,0,26.06967791,92.54468371,2.113,5.186723441
3,6,4,-31.26760563,0,0,0,0,28.12136214,0,26.00927914,92.54468371,2.388,5.179837859
3,6,4.5,-20.42253521,0,0,0,0,28.05208763,0,25.51602251,91.54528108,2.401,5.165918735
3,6,5,-26.54929577,0,0,0,0,27.95312405,0.1,25.11336404,90.64581871,3.039,5.151798369
3,6,5.5,-24.29577465,0,0,0,0,27.83436774,0,24.84156957,89.54647581,2.214,5.137471864
3,6,6,-19.57746479,1.6,0.4,1.848389788,0,27.74530051,0,24.75097142,89.8462966,1.478,5.115584469
3,6,6.5,-31.33802817,11.2,2.8,11.6184501,0.257886159,27.70571508,0,24.64024034,89.74635634,2.346,5.108180003
3,6,7,-12.04225352,62.6,14,66.54203238,2.836747746,27.59685513,0.1,24.48924341,90.04617713,2.136,5.09320398
3,6,7.5,137.3239437,238.2,53.4,257.7183476,10.83121867,27.57706241,0,25.14356343,89.54647581,0.8,5.078000472
3,6,8,219.7887324,318.2,70.4,348.553503,14.18373873,27.83436774,0,25.85828221,87.54767055,1.656,5.062563659
3,6,8.5,267.6056338,322.8,82,392.3867465,16.50471416,28.30939296,0,26.04954499,84.94922371,2.107,5.046887512
3,6,9,278.5915493,382,84.2,429.8826537,17.02048648,28.83389997,0.1,26.45220346,82.85047818,1.605,5.022910811
3,6,9.5,263.943662,356,78,400.8365284,15.98894184,29.2594434,0,26.97565947,80.45191186,2.098,5.006608485
3,6,10,410,535.6,112.8,590.4285096,22.95186813,29.58602323,0.1,27.43871671,77.9234232,2.81,4.99004392
3,6,10.5,436.1971831,555.8,116.8,612.3451313,23.46764044,30.15011568,0,28.25410012,75.00516752,2.381,4.964689754
3,6,11,444.7183099,565.4,118.4,626.868194,24.24129892,30.61524454,0,28.73729028,73.02635031,2.415,4.947437899
3,6,11.5,707.7464789,858,172.2,937.1336227,35.07251759,31.29809329,0.1,29.49227492,70.16805878,2.301,4.921016961
3,6,12,745.7746479,895.4,179.8,978.5903651,36.8777207,32.33721096,0,30.08619616,66.7201197,2.545,4.893919507
3,6,12.5,697.1830986,842.2,172.2,923.4027272,35.33040375,32.86171797,0,30.56938633,65.23100978,2.561,4.866116164
3,6,13,518.8028169,626,130,697.6351173,27.07804667,33.05964514,0.1,30.90157957,65.28097991,2.703,4.837575743
3,6,13.5,661.971831,795.2,164,876.4008154,34.04097295,33.19819416,0,30.96197834,65.41090225,3.003,4.818123021
3,6,14,697.1830986,828.2,171,916.5372794,35.84617606,33.48518857,0,31.30423804,63.75189388,3.144,4.788279418
3,6,14.5,683.0985915,804.4,168.6,895.940936,35.58828991,33.57425579,0.1,31.80756113,61.57319615,2.944,4.767924775
3,6,15,564.7887324,670,144.4,755.4633121,30.94633905,33.60394487,0,32.25048544,60.33393688,2.625,4.736675705
3,6,15.5,464.3661972,567.4,127,642.4474793,27.07804667,33.60394487,0,32.66321038,58.73489267,1.831,4.715347224
3,6,16,241.1971831,318.4,74.6,369.413902,15.98894184,33.58415215,0.1,33.18666639,56.59617104,1.638,4.693607254
3,6,16.5,168.4507042,243.4,59.2,283.0676933,12.89430794,33.24767596,0,32.65314392,58.82483891,1.388,4.682578795
3,6,17,125.5633803,199,50.4,228.6722224,10.83121867,32.9013034,0,32.83434023,58.81484488,0.743,4.671442391
3,6,17.5,18.38028169,67.2,15.4,79.74481659,3.610406222,32.53513813,0.1,31.81762759,63.59198946,1.478,4.648838611
3,6,18,-20.70422535,20.6,5,23.76501157,1.031544635,32.35700367,0,31.25390573,69.44848889,0.876,4.648838611
3,6,18.5,-32.88732394,0.8,0,1.056222736,0,32.07000927,0,30.84118079,72.91641602,1.001,4.637367568
3,6,19,-37.3943662,0,0,0,0,31.66425856,0,29.56274015,74.80528699,2.396,4.625781237
3,6,19.5,-34.78873239,0,0,0,0,31.18923334,0.1,28.98895183,76.13449249,1.868,4.614077674
3,6,20,-34.15492958,0,0,0,0,30.80327536,0,28.73729028,78.06333957,1.414,4.602254889
3,6,20.5,-33.45070423,0,0,0,0,30.54597003,0,28.22390073,82.45071713,0.247,4.602254889
3,6,21,-31.90140845,0,0,0,0,30.31835378,0,27.96217273,83.55006002,1.089,4.590310845
3,6,21.5,-35.98591549,0,0,0,0,30.07094481,0,27.5997801,83.94982107,1.753,4.578243453
3,6,22,-32.67605634,0,0,0,0,29.81363948,0.1,27.44878318,84.34958213,1.112,4.566050577
3,6,22.5,-31.12676056,0,0,0,0,29.60581595,0,27.10652347,85.54886528,0.577,4.566050577
3,6,23,-31.97183099,0,0,0,0,29.47716329,0,27.00585886,87.34779002,0.598,4.553730025
3,6,23.5,-31.05633803,0,0,0,0,29.33861427,0,26.84479547,87.44773029,0.74,4.553730025
3,7,0,-30.70422535,0,0,0,0,29.20006524,0,26.77433024,88.34719265,0.432,4.541279556
3,7,0.5,-29.15492958,0,0,0,0,29.08130894,0.1,26.61326685,89.8462966,0.334,4.541279556
3,7,1,-29.92957746,0,0,0,0,28.96255263,0,26.2307413,89.94623686,0.831,4.528696868
3,7,1.5,-30.63380282,0,0,0,0,28.84379633,0,26.16027607,90.34599792,1.62,4.528696868
3,7,2,-31.54929577,0,0,0,0,28.71514367,0,25.89854806,90.74575897,1.33,4.528696868
3,7,2.5,-32.18309859,0,0,0,0,28.61618008,0,25.94888037,91.14552002,0.877,4.515979605
3,7,3,-33.23943662,0,0,0,0,28.49742377,0.1,25.8884816,91.84510187,0.843,4.515979605
3,7,3.5,-32.04225352,0,0,0,0,28.38856383,0,25.73748467,92.24486292,1.3,4.503125352
3,7,4,-31.97183099,0,0,0,0,28.28960024,0,25.72741821,92.24486292,1.843,4.503125352
3,7,4.5,-29.36619718,0,0,0,0,28.17084394,0,25.82808283,92.24486292,1.972,4.503125352
3,7,5,-33.66197183,0,0,0,0,28.08177671,0,25.69721883,92.34480318,1.978,4.49013163
3,7,5.5,-32.18309859,0,0,0,0,28.02239856,0.1,25.66701944,92.54468371,2.168,4.49013163
3,7,6,-28.8028169,4,0.8,4.488946629,0,27.98281312,0,25.40529143,92.8445045,2.159,4.49013163
3,7,6.5,-2.464788732,39.4,9,43.30513219,1.805203111,27.95312405,0,25.3348262,93.04438502,1.06,4.476995899
3,7,7,23.16901408,54.4,11.6,62.58119712,2.578861587,27.97291676,0,25.56635482,93.24426555,0.496,4.476995899
3,7,7.5,35.56338028,68.2,14.6,79.21670522,3.352520064,28.08177671,0,25.79788344,92.74456423,1.309,4.463715554
3,7,8,66.69014085,154.8,34.4,176.1251413,7.478698603,28.17084394,0,25.84821575,91.7451616,2.254,4.463715554
3,7,8.5,277.0422535,312.8,81.6,360.1719531,16.50471416,28.36877111,0.1,26.43207054,89.8462966,2.628,4.463715554
3,7,9,482.3943662,609.2,128.6,676.5106626,25.78861587,28.91307084,0,27.31791917,86.84808871,3.06,4.450287922
3,7,9.5,443.3802817,555.8,115.6,623.6995258,23.20975429,29.75426133,0,28.27423304,83.05035871,2.584,4.436710259
3,7,10,604.9295775,748.8,150.2,828.3426809,29.91479441,30.56576275,0,29.22048045,78.05334555,2.936,4.436710259
3,7,10.5,697.8873239,834.8,166.4,914.1607782,33.00942832,31.47622775,0.1,30.21706016,73.24621889,3.088,4.422979751
3,7,11,560.2112676,667.2,137.2,738.2996926,27.33593283,32.2778328,0,30.80091495,68.54902652,3.601,4.409093509
3,7,11.5,476.1267606,568,119.8,639.2788111,24.24129892,32.65389443,0,30.9720448,67.20982699,3.48,4.395048566
3,7,12,642.9577465,738.8,152.2,825.4380684,30.68845289,32.84192525,0,31.09284234,66.10049007,3.887,4.380841875
3,7,12.5,826.056338,971.4,197,1075.498801,39.71446845,33.33674319,0.1,31.87802636,64.71132041,3.305,4.36647031
3,7,13,635.915493,718.2,147,808.0103932,30.43056673,33.80187205,0,32.02902328,63.57200141,3.461,4.351930654
3,7,13.5,457.3943662,543.8,114.6,624.7557485,23.98341276,33.94042107,0,31.97869098,61.53322004,3.253,4.337219607
3,7,14,578.1690141,675.6,143.2,763.913094,29.65690825,33.93052471,0,32.76387499,59.6943192,3.597,4.322333774
3,7,14.5,107.5352113,163.6,37.6,191.1763153,7.994470921,33.74249389,0.1,32.28068483,60.84363223,2.665,4.307269667
3,7,15,42.11267606,85.4,20,99.54899289,4.384064698,33.39612134,0,31.68676358,65.23100978,1.756,4.307269667
3,7,15.5,5.492957746,29.2,6.8,36.17562872,1.805203111,32.98047427,0,30.72038325,72.64657731,3.096,4.292023697
3,7,16,-2.253521127,13.4,3,17.69173083,0.257886159,32.57472356,0,28.23396719,79.43252118,4.963,4.292023697
3,7,16.5,-10.42253521,11.8,2.6,16.37145241,0.257886159,32.08980199,0,27.48904902,83.15029897,3.082,4.292023697
3,7,17,-13.45070423,9.2,1.8,12.14656147,0,31.54550226,0,26.94546009,84.74934318,3.031,4.292023697
3,7,17.5,-15.28169014,6.8,1.4,8.44978189,0,31.06058068,0.1,26.442137,85.84868607,1.892,4.276592177
3,7,18,-22.32394366,2.6,0.8,2.904612525,0,30.69441541,0,26.2307413,86.0485666,1.214,4.276592177
3,7,18.5,-26.83098592,0,0,0,0,30.40742101,0,26.20054191,87.84749134,2.583,4.276592177
3,7,19,-13.23943662,0,0,0,0,30.09073753,0,25.85828221,89.24665502,2.522,4.276592177
3,7,19.5,-18.66197183,0,0,0,0,29.82353584,0,26.02941206,90.14611739,1.667,4.276592177
3,7,20,-23.94366197,0,0,0,0,29.63550503,0,25.86834868,90.9456395,1.493,4.260971312
3,7,20.5,-22.6056338,0,0,0,0,29.496956,0.1,25.93881391,91.04557976,1.509,4.260971312
3,7,21,-19.85915493,0,0,0,0,29.33861427,0,25.87841514,91.24546029,1.149,4.260971312
3,7,21.5,-15,0,0,0,0,29.22975432,0,25.83814929,92.24486292,2.082,4.260971312
3,7,22,-24.71830986,0,0,0,0,29.08130894,0,25.70728529,92.64462397,3.254,4.260971312
3,7,22.5,-26.90140845,0,0,0,0,28.96255263,0,25.36502559,93.34420581,2.417,4.260971312
3,7,23,-27.18309859,0,0,0,0,28.86358905,0,25.28449389,93.14432529,1.113,4.245157198
3,7,23.5,-28.23943662,0,0,0,0,28.7547291,0,25.25429451,93.14432529,1.663,4.245157198
3,8,0,-32.04225352,0,0,0,0,28.67555823,0.1,25.17376281,93.44414608,0.738,4.245157198
3,8,0.5,-34.92957746,0,0,0,0,28.59638736,0,25.17376281,93.34420581,0.703,4.245157198
3,8,1,-31.90140845,0,0,0,0,28.50732013,0,25.14356343,93.84390713,1.24,4.245157198
3,8,1.5,-18.09859155,0,0,0,0,28.41825291,0,25.00263296,94.34360844,1.356,4.245157198
3,8,2,-30.07042254,0,0,0,0,28.35887475,0,24.97243358,94.64342923,1.696,4.245157198
3,8,2.5,-34.43661972,0,0,0,0,28.26980752,0,24.80130373,94.34360844,0.953,4.245157198
3,8,3,-31.12676056,0,0,0,0,28.19063665,0,24.66037326,94.24366818,0.387,4.229145817
3,8,3.5,-23.09859155,0,0,0,0,28.11146579,0,24.66037326,94.84330976,1.066,4.229145817
3,8,4,-28.45070423,0,0,0,0,28.03229492,0.1,24.61004095,94.84330976,1.355,4.229145817
3,8,4.5,-25.35211268,0,0,0,0,27.9630204,0,24.58990803,94.84330976,1.132,4.229145817
3,8,5,-34.57746479,0,0,0,0,27.90364225,0,24.62010741,94.94325002,0.57,4.229145817
3,8,5.5,-21.4084507,0,0,0,0,27.83436774,0,24.61004095,94.94325002,1.025,4.229145817
3,8,6,-25.98591549,5.6,1.2,6.601392102,0.257886159,27.79478231,0,24.6503068,95.14313055,0.295,4.229145817
3,8,6.5,1.267605634,66,15.8,68.65447786,3.352520064,27.70571508,0,25.13349697,95.14313055,0.499,4.229145817
3,8,7,63.23943662,176,44.2,187.7435914,9.283901714,27.59685513,0,25.4656902,94.64342923,1.083,4.229145817
3,8,7.5,133.0985915,297.8,71.2,319.5073777,14.18373873,27.66612964,0,26.13007668,93.6440266,1.244,4.212933033
3,8,8,270.4225352,409.6,93.6,425.393707,18.56780343,28.03229492,0,26.63339977,92.24486292,1.384,4.212933033
3,8,8.5,375,321.8,114,406.3816978,22.69398197,28.64586916,0.1,27.22732102,90.44593818,1.292,4.212933033
3,8,9,458.028169,605,127.4,651.1613169,25.27284356,29.42768149,0,27.72057764,87.74755107,1.595,4.212933033
3,8,9.5,408.0985915,526.4,111.2,565.0791639,21.92032349,30.26887198,0,28.13330258,84.24964186,2.109,4.196514589
3,8,10,498.6619718,627.4,125.8,667.2687136,25.0149574,30.78348264,0,28.7070909,81.25143397,2.243,4.196514589
3,8,10.5,701.4084507,862.6,177.2,897.5252701,33.52520064,31.49602046,0,29.62313892,76.96399668,2.743,4.1798861
3,8,11,693.6619718,841.4,169.6,895.940936,33.00942832,32.29762552,0,30.0761297,74.01575891,3.361,4.163043047
3,8,11.5,769.0140845,912.6,181.2,979.3825322,35.84617606,33.32684683,0.1,30.24725955,71.28738973,2.881,4.163043047
3,8,12,778.8732394,921,184.4,986.7760913,36.36194838,34.36596449,0,31.02237711,69.13867407,2.26,4.145980777
3,8,12.5,697.1830986,840,173.2,893.5644349,34.29885911,34.68264797,0,31.5760325,67.17984491,2.299,4.128694494
3,8,13,652.8169014,791.6,163.8,846.5625231,32.493656,34.73212976,0,32.43168176,64.14166091,2.238,4.128694494
3,8,13.5,643.6619718,767.8,162.8,813.0274512,31.97788368,34.86078243,0,32.63301099,62.12286759,1.976,4.111179251
3,8,14,708.4507042,834.4,177,890.6598223,35.58828991,35.02902053,0,33.12626762,59.59437894,2.254,4.093429949
3,8,14.5,326.3380282,390.6,86.2,430.9388764,18.05203111,35.0587096,0.1,33.025603,59.66433712,2.467,4.093429949
3,8,15,485.6338028,603.8,137,644.5599248,26.82016051,34.82119699,0,33.47859378,58.47504799,1.457,4.075441329
3,8,15.5,241.6901408,308.8,72,343.0083336,14.69951105,34.58368438,0,33.28733101,58.28516149,2.571,4.075441329
3,8,16,208.2394366,275.6,64.4,308.1529833,13.41008025,34.29668998,0,32.71354269,61.29336341,3.114,4.075441329
3,8,16.5,41.33802817,88.8,20.2,102.1895497,4.641950857,33.95031743,0,31.81762759,65.03112925,2.768,4.057207964
3,8,17,11.05633803,51.8,12.4,55.45169365,2.578861587,33.51487764,0,31.03244357,68.28918183,2.443,4.057207964
3,8,17.5,-7.957746479,38.2,10,37.75996282,2.06308927,33.01016335,0.1,30.09626262,72.16686404,3.101,4.057207964
3,8,18,-52.6056338,40.8,10,35.64751735,1.547316952,32.56482721,0,28.29436596,80.95161318,3.455,4.057207964
3,8,18.5,-40.21126761,8.2,2.6,3.432723893,0,32.19866193,0,26.63339977,85.14910423,3.084,4.057207964
3,8,19,-28.5915493,0,0,0,0,31.58508769,0,25.00263296,84.74934318,3.385,4.057207964
3,8,19.5,-27.18309859,0,0,0,0,30.97151345,0,25.23416158,85.54886528,2.7,4.038724253
3,8,20,-20.70422535,0,0,0,0,30.49648823,0,25.59655421,86.44832765,1.865,4.038724253
3,8,20.5,-20.35211268,0,0,0,0,30.21939019,0,25.89854806,86.84808871,0.778,4.038724253
3,8,21,-31.12676056,0,0,0,0,30.02146302,0,25.63682005,87.1479095,1.052,4.038724253
3,8,21.5,-33.5915493,0,0,0,0,29.85322492,0,25.68715236,87.84749134,0.753,4.038724253
3,8,22,-31.4084507,0,0,0,0,29.69488318,0,25.6770859,89.24665502,0.39,4.038724253
3,8,22.5,-30.56338028,0,0,0,0,29.55633416,0.1,25.6770859,90.44593818,0.765,4.038724253
3,8,23,-31.54929577,0,0,0,0,29.40788878,0,25.72741821,90.24605765,1.495,4.038724253
3,8,23.5,-29.92957746,0,0,0,0,29.26933975,0,25.70728529,90.34599792,0.653,4.038724253
3,9,0,-30.42253521,0,0,0,0,29.15058345,0,25.38515851,91.04557976,0.397,4.038724253
3,9,0.5,-25.35211268,0.2,0,0,0,29.05161986,0,25.36502559,91.14552002,1.063,4.038724253
3,9,1,-27.25352113,0.4,0,0,0,28.95265628,0,25.77775052,91.44534081,1.538,4.038724253
3,9,1.5,-29.36619718,0.4,0,0,0,28.83389997,0,25.5462219,91.34540055,0.951,4.019984414
3,9,2,-28.87323944,0.6,0,0,0,28.77452182,0,25.61668713,91.64522134,1.412,4.019984414
3,9,2.5,-33.23943662,0.6,0,0,0,28.66566187,0,25.78781698,91.7451616,1.202,4.019984414
3,9,3,-25.77464789,0.6,0,0,0,28.586491,0,25.79788344,92.04498239,1.26,4.019984414
3,9,3.5,-27.11267606,0.4,0,0,0,28.53700921,0.1,25.69721883,92.34480318,1.697,4.019984414
3,9,4,-33.30985915,0.6,0,0,0,28.47763106,0,25.76768406,92.34480318,1.99,4.019984414
3,9,4.5,-34.29577465,0.6,0,0,0,28.38856383,0,25.45562374,92.54468371,1.145,4.019984414
3,9,5,-34.85915493,0.6,0,0,0,28.33908204,0,25.30462682,92.8445045,2.043,4.019984414
3,9,5.5,-34.36619718,0.6,0,0,0,28.25991117,0,25.26436097,92.54468371,1.986,4.019984414
3,9,6,-30.91549296,5.6,1.4,5.545169365,0,28.17084394,0,25.17376281,92.44474344,1.876,4.019984414
3,9,6.5,-14.15492958,42.2,10.2,46.20974471,2.06308927,28.08177671,0,25.23416158,92.44474344,2.62,4.019984414
3,9,7,16.83098592,158.8,39.8,169.5237492,8.252357079,27.99270948,0,25.78781698,91.7451616,2.451,4.019984414
3,9,7.5,160.1408451,269.8,65,292.3096423,12.89430794,28.04219127,0,26.37167176,90.24605765,2.886,4.019984414
3,9,8,252.3239437,362,83.8,385.7853544,16.246828,28.32918568,0,26.9152607,88.04737186,3.356,4.019984414
3,9,8.5,291.2676056,289,89.2,390.8024124,17.53625879,28.8042109,0,27.18705517,86.0485666,3.225,4.000982477
3,9,9,305.7042254,397.6,89.2,445.461939,17.53625879,29.32871791,0,27.69037826,83.55006002,3.629,4.000982477
3,9,9.5,457.4647887,570.8,122.8,623.6995258,23.7255266,29.78395041,0,28.18363488,81.95101581,3.676,4.000982477
3,9,10,538.2394366,656.6,137.4,714.7987368,26.56227435,30.48659188,0.1,28.85808782,79.03276013,3.223,3.981712275
3,9,10.5,486.8309859,576.8,122.2,631.6211963,23.7255266,31.21892242,0,29.38154384,76.69415797,3.124,3.981712275
3,9,11,664.7887324,794.6,163.2,863.9901983,31.46211137,31.84239302,0,30.05599678,73.92581268,3.268,3.981712275
3,9,11.5,787.3239437,958.2,197.4,1024.271998,37.13560686,32.92109612,0,30.88144664,70.74771231,2.956,3.962167436
3,9,12,655.6338028,769.4,160.2,838.9049083,31.20422521,33.80187205,0,31.25390573,68.21922365,3.069,3.962167436
3,9,12.5,653.5211268,742.4,157.2,822.2694002,30.68845289,34.12845188,0,31.60623189,66.21042436,3.21,3.942341374
3,9,13,728.1690141,870.2,180.2,957.2018547,35.58828991,34.45503172,0,32.18002021,63.44207907,2.826,3.942341374
3,9,13.5,232.5352113,277.8,63.6,319.243322,12.89430794,34.62326982,0,32.09948852,63.66194765,2.718,3.922227279
3,9,14,461.5492958,527.6,117.8,571.9446117,22.43609581,34.46492808,0,32.50214699,63.05231204,2.568,3.922227279
3,9,14.5,164.0140845,260,61.2,295.2142548,12.63642178,34.19772639,0.1,31.55589958,65.97056773,2.956,3.922227279
3,9,15,111.4788732,198.4,47.6,223.6551644,9.799674032,33.87114656,0,31.8679599,64.75129652,2.589,3.901818108
3,9,15.5,234.5070423,284.2,67.4,329.277438,14.18373873,33.42581041,0,31.59616543,66.89001815,3.016,3.901818108
3,9,16,304.8591549,375.6,91.8,436.7481014,19.34146191,33.19819416,0,32.27061837,62.23280188,3.694,3.901818108
3,9,16.5,218.8028169,288,76,337.7272199,15.98894184,32.80233982,0,32.75380853,60.02412207,3.202,3.901818108
3,9,17,145,214.8,62,252.1731783,13.1521941,32.39658911,0,32.8142073,59.3145462,2.936,3.881106577
3,9,17.5,55.35211268,112.4,32.8,133.6121761,7.478698603,32.05021655,0,32.67327684,58.26517344,2.63,3.881106577
3,9,18,-6.971830986,22.2,5,31.95073777,1.289430794,31.75332579,0,32.02902328,59.80425349,2.129,3.881106577
3,9,18.5,-34.43661972,0.8,0,1.056222736,0,31.72363672,0,31.04251003,66.24040644,1.717,3.881106577
3,9,19,-33.66197183,0,0,0,0,31.6543622,0,29.78420231,72.20684015,1.388,3.881106577
3,9,19.5,-33.30985915,0,0,0,0,31.4168496,0,29.29094568,76.81408628,1.708,3.881106577
3,9,20,-35.56338028,0,0,0,0,31.0803734,0,28.68695797,79.12270636,2.167,3.881106577
3,9,20.5,-34.01408451,0,0,0,0,30.73400084,0,28.10310319,80.15209107,2.664,3.881106577
3,9,21,-34.08450704,0,0,0,0,30.42721372,0,28.08297027,79.95221055,2.629,3.881106577
3,9,21.5,-34.08450704,0,0,0,0,30.1699084,0.1,27.93197334,79.68237184,2.316,3.881106577
3,9,22,-35.49295775,0,0,0,0,29.97198122,0,27.89170749,80.25203134,2.15,3.881106577
3,9,22.5,-34.71830986,0,0,0,0,29.8334322,0,27.61991303,81.05155344,1.953,3.881106577
3,9,23,-35.70422535,0,0,0,0,29.68498682,0,27.4689161,81.75113528,1.997,3.881106577
3,9,23.5,-35.84507042,0,0,0,0,29.52664508,0,27.23738748,81.95101581,2.1,3.881106577
3,10,0,-37.74647887,0,0,0,0,29.36830334,0,27.08639055,81.35137423,2.729,3.881106577
3,10,0.5,-39.36619718,0,0,0,0,29.19016888,0,27.00585886,80.65179239,2.504,3.881106577
3,10,1,-38.73239437,0,0,0,0,29.08130894,0,26.88506132,80.45191186,2.289,3.881106577
3,10,1.5,-38.52112676,0,0,0,0,28.99224171,0,26.81459608,80.65179239,2.263,3.881106577
3,10,2,-37.6056338,0,0,0,0,28.89327812,0,26.67366562,81.05155344,2.299,3.860085144
3,10,2.5,-39.01408451,0,0,0,0,28.79431454,0,26.63339977,81.55125476,2.912,3.860085144
3,10,3,-39.85915493,0,0,0,0,28.67555823,0,26.66359916,81.85107555,3.211,3.860085144
3,10,3.5,-39.92957746,0,0,0,0,28.56669829,0,26.60320039,82.55065739,2.648,3.860085144
3,10,4,-38.30985915,0,0,0,0,28.50732013,0,26.32133946,83.05035871,2.117,3.860085144
3,10,4.5,-37.3943662,0,0,0,0,28.47763106,0,25.96901329,83.55006002,2.003,3.860085144
3,10,5,-37.81690141,0,0,0,0,28.41825291,0,25.8079499,84.04976134,2.076,3.860085144
3,10,5.5,-36.1971831,0,0,0,0,28.30939296,0.1,25.62675359,84.34958213,1.628,3.860085144
3,10,6,-30.49295775,5.8,1.2,6.865447786,0.257886159,28.25001481,0,25.37509205,85.14910423,1.459,3.860085144
3,10,6.5,1.549295775,69.2,17.2,69.44664491,3.610406222,28.16094758,0,25.95894683,85.74874581,1.364,3.860085144
3,10,7,67.53521127,172.6,45.8,181.9343663,9.283901714,27.99270948,0,26.46226992,83.94982107,2.594,3.860085144
3,10,7.5,159.5774648,285.2,70.6,307.3608162,13.92585257,28.00260584,0,27.17698871,81.85107555,3.095,3.860085144
3,10,8,266.2676056,397.8,92.4,424.3374843,18.30991727,28.28960024,0,27.98230565,78.39314244,4.215,3.860085144
3,10,8.5,367.9577465,297.6,109.8,380.2401851,21.92032349,28.8042109,0,28.57622689,75.43491065,5.135,3.838746003
3,10,9,480.0704225,622.2,134.6,675.7184955,26.04650203,29.5464378,0,29.2607463,73.48607552,5.033,3.838746003
3,10,9.5,412.2535211,515,110.8,565.6072753,21.66243733,30.36783557,0,29.84460108,71.78709104,4.419,3.838746003
3,10,10,560.6338028,679,142.2,744.9010847,27.85170514,30.96161709,0,30.0761297,71.19744349,4.81,3.817081071
3,10,10.5,661.2676056,809,167.4,879.5694836,32.493656,31.67415492,0,30.60965217,69.21862628,4.896,3.817081071
3,10,11,557.1830986,651.6,138,722.7204073,27.33593283,32.38669275,0,30.95191187,67.60958804,4.798,3.795081971
3,10,11.5,775.3521127,912,190.4,988.0963698,37.13560686,33.14871237,0,31.37470327,66.50025112,5.311,3.795081971
3,10,12,688.7323944,823.6,174.8,900.6939383,34.29885911,33.76228661,0,31.75722882,66.29037657,4.147,3.795081971
3,10,12.5,709.1549296,830,174.6,926.3073397,35.33040375,34.11855552,0,31.81762759,65.64076486,3.83,3.772740025
3,10,13,500.915493,608.8,133,675.9825512,26.30438819,34.41544629,0,32.33101714,64.57140404,3.675,3.772740025
3,10,13.5,177.6056338,249.6,59.4,276.9944126,11.8627633,34.41544629,0,31.88809282,65.64076486,2.803,3.750046232
3,10,14,194.2957746,279.8,67.2,307.6248719,12.89430794,34.15814096,0,31.62636481,66.6801436,2.5,3.750046232
3,10,14.5,229.2253521,321,76,353.8346166,14.44162489,33.82166476,0.1,31.8679599,65.7706872,1.567,3.750046232
3,10,15,170.9859155,243,59,262.2072943,11.08910483,33.62373759,0,32.31088421,63.79186999,0.644,3.750046232
3,10,15.5,14.64788732,135.8,32.8,144.4384592,5.931381651,33.47529221,0,30.00566447,74.11569918,3.74,3.750046232
3,10,16,75.42253521,186.6,43.4,203.8509881,7.736584762,33.31695047,0,29.1802146,82.35077686,2.663,3.750046232
3,10,16.5,146.4788732,207.6,49,230.7846679,9.799674032,32.60441264,0,29.53254076,82.45071713,2.147,3.750046232
3,10,17,72.81690141,116.2,27,133.3481205,5.673495492,32.05021655,0,29.6533383,80.55185213,1.801,3.750046232
3,10,17.5,9.084507042,45,10,53.86735955,2.06308927,31.80280759,0,29.70367061,79.95221055,2.157,3.750046232
3,10,18,-11.05633803,8.8,2,10.29817168,0.257886159,31.58508769,0,29.0493506,81.1514937,2.769,3.750046232
3,10,18.5,-19.36619718,0,0,0,0,31.34757508,0,28.33463181,82.95041844,3.855,3.750046232
3,10,19,-57.18309859,0.2,0,0,0,31.07047704,0,26.42200407,83.25023923,1.778,3.750046232
3,10,19.5,-37.18309859,0,0,0,0,30.76368992,0,26.13007668,84.84928344,1.713,3.750046232
3,10,20,-27.18309859,0,0,0,0,30.38762829,0,26.46226992,87.44773029,1.414,3.750046232
3,10,20.5,-30.28169014,0,0,0,0,30.04125573,0,26.66359916,88.84689397,1.065,3.750046232
3,10,21,-32.18309859,0.2,0,0,0,29.80374313,0,26.72399793,89.14671476,1.075,3.750046232
3,10,21.5,-34.29577465,0,0,0,0,29.63550503,0,26.74413085,89.24665502,1.427,3.750046232
3,10,22,-32.74647887,0.2,0,0,0,29.46726693,0.1,26.72399793,89.64641608,1.91,3.750046232
3,10,22.5,-32.88732394,0.6,0,0,0,29.32871791,0,26.46226992,90.24605765,2.251,3.750046232
3,10,23,-35.77464789,0.6,0,0,0,29.20006524,0,26.18040899,90.44593818,2.123,3.750046232
3,10,23.5,-35.35211268,0.6,0,0,0,29.10110166,0,25.90861452,90.84569923,2.198,3.750046232
3,11,0,-26.83098592,0.8,0,0,0,29.00213807,0,25.58648775,91.44534081,1.763,3.750046232
3,11,0.5,-29.78873239,0.6,0,0,0,28.9229672,0,25.56635482,91.54528108,1.771,3.750046232
3,11,1,-16.61971831,0.4,0,0,0,28.83389997,0,25.47575667,91.84510187,1.124,3.750046232
3,11,1.5,-27.46478873,0.6,0,0,0,28.76462546,0,25.38515851,92.8445045,1.416,3.750046232
3,11,2,-27.53521127,0.6,0,0,0,28.70524731,0,25.3348262,92.8445045,0.763,3.750046232
3,11,2.5,-15.56338028,0.6,0,0,0,28.6359728,0,25.34489266,92.94444476,0.223,3.750046232
3,11,3,-21.76056338,0.6,0,0,0,28.586491,0,25.40529143,92.94444476,1.34,3.750046232
3,11,3.5,-30.70422535,0.6,0,0,0,28.50732013,0,25.28449389,92.8445045,1.819,3.750046232
3,11,4,-35.21126761,0.8,0,0,0,28.41825291,0,25.25429451,92.8445045,2.005,3.750046232
3,11,4.5,-42.11267606,0.4,0,0,0,28.33908204,0,25.03283235,92.54468371,2.255,3.750046232
3,11,5,-44.43661972,0,0,0,0,28.24011845,0,24.7811708,91.94504213,2.928,3.750046232
3,11,5.5,-40,0,0,0,0,28.12136214,0,24.84156957,91.54528108,3.389,3.750046232
3,11,6,-28.38028169,3.8,0.8,3.432723893,0,28.0125022,0,25.01269942,91.14552002,2.457,3.750046232
3,11,6.5,0.845070423,25.8,6,28.51801388,1.289430794,27.9630204,0,25.05296527,91.14552002,2.093,3.750046232
3,11,7,43.38028169,70.6,15.6,79.74481659,3.094633905,28.02239856,0,25.26436097,91.24546029,2.145,3.750046232
3,11,7.5,103.0985915,148.2,33.8,162.6583014,6.447153968,28.11146579,0,25.55628836,90.54587844,2.961,3.750046232
3,11,8,301.1971831,407.2,94.4,434.1075446,17.27837264,28.2994966,0,26.33140592,88.54707318,3.79,3.750046232
3,11,8.5,366.9014085,388.8,110.6,451.0071084,21.14666502,28.73493638,0,26.63339977,86.14850686,4.191,3.750046232
3,11,9,452.1830986,578,130.2,637.1663656,24.75707124,29.26933975,0,27.27765332,84.24964186,2.866,3.726991262
3,11,9.5,392.7464789,487.2,109.4,545.803099,21.14666502,29.92249943,0.1,27.9420398,80.95161318,3.049,3.726991262
3,11,10,478.1690141,601,133.6,665.1562682,25.53072971,30.37773193,0,27.93197334,78.14329178,5.02,3.726991262
3,11,10.5,412.6760563,522.6,119,571.1524446,22.17820965,30.71420813,0,27.97223919,77.58362631,5.569,3.726991262
3,11,11,398.2394366,517.4,118.8,565.6072753,22.43609581,30.87254987,0,28.11316965,76.62419978,5.802,3.703565429
3,11,11.5,358.4507042,480.4,111.8,522.8302544,20.6308927,30.90223894,0,28.3648312,73.88583657,5.146,3.703565429
3,11,12,399.0140845,521.6,120.4,567.9837764,22.43609581,30.93192802,0,28.68695797,71.62718662,5.311,3.703565429
3,11,12.5,478.7323944,607.4,138.2,663.8359897,25.78861587,31.02099525,0,28.88828721,71.10749725,5.608,3.703565429
3,11,13,522.4647887,648.2,145.2,714.5346811,27.59381898,31.17933699,0,29.09968291,69.99816033,5.442,3.679758684
3,11,13.5,636.6197183,775.4,170.6,856.5966391,32.75154216,31.47622775,0,29.73387,67.88942078,5.103,3.679758684
3,11,14,614.7887324,745.8,165.8,822.5334559,31.97788368,31.81270394,0,30.21706016,65.5408246,5.015,3.679758684
3,11,14.5,518.6619718,641,146.2,706.8770662,28.1095913,32.08980199,0,30.51905402,63.76188791,4.294,3.65556059
3,11,15,324.1549296,422.4,99.8,468.1707278,18.82568959,32.22835101,0,30.51905402,63.1122762,3.556,3.65556059
3,11,15.5,230.915493,318.6,76.6,352.5143382,14.44162489,32.21845465,0,30.35799063,64.36152949,3.111,3.65556059
3,11,16,167.0422535,241.8,58.6,269.3367977,11.34699098,32.11949106,0,30.13652847,65.62077681,3.25,3.65556059
3,11,16.5,112.1830986,179.6,44.2,200.6823199,8.768129397,31.98094204,0,29.81440169,67.65955817,2.65,3.630960307
3,11,17,65.21126761,124.6,31,138.3651784,6.18926781,31.78301487,0,29.54260723,72.19684612,2.412,3.65556059
3,11,17.5,24.71830986,75.4,19,82.9134848,3.610406222,31.55539862,0.1,29.23054691,74.41551997,1.609,3.65556059
3,11,18,-14.15492958,24.4,6.4,26.14151272,1.031544635,31.25850786,0,29.03928414,76.30439094,1.478,3.630960307
3,11,18.5,-35.49295775,1.4,0.4,1.056222736,0,31.01109889,0,28.84802136,78.17327386,0.245,3.630960307
3,11,19,-36.61971831,0,0,0,0,30.80327536,0,28.11316965,82.85047818,1.487,3.65556059
3,11,19.5,-37.46478873,0,0,0,0,30.53607367,0,27.41858379,84.64940292,2.226,3.65556059
3,11,20,-38.23943662,0,0,0,0,30.21939019,0,27.20718809,86.14850686,2.135,3.65556059
3,11,20.5,-39.57746479,0,0,0,0,29.96208486,0,26.92532716,87.64761081,2.273,3.65556059
3,11,21,-35.42253521,0,0,0,0,29.74436497,0,26.73406439,88.94683423,1.576,3.65556059
3,11,21.5,-21.12676056,0,0,0,0,29.58602323,0,26.50253577,90.04617713,2.047,3.65556059
3,11,22,-20.35211268,0,0,0,0,29.42768149,0,26.52266869,90.64581871,2.129,3.65556059
3,11,22.5,-18.16901408,0,0,0,0,29.30892519,0,26.55286808,91.24546029,2.147,3.65556059
3,11,23,-18.66197183,0,0,0,0,29.2099616,0,26.54280161,91.7451616,1.586,3.65556059
3,11,23.5,-32.67605634,0,0,0,0,29.15058345,0,26.33140592,91.24546029,2.04,3.65556059
3,12,0,-30.14084507,0,0,0,0,29.08130894,0,25.8884816,90.84569923,2.099,3.65556059
3,12,0.5,-17.53521127,0,0,0,0,29.00213807,0,25.48582313,90.74575897,2.344,3.65556059
3,12,1,-15.21126761,0,0,0,0,28.9229672,0,25.40529143,91.24546029,1.931,3.65556059
3,12,1.5,-20.21126761,0,0,0,0,28.83389997,0,25.44555728,92.24486292,1.929,3.65556059
3,12,2,-29.15492958,0,0,0,0,28.76462546,0,25.18382927,92.54468371,2.456,3.65556059
3,12,2.5,-13.73239437,0,0,0,0,28.68545459,0,24.80130373,92.34480318,2.142,3.65556059
3,12,3,-15.70422535,0,0,0,0,28.60628372,0,24.90196834,92.74456423,1.503,3.65556059
3,12,3.5,-21.12676056,0,0,0,0,28.52711285,0,24.95230065,92.74456423,0.767,3.65556059
3,12,4,-10.28169014,0,0,0,0,28.47763106,0,24.92210127,92.34480318,1.995,3.65556059
3,12,4.5,-21.69014085,0,0,0,0,28.41825291,0,24.63017388,91.94504213,1.907,3.65556059
3,12,5,-29.08450704,0,0,0,0,28.34897839,0.1,23.9657874,91.34540055,1.332,3.65556059
3,12,5.5,-27.04225352,0,0,0,0,28.26980752,0,23.76445816,91.64522134,2.124,3.65556059
3,12,6,-22.53521127,2,0.4,1.848389788,0,28.12136214,0,23.51279662,92.54468371,3.81,3.65556059
3,12,6.5,-20.49295775,26.4,6.2,27.19773546,1.031544635,27.95312405,0,23.26113507,92.24486292,2.582,3.65556059
3,12,7,39.92957746,134.8,33,134.9324546,5.673495492,27.83436774,0,23.13027107,91.94504213,2.392,3.65556059
3,12,7.5,216.056338,341,84.2,345.1207791,14.44162489,27.74530051,0,23.79465755,90.9456395,2.914,3.630960307
3,12,8,365.0704225,502.4,118.4,530.751925,21.14666502,27.97291676,0,24.48924341,88.74695371,3.312,3.630960307
3,12,8.5,344.2957746,334.4,105.6,367.8295679,19.59934806,28.54690557,0,25.17376281,86.44832765,3.112,3.630960307
3,12,9,523.5915493,672.4,151.2,736.7153585,27.33593283,29.14068709,0,25.52608898,83.84988081,4.016,3.630960307
3,12,9.5,426.056338,528.4,117,580.6584493,21.14666502,29.86312128,0,25.93881391,79.15268844,4.04,3.630960307
3,12,10,246.1267606,317.8,74.2,363.604677,13.66796641,30.20949383,0,26.06967791,75.72473741,3.584,3.630960307
3,12,10.5,274.0140845,360.4,85,403.2130296,15.47316952,30.20949383,0,26.72399793,71.94699547,3.526,3.605946568
3,12,11,354.8591549,445,102,498.5371315,18.56780343,30.16001204,0,27.26758686,70.34795125,3.361,3.605946568
3,12,11.5,573.943662,695.4,154.4,770.2504304,28.1095913,30.38762829,0,28.21383427,70.21802891,2.885,3.605946568
3,12,12,508.943662,619.4,141.2,680.2074421,25.27284356,30.9121353,0,29.10974937,68.46907431,2.497,3.580507661
3,12,12.5,400.3521127,500.4,117.2,551.612324,20.88877886,31.14964791,0,29.76406938,66.43029294,2.802,3.580507661
3,12,13,428.3098592,528,121.4,588.8441755,22.43609581,31.34757508,0,30.14659493,64.36152949,2.579,3.580507661
3,12,13.5,629.5774648,756.6,166.2,846.8265788,30.68845289,31.54550226,0,30.53918694,63.51203725,2.885,3.580507661
3,12,14,664.084507,768.6,170,843.9219663,31.20422521,32.00073476,0,31.53576666,61.95296915,3.145,3.554631403
3,12,14.5,429.1549296,511,118,574.0570572,22.17820965,32.2778328,0,31.25390573,61.95296915,2.639,3.554631403
3,12,15,585.915493,681,158.6,761.8006485,29.65690825,32.37679639,0,31.98875744,59.8842057,2.8,3.528305116
3,12,15.5,419.0140845,503.4,121.2,569.3040548,23.20975429,32.43617454,0,32.27061837,59.5444088,2.437,3.528305116
3,12,16,321.2676056,404.4,103.2,465.2661153,20.11512038,32.25804009,0,32.27061837,59.85422362,2.147,3.528305116
3,12,16.5,158.6619718,224,59.8,266.4321852,12.37853562,31.94135661,0,31.94849159,60.4938413,2.19,3.528305116
3,12,17,78.52112676,134,38.8,164.5066912,8.510243238,31.74342943,0.1,31.5760325,62.93238373,2.437,3.528305116
3,12,17.5,55.56338028,112.2,33.8,130.4435079,6.962926286,31.50591682,0,31.47536789,64.36152949,2.313,3.528305116
3,12,18,-8.873239437,26.4,6.8,32.47884914,1.547316952,31.15954427,0,31.13310819,66.74010775,1.395,3.528305116
3,12,18.5,-31.47887324,1,0.4,1.056222736,0,31.06058068,0,29.96539862,70.54783178,1.773,3.528305116
3,12,19,-34.01408451,0,0,0,0,30.99130617,0,29.20034752,77.38374578,1.692,3.528305116
3,12,19.5,-27.6056338,0,0,0,0,30.76368992,0,28.4956952,80.55185213,1.417,3.528305116
3,12,20,-30.98591549,0,0,0,0,30.46679916,0,27.91184042,82.35077686,1.163,3.528305116
3,12,20.5,-29.15492958,0,0,0,0,30.17980476,0,27.6803118,83.55006002,1.264,3.528305116
3,12,21,-20.28169014,0,0,0,0,29.95218851,0,27.50918195,85.04916397,1.247,3.528305116
3,12,21.5,-31.69014085,0,0,0,0,29.77405405,0,27.34811856,85.74874581,1.364,3.528305116
3,12,22,-33.16901408,0,0,0,0,29.60581595,0,27.08639055,86.54826792,1.975,3.528305116
3,12,22.5,-12.74647887,0,0,0,0,29.43757785,0,25.8884816,83.05035871,5.343,3.528305116
3,12,23,-59.57746479,0,0,0,0,29.26933975,0,24.27784771,83.05035871,4.018,3.528305116
3,12,23.5,-38.73239437,0,0,0,0,29.05161986,0,24.38857879,83.55006002,3.771,3.528305116
3,13,0,-49.36619718,0,0,0,0,28.74483274,0,24.55970864,83.94982107,2.329,3.528305116
3,13,0.5,-29.01408451,0,0,0,0,28.59638736,0,24.46911049,86.54826792,2.969,3.528305116
3,13,1,-16.33802817,0,0,0,0,28.48752742,0,24.42884464,87.24784976,1.39,3.528305116
3,13,1.5,-18.94366197,0,0,0,0,28.43804562,0,24.45904403,87.64761081,0.973,3.528305116
3,13,2,-22.32394366,0,0,0,0,28.38856383,0,24.42884464,89.34659529,1.477,3.528305116
3,13,2.5,-21.76056338,0,0,0,0,28.32918568,0,24.3080471,89.64641608,1.332,3.528305116
3,13,3,-21.4084507,0,0,0,0,28.25991117,0,24.36844587,90.44593818,1.756,3.528305116
3,13,3.5,-26.26760563,0,0,0,0,28.19063665,0,24.32818002,90.84569923,1.331,3.528305116
3,13,4,-23.02816901,0,0,0,0,28.1312585,0,24.22751541,91.24546029,1.336,3.528305116
3,13,4.5,-25.49295775,0,0,0,0,28.05208763,0,24.1771831,91.64522134,1.065,3.528305116
3,13,5,-28.02816901,0,0,0,0,28.00260584,0,24.12685079,91.7451616,0.738,3.528305116
3,13,5.5,-25.91549296,0,0,0,0,27.94322769,0,24.16711663,91.84510187,1.026,3.528305116
3,13,6,-26.33802817,2.4,0.4,3.432723893,0,27.86405682,0,24.24764833,92.04498239,1.26,3.528305116
3,13,6.5,-13.30985915,13.6,3,20.06823199,0.773658476,27.80467867,0,24.26778125,92.34480318,1.434,3.528305116
3,13,7,5.985915493,40.2,9.4,52.01896976,2.06308927,27.80467867,0,24.36844587,92.74456423,0.492,3.528305116
3,13,7.5,41.12676056,93.8,22.8,112.2236657,4.641950857,27.83436774,0,24.75097142,92.8445045,0.931,3.528305116
3,13,8,204.7887324,284,69,316.3387095,12.63642178,27.92343497,0,25.31469328,92.64462397,1.28,3.528305116
3,13,8.5,377.1126761,335.4,117,494.5762962,21.14666502,28.27970388,0,26.02941206,91.14552002,1.638,3.528305116
3,13,9,373.5211268,471.4,111.6,536.8252057,20.37300654,28.90317448,0.1,26.89512778,89.54647581,1.639,3.528305116
3,13,9.5,594.3661972,742.8,166.4,810.6509501,29.65690825,29.64540139,0,27.75077703,85.64880555,2.273,3.501515604
3,13,10,308.8732394,387.6,89.2,453.6476652,16.76260032,30.39752465,0,27.92190688,80.85167292,2.65,3.501515604
3,13,10.5,454.9295775,560.2,125.4,640.8631452,23.20975429,30.7438972,0,28.57622689,77.26381747,2.17,3.501515604
3,13,11,734.5070423,882.2,189.8,972.5170844,34.04097295,31.23871514,0,29.81440169,72.53664302,2.521,3.474249121
3,13,11.5,702.1126761,829,176.4,929.4760079,32.493656,32.30752188,0,30.71031679,68.22921768,2.64,3.474249121
3,13,12,614.084507,736.4,159.2,825.9661797,29.14113594,33.14871237,0,31.1029088,66.13047215,2.198,3.446491342
3,13,12.5,532.3943662,628.8,140,710.0457344,25.53072971,33.48518857,0,32.01895682,63.92179233,1.578,3.446491342
3,13,13,630.2816901,748.8,167,827.2864582,30.43056673,33.57425579,0,32.3410836,61.76308265,1.611,3.446491342
3,13,13.5,554.5774648,644,143.8,736.9794142,27.07804667,33.67321938,0,32.6833433,60.20401454,2.608,3.418227335
3,13,14,741.5492958,881.2,195.4,977.2700867,36.10406222,34.01959194,0,33.20679931,59.08468359,2.24,3.418227335
3,13,14.5,676.056338,811.8,184.4,898.0533815,34.55674527,34.2670009,0,33.60945778,55.71669672,2.157,3.389441522
3,13,15,434.7887324,534.8,125.6,586.9957857,23.46764044,34.34617177,0,33.62959071,55.99652946,2.756,3.389441522
3,13,15.5,36.76056338,65,14.6,85.28998595,3.352520064,34.59358074,0,28.18363488,73.23622486,7.702,3.360117648
3,13,16,-39.71830986,7.8,1.4,11.6184501,0,33.95031743,0,25.73748467,81.65119502,3.685,3.389441522
3,13,16.5,-15.98591549,10.2,2.6,13.2027842,0,32.55493085,0,25.2039622,86.44832765,1.62,3.418227335
3,13,17,-15.98591549,16.6,4,19.01200925,0.515772317,31.68405128,0,25.35495912,88.04737186,1.823,3.418227335
3,13,17.5,-28.02816901,21.2,5.2,23.76501157,0.773658476,31.01109889,0,25.29456035,88.54707318,2.89,3.474249121
3,13,18,-35.21126761,9.6,2,11.09033873,0.257886159,30.49648823,0,24.84156957,89.34659529,3.163,3.474249121
3,13,18.5,-31.97183099,0.4,0,0.264055684,0,30.07094481,0,24.63017388,90.24605765,1.268,3.501515604
3,13,19,-29.43661972,0,0,0,0,29.77405405,0,24.73083849,90.24605765,1.307,3.528305116
3,13,19.5,-27.32394366,0.4,0,0,0,29.52664508,0,24.83150311,90.74575897,1.124,3.528305116
3,13,20,-21.76056338,0.6,0,0,0,29.33861427,0,24.92210127,91.04557976,1.06,3.554631403
3,13,20.5,-30.63380282,0.6,0,0,0,29.20006524,0,25.03283235,92.24486292,1.023,3.554631403
3,13,21,-21.61971831,0.6,0,0,0,29.05161986,0,24.77110434,93.14432529,2.077,3.554631403
3,13,21.5,-19.22535211,0.6,0,0,0,28.89327812,0,24.73083849,93.04438502,1.812,3.554631403
3,13,22,-23.87323944,0.2,0,0,0,28.76462546,0,24.75097142,92.8445045,1.261,3.580507661
3,13,22.5,-19.22535211,0.4,0,0,0,28.67555823,0,24.74090496,92.8445045,0.872,3.580507661
3,13,23,-20.49295775,0.6,0,0,0,28.60628372,0,24.8617025,93.04438502,1.562,3.580507661
3,13,23.5,-28.02816901,0.6,0,0,0,28.53700921,0,24.87176896,93.24426555,1.646,3.580507661
3,14,0,-23.16901408,0.6,0,0,0,28.45783834,0.1,24.91203481,93.44414608,2.286,3.605946568
3,14,0.5,-31.76056338,0.6,0,0,0,28.36877111,0,24.83150311,93.44414608,2.71,3.605946568
3,14,1,-27.88732394,0.6,0,0,0,28.27970388,0,24.74090496,93.34420581,1.294,3.605946568
3,14,1.5,-24.15492958,0.6,0,0,0,28.24011845,0,24.73083849,93.34420581,0.847,3.605946568
3,14,2,-29.29577465,0.6,0,0,0,28.20053301,0,24.69057265,93.44414608,1.867,3.605946568
3,14,2.5,-28.23943662,0.6,0,0,0,28.15105122,0,24.50937634,93.84390713,1.486,3.605946568
3,14,3,-32.53521127,0.6,0,0,0,28.11146579,0,24.52950926,93.84390713,0.548,3.605946568
3,14,3.5,-31.90140845,0.6,0,0,0,28.04219127,0,24.48924341,93.94384739,0.815,3.630960307
3,14,4,-37.25352113,0.6,0,0,0,27.9630204,0,24.41877818,93.94384739,0.631,3.630960307
3,14,4.5,-36.1971831,0.4,0,0,0,27.88384953,0,24.26778125,94.24366818,1.031,3.630960307
3,14,5,-39.29577465,0.6,0,0,0,27.78488595,0,24.27784771,94.44354871,1.98,3.630960307
3,14,5.5,-39.92957746,0.6,0,0,0,27.66612964,0,24.18724956,94.34360844,1.867,3.630960307
3,14,6,-36.33802817,6.4,1,7.12950347,0,27.57706241,0,24.03625263,94.44354871,1.899,3.630960307
3,14,6.5,-3.943661972,71.8,16.8,73.40748017,3.352520064,27.5077879,0,24.22751541,94.54348897,2.093,3.630960307
3,14,7,62.6056338,168.4,44.4,179.5578652,8.768129397,27.42861703,0,24.54964218,94.04378766,2.743,3.630960307
3,14,7.5,154.8591549,279.6,69.8,303.9280924,13.1521941,27.43851339,0,25.21402866,93.34420581,2.722,3.630960307
3,14,8,256.7605634,376,89.2,406.6457535,16.50471416,27.64633693,0,25.6770859,90.9456395,3.3,3.630960307
3,14,8.5,321.4788732,308.8,100.4,331.6539392,18.82568959,28.1312585,0,26.33140592,88.64701344,2.962,3.630960307
3,14,9,465.5633803,589,131,656.7064863,23.7255266,28.78441818,0,26.73406439,84.1497016,3.735,3.630960307
3,14,9.5,560.1408451,679.4,146.6,755.1992564,26.30438819,29.55633416,0,27.5997801,79.46250326,3.893,3.630960307
3,14,10,623.2394366,755,160,838.6408526,28.62536362,30.37773193,0,28.69702444,74.87524518,3.641,3.605946568
3,14,10.5,695.7746479,816.6,171,905.975052,30.43056673,31.17933699,0,29.68353769,70.01814839,3.586,3.605946568
3,14,11,743.6619718,868.6,181.8,965.6516366,32.493656,31.97104568,0,30.53918694,67.33974933,3.38,3.605946568
3,14,11.5,737.3239437,850.6,178.8,952.1847967,32.23576984,32.91119976,0,31.07270942,65.10108744,2.915,3.580507661
3,14,12,715.4929577,836.6,178.8,935.285233,32.23576984,33.49508493,0,31.63643128,62.7325032,3.365,3.580507661
3,14,12.5,761.971831,880.6,190,981.7590333,34.55674527,33.50498128,0,31.98875744,60.42388312,3.443,3.580507661
3,14,13,646.4788732,731.6,160.2,826.4942911,29.3990221,33.524774,0,32.4719476,59.67433115,2.801,3.554631403
3,14,13.5,135.2112676,239.8,55.8,281.7474149,10.83121867,33.50498128,0,32.1296879,60.69372183,3.045,3.554631403
3,14,14,604.2253521,709,160.8,808.5385046,29.14113594,33.20809052,0,31.22370634,63.54201933,3.247,3.554631403
3,14,14.5,650.7042254,750,174,849.2030799,32.23576984,33.08933422,0,32.58267868,60.60377559,3.474,3.554631403
3,14,15,566.1971831,665.2,158.8,736.9794142,28.62536362,33.02005971,0,33.28733101,57.44566328,3.557,3.528305116
3,14,15.5,162.1830986,221.2,56.2,246.3639532,10.05756019,33.02995607,0,32.98533715,56.63614715,1.967,3.528305116
3,14,16,142.6056338,207.2,54.2,231.3127792,10.05756019,32.9013034,0,32.79407438,57.59557367,2.251,3.528305116
3,14,16.5,62.88732394,115.4,29.6,130.9716193,5.673495492,32.68358351,0,31.61629835,65.9605737,2.314,3.528305116
3,14,17,29.43661972,77.4,19.4,91.36326669,4.12617854,32.45596726,0,30.77071556,70.95758686,1.809,3.528305116
3,14,17.5,11.61971831,60.2,16.6,67.59825512,3.094633905,32.11949106,0,30.2875254,73.76590826,2.032,3.528305116
3,14,18,-7.676056338,30.6,8.2,32.21479346,1.289430794,31.6543622,0,29.93519923,74.8452631,1.741,3.528305116
3,14,18.5,-35.07042254,1.4,0.4,0.792167052,0,31.3673678,0,29.5224743,77.64359047,2.17,3.528305116
3,14,19,-36.61971831,0,0,0,0,31.16944063,0,28.89835367,80.15209107,2.342,3.528305116
3,14,19.5,-36.4084507,0,0,0,0,30.89234258,0,28.55609397,81.85107555,1.797,3.528305116
3,14,20,-34.78873239,0,0,0,0,30.6251409,0,28.21383427,84.04976134,1.653,3.528305116
3,14,20.5,-39.78873239,0,0,0,0,30.37773193,0.1,27.90177396,85.2490445,2.245,3.528305116
3,14,21,-42.18309859,0,0,0,0,30.10063389,0,27.58971364,86.44832765,2.739,3.528305116
3,14,21.5,-43.09859155,0,0,0,0,29.89281035,0,27.31791917,87.24784976,2.596,3.528305116
3,14,22,-39.85915493,0,0,0,0,29.70477954,0,27.07632409,87.34779002,1.603,3.528305116
3,14,22.5,-36.26760563,0,0,0,0,29.55633416,0,26.66359916,87.64761081,0.111,3.528305116
3,14,23,-37.6056338,0,0,0,0,29.41778514,0,26.50253577,89.14671476,0.393,3.528305116
3,14,23.5,-37.67605634,0,0,0,0,29.26933975,0,26.06967791,90.34599792,0.226,3.528305116
3,15,0,-33.02816901,0,0,0,0,29.10110166,0,25.84821575,90.14611739,0.207,3.528305116
3,15,0.5,-35.63380282,0,0,0,0,28.95265628,0,26.00927914,90.44593818,0.931,3.528305116
3,15,1,-37.81690141,0,0,0,0,28.82400361,0,25.79788344,91.14552002,0.347,3.528305116
3,15,1.5,-36.47887324,0,0,0,0,28.71514367,0,25.51602251,91.84510187,0.527,3.528305116
3,15,2,-36.61971831,0,0,0,0,28.60628372,0,25.4153579,91.64522134,1.712,3.528305116
3,15,2.5,-36.61971831,0,0,0,0,28.49742377,0,25.30462682,91.54528108,1.325,3.528305116
3,15,3,-36.05633803,0,0,0,0,28.39846019,0,25.0730982,92.44474344,0.533,3.528305116
3,15,3.5,-37.53521127,0,0,0,0,28.30939296,0,24.74090496,92.8445045,0,3.528305116
3,15,4,-34.01408451,0,0,0,0,28.22032573,0,24.67043972,92.54468371,1.139,3.528305116
3,15,4.5,-33.09859155,0,0,0,0,28.12136214,0,24.74090496,92.74456423,1.209,3.528305116
3,15,5,-34.08450704,0,0,0,0,28.03229492,0,24.45904403,93.24426555,0.517,3.528305116
3,15,5.5,-35,0.2,0,0,0,27.9630204,0,24.25771479,93.44414608,0.316,3.528305116
3,15,6,-30.98591549,4.4,0.6,5.545169365,0,27.85416046,0,24.3080471,93.44414608,1.32,3.528305116
3,15,6.5,0.563380282,59.4,15.6,62.05308575,3.094633905,27.76509323,0,24.73083849,93.74396687,0.983,3.528305116
3,15,7,63.16901408,169.4,45.2,179.5578652,8.768129397,27.64633693,0,26.0998773,93.04438502,0.884,3.528305116
3,15,7.5,108.4507042,274.8,70.6,300.4953685,13.1521941,27.56716606,0,26.60320039,91.44534081,1.133,3.528305116
3,15,8,256.4084507,383.6,94,414.567424,17.27837264,27.81457502,0,27.07632409,88.54707318,1.982,3.528305116
3,15,8.5,359.7887324,292.8,114.6,379.1839623,20.88877886,28.40835655,0,27.67024533,83.65000028,2.663,3.528305116
3,15,9,464.6478873,582.4,132.6,649.0488714,23.98341276,29.15058345,0,28.69702444,77.89344112,3.04,3.528305116
3,15,9.5,549.084507,676,148.4,749.6540871,26.82016051,29.93239579,0,29.62313892,72.26680431,3.697,3.501515604
3,15,10,638.028169,771.6,165.6,848.6749686,29.65690825,30.793379,0,30.53918694,68.55902054,3.371,3.501515604
3,15,10.5,680.9859155,816.8,172.2,900.4298827,30.68845289,31.6543622,0,31.51563373,65.7706872,2.453,3.474249121
3,15,11,737.3239437,874.2,184.2,965.1235252,33.26731448,32.52524177,0,31.98875744,61.80305875,3.221,3.474249121
3,15,11.5,779.5774648,925,197.6,1017.142495,35.58828991,33.36643226,0,32.66321038,59.00473138,2.914,3.446491342
3,15,12,812.6760563,951.2,203.6,1049.357288,36.8777207,33.96021378,0,33.22693224,57.06589028,2.943,3.446491342
3,15,12.5,588.028169,670.8,146,756.2554792,27.07804667,34.17793368,0,33.29739747,55.38689386,2.373,3.418227335
3,15,13,665.4929577,809.8,179.8,903.5985509,32.75154216,34.20762275,0,33.52892609,54.43746136,1.841,3.418227335
3,15,13.5,472.3943662,579.6,133.8,648.7848157,24.49918508,34.2670009,0,33.04573592,56.95595599,3.812,3.418227335
3,15,14,645.7746479,785,179.8,870.063479,32.75154216,34.42534264,0,31.55589958,63.22221049,4.682,3.389441522
3,15,14.5,685.2112676,825.6,191,914.1607782,35.33040375,34.38575721,0,32.88467254,59.57439088,3.165,3.389441522
3,15,15,573.2394366,693.8,166,775.7955998,31.20422521,34.19772639,0,33.59939132,55.73668478,2.359,3.360117648
3,15,15.5,428.6619718,540.4,132.8,608.1202404,25.0149574,34.05917737,0,33.75038825,54.7572702,2.807,3.360117648
3,15,16,227.5352113,306,77.6,350.1378371,14.95739721,33.89093927,0,33.27726455,55.44685801,2.885,3.360117648
3,15,16.5,76.26760563,115.2,29,137.0449,5.931381651,33.78207933,0,31.68676358,63.29216867,3.239,3.330238739
3,15,17,0.985915493,23.8,6,31.4226264,1.547316952,33.64353031,0,29.83453462,69.3785307,2.924,3.330238739
3,15,17.5,-9.295774648,11.2,2.8,14.78711831,0.257886159,33.25757232,0,27.66017887,73.52605162,5.805,3.360117648
3,15,18,-21.61971831,5.2,1,7.12950347,0,32.87161433,0,25.09323112,79.85227028,4.188,3.360117648
3,15,18.5,-25.21126761,0,0,0.264055684,0,32.22835101,0,24.85163604,84.24964186,3.495,3.360117648
3,15,19,-20.77464789,0,0,0,0,31.56529498,0,24.66037326,85.74874581,3.15,3.360117648
3,15,19.5,-28.16901408,0,0,0,0,31.06058068,0,24.40871172,86.74814844,2.771,3.360117648
3,15,20,-19.57746479,0,0,0,0,30.69441541,0,24.29798064,87.54767055,2.865,3.360117648
3,15,20.5,-23.52112676,0,0,0,0,30.41731737,0.1,24.15705017,87.84749134,2.174,3.360117648
3,15,21,-28.73239437,0,0,0,0,30.18970111,0,24.16711663,87.9474316,1.772,3.360117648
3,15,21.5,-39.01408451,0,0,0,0,29.98187758,0,24.26778125,88.14731213,1.739,3.360117648
3,15,22,-42.67605634,0,0,0,0,29.77405405,0,24.16711663,88.74695371,1.359,3.360117648
3,15,22.5,-40.07042254,0,0,0,0,29.60581595,0,24.15705017,89.8462966,1.382,3.360117648
3,15,23,-38.87323944,0,0,0,0,29.44747421,0,24.10671786,90.44593818,2.571,3.360117648
3,15,23.5,-38.16901408,0,0,0,0,29.2594434,0,23.97585386,91.24546029,2.202,3.360117648
3,16,0,-26.33802817,0,0,0,0,29.10110166,0,23.99598678,91.04557976,1.847,3.360117648
3,16,0.5,-36.97183099,0,0,0,0,29.00213807,0,24.12685079,91.24546029,2.299,3.360117648
3,16,1,-51.90140845,0,0,0,0,28.9229672,0,24.24764833,91.34540055,2.939,3.360117648
3,16,1.5,-37.32394366,0,0,0,0,28.83389997,0,24.21744894,91.04557976,2.071,3.360117648
3,16,2,-33.73239437,0,0,0,0,28.7547291,0,24.22751541,90.74575897,2.705,3.360117648
3,16,2.5,-30.70422535,0,0,0,0,28.64586916,0,23.97585386,89.14671476,2.763,3.360117648
3,16,3,-29.71830986,0,0,0,0,28.55680193,0,23.94565448,88.54707318,2.259,3.360117648
3,16,3.5,-29.43661972,0,0,0,0,28.49742377,0,24.01611971,88.54707318,1.091,3.360117648
3,16,4,-30.35211268,0,0,0,0,28.48752742,0,23.84498986,89.14671476,2.061,3.360117648
3,16,4.5,-31.76056338,0,0,0,0,28.42814926,0,23.67386001,90.04617713,2.726,3.360117648
3,16,5,-33.5915493,0,0,0,0,28.33908204,0,23.39199908,90.34599792,2.738,3.360117648
3,16,5.5,-33.87323944,0,0,0,0,28.23022209,0,23.29133446,90.44593818,2.505,3.360117648
3,16,6,-33.87323944,6.2,1.4,6.073280733,0.257886159,28.12136214,0,23.21080277,90.44593818,2.904,3.360117648
3,16,6.5,-0.845070423,64.2,17.2,66.01392102,3.352520064,28.00260584,0,23.42219846,90.04617713,2.962,3.360117648
3,16,7,19.57746479,79,20.2,98.75682584,4.641950857,27.88384953,0,23.53292954,88.94683423,3.021,3.360117648
3,16,7.5,102.5352113,194.8,49.4,224.1832758,10.05756019,27.86405682,0,23.6235277,88.74695371,2.534,3.360117648
3,16,8,281.1971831,421.8,104.4,452.3273868,19.34146191,27.90364225,0,24.75097142,85.74874581,3.122,3.360117648
3,16,8.5,315.1408451,303.6,105.8,313.434097,19.59934806,28.24011845,0,26.08981083,79.89224639,3.319,3.360117648
3,16,9,429.4366197,570.8,132.6,638.2225884,24.24129892,28.7547291,0,26.84479547,73.23622486,4.077,3.330238739
3,16,9.5,542.7464789,691.2,151.8,762.3287599,27.59381898,29.45737057,0,27.90177396,67.45967765,3.561,3.330238739
3,16,10,617.6056338,761.6,163.2,840.7532981,29.65690825,30.3381465,0,28.95875244,64.68133833,2.427,3.299787062
3,16,10.5,689.4366197,827.2,174.8,913.1045555,31.97788368,31.23871514,0,29.64327184,62.41269436,2.529,3.299787062
3,16,11,729.5774648,868,182.2,960.8986343,33.52520064,32.14918014,0,30.12646201,61.57319615,2.659,3.26874408
3,16,11.5,759.1549296,895.4,188.2,993.6415391,34.81463143,33.12891965,0,30.61971864,59.95416388,2.373,3.237090405
3,16,12,754.9295775,875.4,185,978.0622538,34.55674527,33.76228661,0,31.22370634,58.48504201,2.185,3.237090405
3,16,12.5,758.4507042,882.4,188,983.0793118,33.00942832,33.98990286,0,31.7874282,58.35511967,2.494,3.204805749
3,16,13,614.7887324,726.6,157.6,829.927015,29.65690825,33.98990286,0,32.01895682,59.27457009,2.769,3.204805749
3,16,13.5,640.8450704,726.2,158.4,823.0615672,30.17268057,34.12845188,0,32.25048544,58.27516746,2.575,3.171868865
3,16,14,668.3098592,793.6,177.2,888.5473769,33.78308679,34.20762275,0,32.85447315,56.79605157,2.814,3.138257493
3,16,14.5,552.3239437,643.4,150.2,721.4001289,28.62536362,34.12845188,0,32.88467254,56.76606949,3.256,3.138257493
3,16,15,697.8873239,825.8,194.4,908.8796645,36.61983454,34.05917737,0,33.29739747,56.07648167,4.356,3.103948293
3,16,15.5,461.971831,558.2,138.6,637.9585327,27.33593283,34.00969558,0,32.94507131,56.17642194,4.1,3.068916779
3,16,16,387.2535211,480.2,126.6,546.595266,24.75707124,33.78207933,0,32.80414084,57.04590222,3.427,3.068916779
3,16,16.5,257.9577465,338.2,91.4,379.9761294,17.53625879,33.4060177,0,32.85447315,55.39688788,2.965,3.033137246
3,16,17,45.49295775,89.2,22.6,111.167443,5.157723175,33.28726139,0,32.02902328,58.3651137,2.217,3.033137246
3,16,17.5,3.732394366,40.2,10.2,49.37841292,2.320975429,33.28726139,0,30.51905402,61.79306473,4.409,3.033137246
3,16,18,-36.1971831,14.2,4,15.84334104,0.773658476,33.02005971,0,28.57622689,60.92358444,2.519,3.033137246
3,16,18.5,-31.26760563,0.2,0,0.264055684,0,32.57472356,0,28.43529643,66.19043631,1.945,3.033137246
3,16,19,-35.14084507,0,0,0,0,32.16897286,0,27.45884964,72.04693573,2.369,3.068916779
3,16,19.5,-31.76056338,0,0,0,0,31.77311851,0,27.22732102,75.86465378,1.25,3.068916779
3,16,20,-35.70422535,0,0,0,0,31.40695324,0,26.83472901,79.49248534,1.631,3.068916779
3,16,20.5,-35.42253521,0,0,0,0,31.07047704,0,26.49246931,80.15209107,2.076,3.068916779
3,16,21,-36.97183099,0,0,0,0,30.78348264,0,26.47233638,81.1514937,1.294,3.068916779
3,16,21.5,-38.52112676,0,0,0,0,30.56576275,0,26.20054191,82.75053792,1.208,3.068916779
3,16,22,-38.38028169,0,0,0,0,30.34804285,0,25.8884816,84.54946265,2.356,3.068916779
3,16,22.5,-37.95774648,0,0,0,0,30.14021932,0,25.78781698,85.74874581,2.231,3.068916779
3,16,23,-38.73239437,0,0,0,0,29.97198122,0,25.83814929,86.84808871,2.197,3.068916779
3,16,23.5,-38.52112676,0,0,0,0,29.82353584,0,25.62675359,87.74755107,2.567,3.068916779
3,17,0,-39.15492958,0,0,0,0,29.69488318,0,25.52608898,88.34719265,2.124,3.068916779
3,17,0.5,-35.21126761,0,0,0,0,29.58602323,0,25.34489266,88.14731213,1.084,3.068916779
3,17,1,-33.94366197,0,0,0,0,29.47716329,0,25.08316466,88.54707318,0.9,3.068916779
3,17,1.5,-35.91549296,0,0,0,0,29.3781997,0,25.0730982,89.34659529,1.221,3.068916779
3,17,2,-35.21126761,0,0,0,0,29.24954704,0,24.97243358,89.64641608,1.17,3.068916779
3,17,2.5,-35.91549296,0,0,0,0,29.13079073,0,24.82143665,89.94623686,1.29,3.068916779
3,17,3,-34.92957746,0,0,0,0,29.02193079,0,24.77110434,90.34599792,1.541,3.068916779
3,17,3.5,-34.71830986,0,0,0,0,28.90317448,0,24.61004095,90.44593818,1.53,3.068916779
3,17,4,-32.95774648,0,0,0,0,28.81410725,0,24.42884464,90.74575897,0.858,3.103948293
3,17,4.5,-30.28169014,0,0,0,0,28.73493638,0,24.29798064,91.44534081,1.145,3.103948293
3,17,5,-28.09859155,0,0,0,0,28.66566187,0,24.23758187,91.7451616,1.754,3.103948293
3,17,5.5,-34.43661972,0,0,0,0,28.586491,0,24.19731602,91.64522134,1.19,3.103948293
3,17,6,-30.91549296,4.6,1.2,5.017057997,0,28.50732013,0,23.88525571,92.34480318,0.981,3.103948293
3,17,6.5,-3.309859155,53.8,14.2,59.41252891,3.094633905,28.41825291,0,24.04631909,92.8445045,0.697,3.103948293
3,17,7,50.63380282,165,46.2,179.5578652,9.283901714,28.25991117,0,25.17376281,91.64522134,1.349,3.103948293
3,17,7.5,122.7464789,272.4,72.4,298.6469787,13.66796641,28.15105122,0,25.95894683,89.74635634,1.417,3.103948293
3,17,8,248.3802817,380.4,95.4,411.9268671,14.18373873,28.26980752,0,26.61326685,85.2490445,2.384,3.068916779
3,17,8.5,359.8591549,295.4,118,390.8024124,21.92032349,28.68545459,0,27.45884964,79.49248534,3.276,3.068916779
3,17,9,423.6619718,549,129.4,625.0198042,23.98341276,29.31882155,0,28.60642628,71.74711494,3.938,3.033137246
3,17,9.5,520.8450704,656.6,146,731.4342449,27.07804667,29.94229215,0,29.58287307,66.70013165,3.739,3.033137246
3,17,10,591.5492958,724.4,157,807.2182262,28.88324978,30.70431177,0,30.49892109,63.57200141,3.469,2.996582688
3,17,10.5,686.6197183,844.4,181.2,929.7400636,33.52520064,31.5356059,0,31.3143045,60.39390104,4.066,2.959224716
3,17,11,710.5633803,854.8,182,947.9599058,34.04097295,32.36690003,0,31.73709589,59.17462983,4.269,2.921033461
3,17,11.5,782.3943662,932.2,198.2,1035.098282,35.58828991,33.20809052,0,32.20015313,58.10526901,4.212,2.881977479
3,17,12,784.5070423,919.4,194.8,1024.007943,33.78308679,33.84145748,0,32.52227991,56.39629051,4.147,2.842023636
3,17,12.5,745.0704225,903.2,194,992.3212607,35.84617606,34.04928101,0,32.88467254,54.73728215,4.3,2.801136995
3,17,13,644.3661972,746,163.2,833.3597389,31.20422521,34.21751911,0,33.14640054,53.60795717,3.652,2.759280685
3,17,13.5,347.0422535,415.6,95.4,468.6988392,18.30991727,34.39565357,0,32.97527069,53.87779588,3.434,2.759280685
3,17,14,323.028169,404.8,94.6,464.4739483,18.56780343,34.37586085,0,33.00547008,55.65673257,2.114,2.716415763
3,17,14.5,596.4788732,707.6,163.6,806.1620034,32.23576984,34.08886645,0,32.92493838,55.77666088,4.878,2.672501059
3,17,15,526.6901408,627.2,148.4,719.8157948,29.3990221,33.94042107,0,33.22693224,53.67791536,3.026,2.627493012
3,17,15.5,435.7746479,534.6,132.2,614.1935211,26.56227435,33.88104291,0,33.64972363,52.60855454,2.643,2.627493012
3,17,16,327.7464789,417,109.8,481.6375677,21.92032349,33.68311574,0,33.89131871,51.43925346,2.166,2.581345488
3,17,16.5,224.4366197,308,87.2,355.9470621,17.27837264,33.3565359,0,34.03224918,51.32931917,1.946,2.534009579
3,17,17,131.056338,204.6,62.8,237.6501157,12.63642178,33.07943786,0,33.84098641,52.06887712,2.045,2.534009579
3,17,17.5,36.97183099,93.6,29.8,110.1112203,6.447153968,32.86171797,0,33.73025533,54.29754499,1.378,2.534009579
3,17,18,-20.21126761,16,4,21.65256609,1.031544635,32.66379079,0,33.09606823,58.91478515,1.149,2.534009579
3,17,18.5,-33.30985915,0.2,0,0.264055684,0,32.79244346,0,31.08277588,67.60958804,1.28,2.534009579
3,17,19,-33.23943662,0,0,0,0,32.69347987,0,30.14659493,74.37554386,1.063,2.534009579
3,17,19.5,-33.94366197,0,0,0,0,32.35700367,0,29.23054691,78.46310062,1.511,2.534009579
3,17,20,-33.8028169,0,0,0,0,31.95125297,0,28.33463181,81.95101581,1.867,2.581345488
3,17,20.5,-33.5915493,0,0,0,0,31.56529498,0,27.83130872,77.95340528,3.289,2.581345488
3,17,21,-44.01408451,0,0,0,0,31.18923334,0,26.80452962,71.22742557,2.167,2.581345488
3,17,21.5,-41.1971831,0,0,0,0,30.97151345,0,26.54280161,72.7565116,2.079,2.581345488
3,17,22,-59.57746479,0,0,0,0,30.78348264,0,26.42200407,74.92521531,1.472,2.581345488
3,17,22.5,-31.69014085,0,0,0,0,30.6251409,0,25.8884816,78.06333957,2.2,2.581345488
3,17,23,-34.01408451,0,0,0,0,30.4569028,0,25.7576176,79.36256299,2.42,2.581345488
3,17,23.5,-22.32394366,0,0,0,0,30.21939019,0,25.84821575,77.01396681,3.59,2.581345488
3,18,0,-43.23943662,0,0,0,0,29.95218851,0.1,27.09645701,75.17506597,4.539,2.581345488
3,18,0.5,-47.46478873,0,0,0,0,29.3781997,0,25.56635482,81.75113528,4.271,2.921033461
3,18,1,-25.91549296,0,0,0,0,28.41825291,0,24.94223419,85.04916397,2.62,3.65556059
3,18,1.5,-17.11267606,0,0,0,0,28.37866747,0,24.8617025,86.34838739,0.919,3.795081971
3,18,2,-25.77464789,0,0,0,0,28.34897839,0,24.97243358,88.24725239,0.886,3.860085144
3,18,2.5,-35,0,0,0,0,28.30939296,0,24.76103788,90.04617713,1.899,3.881106577
3,18,3,-40.14084507,0,0,0,0,28.26980752,0,24.61004095,89.8462966,1.265,3.901818108
3,18,3.5,-39.43661972,0,0,0,0,28.23022209,0,24.42884464,90.34599792,1.057,3.922227279
3,18,4,-38.5915493,0,0,0,0,28.17084394,0,24.24764833,90.54587844,1.356,3.922227279
3,18,4.5,-38.5915493,0,0,0,0,28.08177671,0,24.32818002,91.04557976,1.968,3.922227279
3,18,5,-37.53521127,0,0,0,0,28.02239856,0,24.11678433,91.54528108,1.63,3.922227279
3,18,5.5,-36.4084507,0.2,0,0,0,27.9630204,0,23.98592032,91.64522134,2.459,3.901818108
3,18,6,-33.8028169,4.8,0.8,4.753002313,0,27.88384953,0,23.8349234,91.7451616,2.326,3.901818108
3,18,6.5,-20.07042254,22.4,4.6,28.78206956,1.547316952,27.80467867,0,23.89532217,91.84510187,2.028,3.901818108
3,18,7,21.90140845,100.6,25,113.5439441,5.157723175,27.75519687,0,24.06645202,92.04498239,1.724,3.881106577
3,18,7.5,146.8309859,277,71,293.8939764,13.41008025,27.7255078,0,24.98250004,91.24546029,1.981,3.881106577
3,18,8,199.9295775,309.8,76,339.8396654,14.69951105,27.86405682,0,25.83814929,89.44653555,1.85,3.881106577
3,18,8.5,307.5352113,294,100.4,365.1890111,19.08357575,28.25991117,0,26.40187115,87.64761081,1.924,3.860085144
3,18,9,396.3380282,507.8,119.4,574.0570572,22.43609581,28.85369269,0,27.56958072,83.45011976,2.535,3.860085144
3,18,9.5,311.1267606,388,92.6,447.5743845,17.53625879,29.34851062,0,28.07290381,77.41372786,2.937,3.838746003
3,18,10,455,565.6,131.8,639.5428668,24.75707124,29.72457226,0,28.93861952,73.52605162,2.407,3.838746003
3,18,10.5,726.056338,871.4,194.2,954.0331865,35.58828991,30.26887198,0,30.31772478,67.86943273,3.093,3.817081071
3,18,11,700,844.2,185.8,933.9649545,34.04097295,31.06058068,0,31.07270942,63.61197752,3.594,3.795081971
3,18,11.5,748.5915493,878.4,190.6,980.1746992,34.55674527,32.01063112,0,31.43510204,60.96356054,3.24,3.795081971
3,18,12,711.2676056,842.6,186,945.3193489,34.55674527,32.7330653,0,32.36121652,57.85541836,3.183,3.772740025
3,18,12.5,713.3802817,837.8,186.2,938.9820125,34.81463143,32.87161433,0,32.72360915,56.45625467,3.379,3.750046232
3,18,13,692.2535211,824.6,185.2,933.9649545,34.55674527,33.05964514,0,32.94507131,56.11645778,3.701,3.726991262
3,18,13.5,685.2112676,810.8,184.6,913.1045555,34.55674527,33.19819416,0,33.19673285,55.10706112,3.732,3.726991262
3,18,14,527.9577465,633,146.8,724.0406857,28.36747746,33.20809052,0,33.26719808,53.55798704,4.148,3.703565429
3,18,14.5,592.9577465,721.2,171,819.3647876,32.75154216,33.05964514,0,33.72018886,51.3792893,4.383,3.679758684
3,18,15,550.1408451,667.8,163.8,758.3679246,31.46211137,32.99037063,0,34.04231564,50.10005393,3.551,3.65556059
3,18,15.5,476.4788732,594.2,151.6,671.7576603,29.14113594,32.89140704,0,33.86111933,51.74906828,3.468,3.65556059
3,18,16,207.9577465,280.4,74.8,313.6981527,14.18373873,32.65389443,0,31.93842513,59.63435504,4.781,3.630960307
3,18,16.5,103.028169,163,44.2,199.0979858,9.283901714,32.58461992,0,29.69360415,70.1380767,4.759,3.630960307
3,18,17,3.028169014,39.4,9.2,58.62036186,2.320975429,32.2778328,0,28.69702444,74.71534076,3.585,3.630960307
3,18,17.5,-8.873239437,27.6,7.6,39.87240829,1.805203111,31.84239302,0,28.31449889,77.25382344,2.459,3.605946568
3,18,18,-28.73239437,6.8,1.6,11.09033873,0.257886159,31.38716052,0,27.92190688,78.76292141,1.679,3.605946568
3,18,18.5,-34.36619718,0.2,0,0.264055684,0,31.07047704,0,27.6803118,81.1514937,1.582,3.605946568
3,18,19,-37.04225352,0,0,0,0,30.78348264,0,27.4689161,81.95101581,1.617,3.605946568
3,18,19.5,-33.66197183,0,0,0,0,30.47669552,0,26.97565947,83.25023923,2.115,3.605946568
3,18,20,-34.29577465,0,0,0,0,30.26887198,0,26.95552655,85.04916397,0.739,3.605946568
3,18,20.5,-27.88732394,0,0,0,0,30.08084117,0,26.93539362,86.44832765,0.29,3.605946568
3,18,21,-29.78873239,0,0,0,0,29.93239579,0,26.79446316,87.54767055,0.699,3.605946568
3,18,21.5,-22.74647887,0,0,0,0,29.77405405,0,26.72399793,88.04737186,0.567,3.605946568
3,18,22,-22.67605634,0,0,0,0,29.65529774,0,26.59313392,88.74695371,0.818,3.580507661
3,18,22.5,-21.47887324,0,0,0,0,29.56623052,0,26.48240284,88.44713292,1.505,3.580507661
3,18,23,-26.4084507,0,0,0,0,29.45737057,0,26.21060838,87.74755107,1.52,3.580507661
3,18,23.5,-32.88732394,0,0,0,0,29.3781997,0,26.08981083,88.14731213,1.665,3.580507661
3,19,0,-34.15492958,0,0,0,0,29.31882155,0,25.89854806,89.44653555,1.582,3.580507661
3,19,0.5,-31.47887324,0,0,0,0,29.2099616,0,25.65695298,90.14611739,1.376,3.580507661
3,19,1,-30.28169014,0,0,0,0,29.10110166,0,25.37509205,90.34599792,1.948,3.580507661
3,19,1.5,-27.18309859,0,0,0,0,28.99224171,0,25.35495912,90.64581871,0.623,3.580507661
3,19,2,-29.36619718,0,0,0,0,28.90317448,0,25.3348262,90.74575897,0.586,3.580507661
3,19,2.5,-31.90140845,0,0,0,0,28.82400361,0,25.4656902,91.34540055,0.342,3.580507661
3,19,3,-25.70422535,0,0,0,0,28.73493638,0,25.35495912,91.64522134,0.601,3.580507661
3,19,3.5,-20.98591549,0,0,0,0,28.66566187,0,25.32475974,91.7451616,1.221,3.580507661
3,19,4,-20.70422535,0,0,0,0,28.60628372,0,25.34489266,91.94504213,0.812,3.554631403
3,19,4.5,-21.26760563,0,0,0,0,28.54690557,0.1,25.31469328,92.64462397,0.772,3.554631403
3,19,5,-21.05633803,0,0,0,0,28.53700921,0,25.18382927,92.64462397,0.332,3.554631403
3,19,5.5,-22.11267606,0,0,0,0,28.50732013,0,25.28449389,92.94444476,0.211,3.554631403
3,19,6,-20.14084507,2.4,0.6,2.112445473,0,28.4677347,0,25.31469328,93.14432529,1.212,3.554631403
3,19,6.5,-4.929577465,26.8,7.2,27.19773546,1.289430794,28.42814926,0,25.4153579,93.14432529,0.938,3.554631403
3,19,7,4.647887324,62.2,16,67.59825512,3.094633905,28.37866747,0,26.02941206,92.94444476,0.123,3.554631403
3,19,7.5,64.92957746,122.8,31.6,137.3089557,6.18926781,28.39846019,0,25.92874745,91.94504213,0.85,3.554631403
3,19,8,160.3521127,228,58,256.6621249,11.08910483,28.48752742,0,26.16027607,90.74575897,1.777,3.554631403
3,19,8.5,374.1549296,429.6,123.6,444.669772,23.20975429,28.78441818,0,26.89512778,88.24725239,2.092,3.554631403
3,19,9,305,383.2,97.2,441.2370481,18.05203111,29.21985796,0,27.57964718,84.24964186,2.803,3.528305116
3,19,9.5,273.5211268,353.4,88.8,401.3646398,16.50471416,29.56623052,0,28.08297027,80.85167292,2.846,3.528305116
3,19,10,306.5492958,392.4,96.8,447.5743845,18.05203111,29.84332856,0,28.72722382,78.04335152,2.631,3.528305116
3,19,10.5,477.5352113,594.8,139.6,677.0387739,26.56227435,30.14021932,0,29.59293953,74.26560957,2.913,3.501515604
3,19,11,532.0422535,635.8,145.2,730.9061335,27.59381898,30.65482997,0,30.51905402,70.23801697,3.053,3.501515604
3,19,11.5,562.6056338,666.4,149.2,751.2384212,25.53072971,31.32778237,0,31.4451685,66.80007191,2.757,3.474249121
3,19,12,534.1549296,633.8,143.2,723.5125743,27.07804667,31.89187481,0,31.7874282,63.43208504,3.161,3.474249121
3,19,12.5,673.943662,797.2,179.8,895.940936,33.78308679,32.13928378,0,32.22028606,59.76427738,3.405,3.446491342
3,19,13,659.1549296,785.4,177.4,890.923878,33.52520064,32.41638183,0,33.20679931,57.15583651,3.58,3.418227335
3,19,13.5,430.915493,522.4,122.8,601.5188483,23.46764044,32.614309,0,32.70347622,58.38510175,3,3.418227335
3,19,14,177.4647887,235.4,59.8,272.2414103,11.60487714,32.71327259,0,31.1029088,65.55081862,3.89,3.418227335
3,19,14.5,-55.56338028,76.6,19.6,88.72270985,3.868292381,32.62420536,0,29.6533383,68.97876965,4.706,3.418227335
3,19,15,5.492957746,69.2,15.6,88.98676553,3.352520064,31.44653867,0,26.28107361,80.15209107,2.267,4.229145817
3,19,15.5,24.29577465,92.8,23.2,106.6784964,4.12617854,30.41731737,0,25.79788344,84.74934318,1.483,4.614077674
3,19,16,35.56338028,131.2,33.8,145.4946819,5.931381651,29.97198122,0,26.37167176,87.54767055,1.478,4.553730025
3,19,16.5,127.5352113,214.2,61,232.369002,10.57333251,29.6651941,0,26.60320039,88.04737186,1.968,4.515979605
3,19,17,170.1408451,249.6,76.8,268.280575,13.41008025,29.3781997,0,26.84479547,87.54767055,1.739,4.476995899
3,19,17.5,74.78873239,128.2,36.4,135.1965102,6.447153968,29.21985796,0,27.56958072,87.04796923,1.981,4.450287922
3,19,18,-14.29577465,12.6,3.4,13.73089557,0.515772317,29.38809606,0,27.16692225,87.84749134,1.999,4.422979751
3,19,18.5,-33.94366197,0,0,0,0,29.60581595,0,26.42200407,88.84689397,2.325,4.395048566
3,19,19,-35.14084507,0,0,0,0,29.5464378,0,26.26094069,89.74635634,1.602,4.380841875
3,19,19.5,-38.16901408,0,0,0,0,29.38809606,0,26.0193456,90.24605765,2.407,4.36647031
3,19,20,-36.4084507,0,0,0,0,29.19016888,0,25.94888037,90.34599792,2.348,4.351930654
3,19,20.5,-38.30985915,0,0,0,0,29.03182715,0,25.8884816,90.44593818,2.724,4.337219607
3,19,21,-36.05633803,0,0,0,0,28.89327812,0,25.86834868,90.24605765,1.5,4.322333774
3,19,21.5,-33.30985915,0,0,0,0,28.79431454,0,25.59655421,90.74575897,0.034,4.307269667
3,19,22,-30.77464789,0,0,0,0,28.72504003,0,25.84821575,91.54528108,1.242,4.292023697
3,19,22.5,-30.35211268,0,0,0,0,28.64586916,0,25.59655421,91.54528108,1.58,4.276592177
3,19,23,-27.67605634,0,0,0,0,28.55680193,0,25.48582313,91.54528108,1.123,4.260971312
3,19,23.5,-28.09859155,0,0,0,0,28.47763106,0,25.36502559,91.7451616,1.594,4.260971312
3,20,0,-26.61971831,0,0,0,0,28.42814926,0,25.47575667,92.14492265,0.909,4.245157198
3,20,0.5,-26.4084507,0,0,0,0,28.35887475,0,25.48582313,92.64462397,1.035,4.229145817
3,20,1,-28.02816901,0,0,0,0,28.31928932,0,25.42542436,93.44414608,1.185,4.229145817
3,20,1.5,-26.47887324,0,0,0,0,28.26980752,0,25.31469328,93.24426555,0.789,4.212933033
3,20,2,-25.49295775,0,0,0,0,28.23022209,0,25.26436097,93.24426555,1.084,4.196514589
3,20,2.5,-25.56338028,0,0,0,0,28.1807403,0,25.29456035,93.34420581,1.274,4.196514589
3,20,3,-23.5915493,0,0,0,0,28.12136214,0,25.40529143,93.44414608,1.196,4.1798861
3,20,3.5,-23.02816901,0,0,0,0,28.09167307,0,25.2039622,93.84390713,0.785,4.1798861
3,20,4,-20.35211268,0,0,0,0,28.09167307,0,25.0730982,94.04378766,1.656,4.163043047
3,20,4.5,-18.73239437,0.2,0,0,0,28.05208763,0,25.0730982,94.14372792,1.732,4.163043047
3,20,5,-24.22535211,0.6,0,0,0,27.99270948,0,25.1234305,94.34360844,1.788,4.163043047
3,20,5.5,-25.07042254,0.8,0,0,0,27.95312405,0,25.02276589,94.24366818,1.345,4.145980777
3,20,6,-18.02816901,4.6,1,4.224890945,0,27.92343497,0,24.9925665,94.34360844,1.153,4.145980777
3,20,6.5,-2.605633803,22,5.6,25.08528999,1.289430794,27.90364225,0,25.15362989,94.54348897,1.094,4.128694494
3,20,7,19.85915493,41.4,9.8,49.37841292,1.805203111,27.90364225,0,25.35495912,94.44354871,1.351,4.128694494
3,20,7.5,60.84507042,72,17.2,84.4978189,3.610406222,27.91353861,0,25.50595605,94.34360844,2.307,4.128694494
3,20,8,80.70422535,107.8,25.8,127.8029511,5.415609333,28.00260584,0,25.60662067,93.54408634,2.439,4.111179251
3,20,8.5,81.97183099,128.4,31.4,151.5679627,6.18926781,28.11146579,0,25.2039622,92.04498239,2.099,4.111179251
3,20,9,41.90140845,98.2,23.6,117.5047794,4.899837016,28.20053301,0.1,25.23416158,91.14552002,3.289,4.111179251
3,20,9.5,11.26760563,63.4,13.8,81.59320638,3.352520064,28.2994966,0,24.45904403,91.84510187,1.465,4.111179251
3,20,10,16.83098592,72.4,16.8,89.5148769,3.610406222,28.31928932,0,24.76103788,92.74456423,1.458,4.128694494
3,20,10.5,53.45070423,141.2,34.2,163.1864128,6.18926781,28.20053301,0,25.15362989,92.8445045,1.623,4.163043047
3,20,11,106.1267606,236,56.8,267.488408,10.31544635,28.17084394,0,25.61668713,92.34480318,1.661,4.196514589
3,20,11.5,224.3661972,392.2,93.2,439.3886583,16.246828,28.19063665,0,26.15020961,91.54528108,1.273,4.196514589
3,20,12,740.1408451,861,189.2,971.4608617,33.78308679,28.53700921,0,27.21725455,90.14611739,1.532,4.196514589
3,20,12.5,800.7042254,917.4,206.2,1038.002894,37.39349302,29.496956,0,28.06283734,86.34838739,1.857,4.196514589
3,20,13,714.7887324,826.2,188.4,950.8645183,34.81463143,30.39752465,0,29.11981583,81.45131449,1.773,4.1798861
3,20,13.5,702.1126761,805.4,186,930.7962863,34.29885911,30.97151345,0,29.95533216,75.73473144,1.768,4.163043047
3,20,14,665.4929577,752,177.8,870.5915904,33.26731448,31.34757508,0,30.9720448,69.98816631,2.173,4.145980777
3,20,14.5,562.6760563,653.8,159.6,750.4462541,29.65690825,31.63456949,0,31.9988239,65.55081862,1.537,4.128694494
3,20,15,347.3239437,423.8,107.6,484.0140689,20.11512038,31.71374036,0,32.30081775,63.23220452,1.261,4.111179251
3,20,15.5,250.915493,320.8,84,376.8074612,16.50471416,31.72363672,0,32.41154883,63.1122762,0.984,4.093429949
3,20,16,56.61971831,90.2,23,117.2407237,5.157723175,31.54550226,0,32.28068483,63.45207309,0.922,4.093429949
3,20,16.5,2.253521127,43.4,11.2,53.86735955,2.578861587,31.49602046,0,31.71696297,68.53903249,1.436,4.075441329
3,20,17,-13.94366197,17,4.6,20.33228767,1.031544635,31.49602046,0,28.37489766,76.84406836,3.515,4.075441329
3,20,17.5,-40.70422535,32.2,7.6,38.02401851,1.547316952,31.20902606,0,27.19712163,81.85107555,3.914,4.057207964
3,20,18,-62.11267606,0.8,0,0.792167052,0,30.59545182,0,26.84479547,81.25143397,4.332,4.057207964
3,20,18.5,-24.92957746,0,0,0,0,30.03135938,0,25.64688652,84.94922371,2.649,4.128694494
3,20,19,-15.70422535,0,0,0,0,29.58602323,0,25.61668713,87.9474316,1.136,4.351930654
3,20,19.5,-15.14084507,0,0,0,0,29.27923611,0,25.30462682,89.44653555,2.708,4.395048566
3,20,20,-15.14084507,0,0,0,0,29.0417235,0,25.10329758,90.64581871,1.928,4.409093509
3,20,20.5,-14.01408451,0,0,0,0,28.88338176,0,25.11336404,91.24546029,0.788,4.409093509
3,20,21,-15.07042254,0,0,0,0,28.70524731,0,25.01269942,91.94504213,2.149,4.476995899
3,20,21.5,-17.67605634,0.2,0,0,0,28.51721649,0,24.8617025,92.34480318,1.598,4.553730025
3,20,22,-19.08450704,0.8,0,0,0,28.43804562,0,24.7811708,93.34420581,3.594,4.528696868
3,20,22.5,-20.49295775,1,0,0,0,28.33908204,0,24.79123727,93.74396687,3.506,4.515979605
3,20,23,-20.07042254,0.8,0,0,0,28.25001481,0,24.68050619,94.14372792,3.328,4.49013163
3,20,23.5,-21.97183099,0.8,0,0,0,28.1807403,0,24.59997449,94.24366818,2.653,4.476995899
3,21,0,-23.52112676,0.8,0,0,0,28.1312585,0,24.64024034,94.34360844,1.883,4.450287922
3,21,0.5,-24.78873239,0.8,0,0,0,28.09167307,0.1,24.55970864,94.14372792,1.327,4.422979751
3,21,1,-27.25352113,0.8,0,0,0,28.05208763,0,24.55970864,94.14372792,0.403,4.395048566
3,21,1.5,-27.88732394,0.8,0,0,0,27.99270948,0,24.6503068,94.34360844,1.137,4.380841875
3,21,2,-25.77464789,1,0,0,0,27.94322769,0,24.59997449,94.44354871,1.7,4.36647031
3,21,2.5,-27.04225352,0.8,0,0,0,27.89374589,0,24.59997449,94.44354871,1.809,4.337219607
3,21,3,-32.53521127,0.8,0,0,0,27.8442641,0,24.34831295,94.34360844,1.601,4.337219607
3,21,3.5,-34.85915493,1,0,0,0,27.80467867,0,24.15705017,94.44354871,0.984,4.322333774
3,21,4,-34.71830986,0.6,0,0,0,27.7255078,0,24.00605325,94.84330976,0.502,4.307269667
3,21,4.5,-28.94366197,0.6,0,0,0,27.66612964,0,23.87518924,94.84330976,1.367,4.292023697
3,21,5,-26.47887324,0.6,0,0,0,27.58695877,0,23.84498986,94.94325002,1.825,4.292023697
3,21,5.5,-24.01408451,0.8,0,0,0,27.52758062,0,23.93558801,94.94325002,1.345,4.276592177
3,21,6,-23.23943662,3.2,0.6,3.168668209,0,27.48799519,0,24.03625263,94.94325002,0.727,4.276592177
3,21,6.5,2.816901408,36.6,9.2,37.75996282,1.805203111,27.44840975,0,24.25771479,95.14313055,1.426,4.260971312
3,21,7,52.25352113,85,20.4,94.00382353,3.868292381,27.46820247,0,24.59997449,95.14313055,1.347,4.260971312
3,21,7.5,81.61971831,120.4,29.2,141.5338467,5.931381651,27.51768426,0,24.92210127,94.94325002,1.315,4.245157198
3,21,8,160.6338028,226.2,56.6,256.9261806,11.34699098,27.63644057,0,25.3348262,94.44354871,1.783,4.245157198
3,21,8.5,168.7323944,222.8,55.4,256.9261806,10.83121867,27.8442641,0,25.7576176,93.34420581,1.76,4.245157198
3,21,9,220.1408451,288.6,71,340.3677768,13.41008025,28.09167307,0,26.0193456,92.44474344,1.512,4.229145817
3,21,9.5,538.2394366,661.6,155.6,740.4121381,27.59381898,28.47763106,0,27.1266564,90.54587844,2.172,4.229145817
3,21,10,527.6056338,644.8,150,729.5858551,26.82016051,29.11099802,0,27.71051118,87.24784976,2.791,4.212933033
3,21,10.5,513.5915493,610.4,141.8,698.9553957,25.53072971,29.80374313,0,28.40509704,81.55125476,3.539,4.196514589
3,21,11,607.0422535,714,166.2,817.2523422,29.91479441,30.26887198,0,29.06948352,76.99397876,3.528,4.1798861
3,21,11.5,688.7323944,806.8,188,910.99211,33.00942832,30.69441541,0,29.88486693,73.1762607,3.237,4.1798861
3,21,12,804.2253521,925.8,210.4,1046.452676,36.61983454,31.22881878,0,30.77071556,69.72832162,3.253,4.163043047
3,21,12.5,682.3943662,776,177,886.6989871,31.46211137,31.73353307,0,31.33443742,67.38971946,3.474,4.145980777
3,21,13,757.0422535,868,198.6,996.8102073,35.07251759,32.08980199,0,31.9988239,64.2515952,3.175,4.128694494
3,21,13.5,714.7887324,818.4,188.8,938.4539012,33.52520064,32.35700367,0,32.61287807,61.85302888,2.497,4.111179251
3,21,14,656.3380282,747.4,178,859.2371959,31.97788368,32.47575998,0,32.95513777,59.29455815,2.718,4.093429949
3,21,14.5,276.1971831,336.2,83.6,401.1005841,15.47316952,32.4460709,0,32.77394146,58.75488073,2.503,4.093429949
3,21,15,136.9014085,196.6,49.6,233.9533361,9.541787873,32.39658911,0,32.09948852,63.46206712,2.541,4.075441329
3,21,15.5,105.2112676,166.6,43.8,193.2887607,8.510243238,32.2778328,0,30.21706016,69.48846499,4.137,4.075441329
3,21,16,202.7464789,287.2,78.4,326.3728255,13.92585257,31.98094204,0,29.08961645,72.4167147,2.767,4.057207964
3,21,16.5,208.2394366,288.8,81.2,333.502329,14.69951105,31.45643503,0,29.69360415,69.7183276,2.969,4.057207964
3,21,17,118.028169,172.4,51,199.3620415,9.541787873,30.99130617,0,30.39825648,69.11868602,2.715,4.038724253
3,21,17.5,5,38.4,9.8,48.32219018,1.805203111,30.89234258,0.1,28.72722382,74.0857171,3.589,4.038724253
3,21,18,-19.71830986,8.4,2.2,10.56222736,0.257886159,30.95172074,0,27.7306441,77.3537637,1.298,4.038724253
3,21,18.5,-32.25352113,0,0,0,0,30.67462269,0,27.23738748,80.75173265,1.782,4.038724253
3,21,19,-30.42253521,0,0,0,0,30.35793921,0,27.06625763,83.65000028,1.372,4.038724253
3,21,19.5,-29.71830986,0,0,0,0,30.06104845,0,26.87499485,85.14910423,0.491,4.038724253
3,21,20,-32.81690141,0,0,0,0,29.82353584,0,26.84479547,86.0485666,0.655,4.019984414
3,21,20.5,-33.38028169,0,0,0,0,29.63550503,0,26.703865,87.24784976,0.883,4.019984414
3,21,21,-28.23943662,0,0,0,0,29.46726693,0,26.45220346,87.34779002,0.229,4.019984414
3,21,21.5,-29.85915493,0,0,0,0,29.33861427,0,26.51260223,88.24725239,1.322,4.019984414
3,21,22,-30.56338028,0,0,0,0,29.20006524,0,26.48240284,89.0467745,1.743,4.019984414
3,21,22.5,-33.09859155,0,0,0,0,29.0912053,0,26.31127299,89.64641608,1.408,4.019984414
3,21,23,-32.46478873,0,0,0,0,29.00213807,0,26.05961145,89.74635634,1.055,4.019984414
3,21,23.5,-31.47887324,0,0,0,0,28.88338176,0,25.93881391,90.44593818,0.851,4.019984414
3,22,0,-28.16901408,0,0,0,0,28.78441818,0,25.86834868,91.14552002,1.408,4.000982477
3,22,0.5,-26.61971831,0,0,0,0,28.68545459,0,25.82808283,91.34540055,1.095,4.000982477
3,22,1,-23.66197183,0,0,0,0,28.62607644,0,25.79788344,91.54528108,1.307,4.000982477
3,22,1.5,-22.53521127,0,0,0,0,28.54690557,0,25.82808283,91.7451616,1.157,4.000982477
3,22,2,-29.15492958,0,0,0,0,28.48752742,0,25.87841514,92.04498239,1.656,4.000982477
3,22,2.5,-26.47887324,0,0,0,0,28.40835655,0,25.70728529,92.24486292,2.621,4.000982477
3,22,3,-26.47887324,0,0,0,0,28.35887475,0,25.66701944,92.34480318,1.969,4.000982477
3,22,3.5,-23.45070423,0,0,0,0,28.32918568,0,25.43549082,92.8445045,2.489,4.000982477
3,22,4,-23.87323944,0,0,0,0,28.2994966,0,25.40529143,93.04438502,2.305,4.000982477
3,22,4.5,-32.46478873,0,0,0,0,28.24011845,0,25.30462682,93.04438502,2.851,4.000982477
3,22,5,-46.47887324,0,0,0,0,28.1807403,0,25.23416158,93.04438502,2.789,3.981712275
3,22,5.5,-29.15492958,0,0,0,0,28.16094758,0,25.11336404,92.94444476,2.744,4.000982477
3,22,6,-17.88732394,1.6,0.4,1.848389788,0,28.1312585,0,25.13349697,93.24426555,2.723,3.981712275
3,22,6.5,-5.704225352,16.2,4.4,18.48389788,0.773658476,28.11146579,0,25.06303173,93.44414608,2.246,3.981712275
3,22,7,21.1971831,47.4,11.8,55.71574934,2.320975429,28.08177671,0,25.10329758,93.34420581,1.787,3.981712275
3,22,7.5,61.33802817,91.6,22.6,106.6784964,4.12617854,28.08177671,0,25.29456035,92.8445045,1.669,3.981712275
3,22,8,54.50704225,84,21.2,97.17249174,3.610406222,28.14115486,0,25.47575667,92.24486292,1.771,3.981712275
3,22,8.5,70.42253521,106.2,27.2,121.4656147,4.899837016,28.20053301,0,25.53615544,91.44534081,1.923,3.981712275
3,22,9,164.8591549,220.8,55.4,255.0777908,10.31544635,28.28960024,0,25.8884816,90.14611739,2.15,3.981712275
3,22,9.5,249.084507,323.4,80.8,374.43096,14.95739721,28.41825291,0,26.51260223,88.14731213,1.791,3.981712275
3,22,10,364.084507,458.4,112.2,523.8864772,19.85723422,28.68545459,0,27.22732102,83.74994055,2.588,3.962167436
3,22,10.5,213.3802817,272.2,69.2,311.3216515,12.37853562,29.01203443,0,27.97223919,80.95161318,1.933,3.962167436
3,22,11,124.6478873,174,45.2,198.3058187,8.252357079,29.20006524,0,28.09303673,78.89284376,1.936,3.962167436
3,22,11.5,105.4225352,155.2,41,174.2767515,7.478698603,29.31882155,0,28.08297027,78.09332165,1.689,3.942341374
3,22,12,152.8873239,214.6,55.8,240.8187839,9.799674032,29.34851062,0,28.35476474,77.91342918,1.991,3.942341374
3,22,12.5,280.4929577,368.2,93.2,411.6628115,15.73105568,29.38809606,0,28.44536289,76.27440886,2.412,3.942341374
3,22,13,408.6619718,503,123.2,566.3994423,21.14666502,29.47716329,0,29.0493506,74.6953527,2.262,3.942341374
3,22,13.5,721.8309859,867.4,202.6,962.7470241,34.55674527,29.76415769,0,30.05599678,73.60600383,2.068,3.922227279
3,22,14,560.4225352,689.4,164.2,779.4923794,28.88324978,30.17980476,0,30.87138018,73.33616512,1.791,3.901818108
3,22,14.5,524.9295775,643.4,158.8,716.9111822,27.59381898,30.4569028,0.1,31.30423804,70.53783775,2.863,3.901818108
3,22,15,474.7887324,598.8,151.8,679.4152751,27.33593283,30.6251409,0,31.46530143,66.02053786,3.431,3.881106577
3,22,15.5,386.971831,493.4,129.6,536.0330386,21.92032349,30.63503726,0,31.6565642,68.81886523,2.227,3.881106577
3,22,16,246.971831,335.6,89.6,385.5212987,15.98894184,30.67462269,0,31.39483619,67.42969557,3.769,3.881106577
3,22,16.5,102.3239437,144.6,38.2,170.0518605,7.220812445,30.77358628,0,30.37812355,68.33915196,5.206,3.860085144
3,22,17,-51.1971831,17.8,4,24.55717862,0.773658476,31.07047704,0,26.82466254,81.85107555,5.08,3.860085144
3,22,17.5,-14.08450704,2.6,0.4,3.960835261,0,30.94182438,0,25.48582313,89.64641608,5.876,3.901818108
3,22,18,-9.718309859,0.4,0,0.528111368,0,29.72457226,0,24.49930987,92.04498239,5.482,4.956099373
3,22,18.5,-13.73239437,0,0,0,0,28.24011845,0,24.15705017,92.8445045,5.229,5.314943659
3,22,19,-18.87323944,0,0,0,0,27.86405682,0,24.07651848,93.14432529,3.83,5.290655564
3,22,19.5,-16.61971831,0,0,0,0,27.74530051,0,24.07651848,93.74396687,2.336,5.278270417
3,22,20,-17.32394366,0,0,0,0,27.68592236,0,24.15705017,93.94384739,2.303,5.296787205
3,22,20.5,-18.02816901,0,0,0,0,27.676026,0,24.18724956,93.84390713,1.634,5.302878813
3,22,21,-18.5915493,0,0,0,0,27.68592236,0,24.20738248,93.84390713,1.316,5.296787205
3,22,21.5,-17.81690141,0,0,0,0,27.70571508,0,24.20738248,94.34360844,2.045,5.290655564
3,22,22,-15.35211268,0.4,0,0,0,27.69581872,0,24.13691725,94.94325002,2.218,5.284483451
3,22,22.5,-15.91549296,0.4,0,0,0,27.66612964,0,24.03625263,95.04319029,2.393,5.272016009
3,22,23,-19.85915493,0.6,0,0,0,27.64633693,0,23.93558801,95.34301108,1.955,5.265719766
3,22,23.5,-18.30985915,0.6,0,0,0,27.61664785,0,23.91545509,95.64283187,2.078,5.25299989
3,23,0,-15.49295775,0.6,0,0,0,27.58695877,0,23.70405939,95.74277213,2.902,5.2465753
3,23,0.5,-22.74647887,0.2,0,0,0,27.53747698,0,23.4926637,95.84271239,3.859,5.240106954
3,23,1,-21.1971831,0,0,0,0,27.47809883,0,23.45239785,95.84271239,2.999,5.227036997
3,23,1.5,-16.33802817,0,0,0,0,27.42861703,0,23.44233139,95.84271239,2.04,5.220434363
3,23,2,-13.09859155,0,0,0,0,27.39892796,0,23.40206554,95.94265266,2.175,5.21378593
3,23,2.5,-8.661971831,0,0,0,0,27.37913524,0,23.32153385,96.24247345,2.609,5.207091166
3,23,3,-16.83098592,0,0,0,0,27.34944616,0,23.30140092,96.34241371,2.502,5.200349531
3,23,3.5,-16.05633803,0,0,0,0,27.32965345,0,23.37186615,96.24247345,2.643,5.193560476
3,23,4,-14.08450704,0,0,0,0,27.29006801,0,23.34166677,96.04259292,2.965,5.186723441
3,23,4.5,-21.76056338,0,0,0,0,27.26037894,0,23.26113507,95.84271239,2.054,5.179837859
3,23,5,-24.78873239,0,0,0,0,27.24058622,0,23.21080277,96.04259292,1.968,5.172903153
3,23,5.5,-12.25352113,0,0,0,0,27.2207935,0,23.24100215,96.24247345,1.868,5.165918735
3,23,6,-11.4084507,1.4,0.2,1.584334104,0,27.19110442,0,23.34166677,96.14253318,2.06,5.15888401
3,23,6.5,-4.788732394,16,4.2,17.95578652,0.515772317,27.16141535,0,23.44233139,96.04259292,1.838,5.144661197
3,23,7,43.38028169,99.8,24.6,110.3752759,4.12617854,27.14162263,0,23.63359416,95.94265266,2.196,5.137471864
3,23,7.5,117.1126761,176.6,43.2,194.3449835,7.736584762,27.16141535,0,23.92552155,94.94325002,2.285,5.122934156
3,23,8,180.5633803,244.8,59.2,273.0335773,10.57333251,27.24058622,0,24.08658494,92.94444476,2.778,5.108180003
3,23,8.5,207.0422535,262,65.2,301.5515912,12.12064946,27.3890316,0,24.33824649,89.8462966,3.192,5.09320398
3,23,9,208.7323944,267.2,65.6,317.6589879,11.8627633,27.59685513,0,24.66037326,88.74695371,2.577,5.0703116
3,23,9.5,315.3521127,398.2,99,451.7992754,16.246828,27.83436774,0,25.13349697,86.84808871,1.862,5.054755887
3,23,10,323.0985915,407.8,101.2,462.6255585,16.50471416,28.14115486,0,25.71735175,84.94922371,1.597,5.038957745
3,23,10.5,220.8450704,284.8,72.4,322.1479346,12.12064946,28.35887475,0,25.94888037,83.25023923,1.874,5.022910811
3,23,11,272.0422535,351.4,89.2,391.8586351,14.18373873,28.55680193,0,26.35153884,82.2508366,2.265,5.006608485
3,23,11.5,392.9577465,492.6,123,543.6906535,19.34146191,28.73493638,0,26.80452962,80.75173265,2.788,4.99004392
3,23,12,457.9577465,566,136,638.2225884,21.92032349,28.91307084,0,27.27765332,79.03276013,3.076,4.973210009
3,23,12.5,531.6197183,654.4,153.8,732.7545233,24.49918508,29.28913247,0,27.82124226,76.62419978,2.649,4.947437899
3,23,13,454.7183099,561.8,136.8,633.4695861,21.92032349,29.51674872,0,28.10310319,74.54544231,2.165,4.929897708
3,23,13.5,532.6760563,650.6,155.8,717.7033493,24.49918508,29.74436497,0.1,28.86815429,72.17685807,2.965,4.903028937
3,23,14,487.2535211,599.2,145.8,681.5277206,23.98341276,29.89281035,0,28.95875244,71.38732999,3.15,4.88473166
3,23,14.5,456.1267606,555.6,135.6,638.7506997,22.69398197,30.04125573,0,29.45200907,69.48846499,2.668,4.866116164
3,23,15,450.7042254,546.4,137.2,632.1493076,23.20975429,30.07094481,0,29.67347123,67.4396896,2.993,4.837575743
3,23,15.5,290.1408451,368.8,95.2,440.444881,17.02048648,29.99177394,0,29.74393646,67.36973141,3.716,4.818123021
3,23,16,193.0985915,261.8,69.2,318.1870993,12.89430794,29.87301764,0,29.45200907,68.21922365,3.143,4.798317676
3,23,16.5,186.971831,257.8,71.4,296.5345332,12.37853562,29.72457226,0,29.72380354,67.68954025,3.602,4.788279418
3,23,17,157.4647887,234.8,73,257.9824033,12.12064946,29.53654144,0,29.68353769,67.01994049,3.425,4.767924775
3,23,17.5,45.35211268,91,28.6,104.3019952,5.157723175,29.33861427,0,29.40167676,69.82826189,3.134,4.757605516
3,23,18,-22.25352113,13.2,3.4,16.6355081,0.515772317,29.27923611,0,28.76748967,73.12629057,1.706,4.747189665
3,23,18.5,-34.71830986,0.2,0,0.264055684,0,29.40788878,0,28.09303673,76.76411615,1.673,4.736675705
3,23,19,-22.11267606,0,0,0,0,29.38809606,0,27.70044472,81.05155344,1.738,4.715347224
3,23,19.5,-14.85915493,0,0,0,0,29.21985796,0,27.31791917,83.55006002,1.967,4.704529498
3,23,20,-20.70422535,0,0,0,0,29.01203443,0,26.71393147,85.34898476,2.443,4.693607254
3,23,20.5,-21.4084507,0,0,0,0,28.89327812,0,26.22067484,87.04796923,1.764,4.682578795
3,23,21,-28.23943662,0,0,0,0,28.78441818,0,26.07974437,87.84749134,0.762,4.682578795
3,23,21.5,-15.98591549,0,0,0,0,28.67555823,0,26.05961145,88.54707318,0.291,4.671442391
3,23,22,-19.36619718,0,0,0,0,28.57659464,0,26.16027607,88.74695371,0.454,4.660196267
3,23,22.5,-21.47887324,0,0,0,0,28.47763106,0,26.15020961,89.0467745,0.133,4.648838611
3,23,23,-20.77464789,0,0,0,0,28.38856383,0,26.04954499,89.44653555,0.74,4.637367568
3,23,23.5,-29.43661972,0,0,0,0,28.31928932,0,25.79788344,90.64581871,2.063,4.637367568
3,24,0,-28.02816901,0,0,0,0,28.23022209,0,25.4656902,91.34540055,2.375,4.625781237
3,24,0.5,-15.70422535,0,0,0,0,28.15105122,0,25.40529143,91.94504213,2.521,4.614077674
3,24,1,-17.3943662,0,0,0,0,28.10156943,0,25.19389574,92.54468371,2.753,4.614077674
3,24,1.5,-10.14084507,0,0,0,0,28.05208763,0,25.13349697,93.14432529,2.358,4.602254889
3,24,2,-13.02816901,0,0,0,0,27.98281312,0,24.97243358,93.04438502,3.074,4.602254889
3,24,2.5,-14.92957746,0,0,0,0,27.92343497,0,24.79123727,93.14432529,3.253,4.590310845
3,24,3,-13.38028169,0,0,0,0,27.87395318,0,24.5194428,92.34480318,2.238,4.590310845
3,24,3.5,-12.95774648,0,0,0,0,27.83436774,0,24.37851233,92.24486292,2.153,4.578243453
3,24,4,-14.29577465,0,0,0,0,27.79478231,0,24.41877818,92.94444476,1.954,4.566050577
3,24,4.5,-14.50704225,0,0,0,0,27.76509323,0,24.47917695,93.24426555,1.443,4.566050577
3,24,5,-17.11267606,0,0,0,0,27.73540415,0,24.42884464,93.54408634,1.642,4.553730025
3,24,5.5,-19.50704225,0,0,0,0,27.69581872,0,24.33824649,93.74396687,1.602,4.553730025
3,24,6,-23.73239437,3.4,0.8,3.696779577,0,27.66612964,0,24.22751541,93.6440266,1.294,4.541279556
3,24,6.5,16.97183099,64,17.2,59.14847323,2.320975429,27.61664785,0,24.39864526,93.6440266,0.965,4.541279556
3,24,7,54.57746479,105.4,27.4,119.3531692,4.641950857,27.58695877,0,24.64024034,93.34420581,0.929,4.528696868
3,24,7.5,106.6901408,170.6,44.2,196.1933733,7.478698603,27.61664785,0,25.00263296,92.44474344,1.064,4.528696868
3,24,8,196.1267606,270.8,69.2,302.8718696,11.34699098,27.74530051,0,25.23416158,91.84510187,1.399,4.515979605
3,24,8.5,167.0422535,220.4,55.6,253.7575124,9.283901714,27.95312405,0.1,25.50595605,90.04617713,1.422,4.515979605
3,24,9,164.2253521,214.8,54,248.7404544,9.026015556,28.1312585,0,25.62675359,88.14731213,1.302,4.503125352
3,24,9.5,204.7183099,262.4,66.2,300.2313128,11.08910483,28.28960024,0,26.07974437,87.74755107,0.998,4.49013163
3,24,10,205.4929577,265.2,67.8,298.9110344,11.08910483,28.45783834,0,26.50253577,87.04796923,1.027,4.49013163
3,24,10.5,423.4507042,543,132.2,608.1202404,20.6308927,28.65576551,0,27.10652347,85.74874581,0.889,4.476995899
3,24,11,534.9295775,656.6,156.8,731.9623562,24.49918508,28.95265628,0,27.92190688,82.35077686,1.312,4.476995899
3,24,11.5,415,508.6,122.6,570.3602776,19.08357575,29.30892519,0,28.27423304,80.55185213,1.495,4.450287922
3,24,12,480,589.6,140.6,666.4765466,22.43609581,29.7146759,0,28.85808782,78.34317231,2.257,4.450287922
3,24,12.5,493.028169,595.2,140.6,679.4152751,22.69398197,29.94229215,0,29.10974937,76.12449847,1.802,4.436710259
3,24,13,592.2535211,715.4,165.6,814.083674,26.30438819,30.25897563,0,29.70367061,72.9863742,1.738,4.422979751
3,24,13.5,699.2957746,827,194.4,919.9700033,30.94633905,30.53607367,0,30.23719309,69.22862031,1.976,4.409093509
3,24,14,183.1690141,238.8,61.4,273.5616887,10.31544635,30.65482997,0,30.52912048,68.3891221,2.268,4.395048566
3,24,14.5,75.28169014,189.2,50,217.317828,8.510243238,30.69441541,0,30.24725955,71.6571687,1.873,4.380841875
3,24,15,133.6619718,221.4,56.2,259.0386261,9.799674032,30.63503726,0,29.10974937,78.29320218,3.231,4.380841875
3,24,15.5,67.95774648,104.4,26.2,129.1232295,4.641950857,30.63503726,0,27.83130872,81.45131449,2.684,4.380841875
3,24,16,0.704225352,42.2,10,55.45169365,1.805203111,30.40742101,0,26.64346623,85.34898476,4.257,4.36647031
3,24,16.5,-17.81690141,21,5.2,27.46179114,1.031544635,30.20949383,0,25.23416158,89.0467745,3.929,4.36647031
3,24,17,-24.22535211,10.6,2.6,13.99495126,0,29.85322492,0,25.0730982,90.04617713,3.257,4.36647031
3,24,17.5,-27.04225352,6.8,1.4,8.185726206,0,29.38809606,0,25.06303173,89.74635634,2.277,4.36647031
3,24,18,-23.02816901,2,0.4,1.584334104,0,29.08130894,0,25.09323112,90.14611739,1.123,4.36647031
3,24,18.5,-20,0,0,0,0,28.90317448,0,25.03283235,90.9456395,0.59,4.36647031
3,24,19,-19.50704225,0,0,0,0,28.76462546,0,25.04289881,92.34480318,1.672,4.36647031
3,24,19.5,-18.8028169,0,0,0,0,28.65576551,0,24.91203481,92.34480318,1.046,4.36647031
3,24,20,-20.35211268,0,0,0,0,28.54690557,0,24.74090496,92.8445045,1.579,4.36647031
3,24,20.5,-18.94366197,0,0,0,0,28.43804562,0,24.84156957,93.44414608,2.033,4.36647031
3,24,21,-18.87323944,0,0,0,0,28.32918568,0,24.8617025,93.84390713,1.87,4.351930654
3,24,21.5,-18.73239437,0,0,0,0,28.25001481,0,24.74090496,94.14372792,1.779,4.351930654
3,24,22,-20.91549296,0,0,0,0,28.20053301,0,24.70063911,94.44354871,1.507,4.351930654
3,24,22.5,-21.33802817,0,0,0,0,28.12136214,0,24.7811708,94.64342923,1.981,4.351930654
3,24,23,-22.11267606,0,0,0,0,28.07188035,0,24.81137019,94.64342923,1.375,4.351930654
3,24,23.5,-20.84507042,0,0,0,0,28.0125022,0,24.82143665,94.84330976,1.082,4.351930654
3,25,0,-20.91549296,0,0,0,0,27.97291676,0,24.84156957,94.7433695,1.156,4.351930654
3,25,0.5,-23.8028169,0,0,0,0,27.93333133,0,24.77110434,94.64342923,1.316,4.351930654
3,25,1,-14.92957746,0,0,0,0,27.89374589,0,24.75097142,95.14313055,0.472,4.351930654
3,25,1.5,-16.61971831,0,0,0,0,27.85416046,0,24.66037326,95.24307081,1.023,4.337219607
3,25,2,-25.84507042,0,0,0,0,27.83436774,0,24.5194428,95.14313055,1.569,4.337219607
3,25,2.5,-19.57746479,0,0,0,0,27.78488595,0,24.52950926,95.34301108,1.629,4.337219607
3,25,3,-21.54929577,0,0,0,0,27.74530051,0,24.40871172,95.74277213,1.428,4.337219607
3,25,3.5,-15,0,0,0,0,27.70571508,0,24.28791418,95.74277213,1.455,4.337219607
3,25,4,-6.126760563,0,0,0,0,27.676026,0,24.32818002,95.94265266,1.296,4.337219607
3,25,4.5,-5.915492958,0,0,0,0,27.65623328,0,24.38857879,95.84271239,1.252,4.322333774
3,25,5,-5.704225352,0,0,0,0,27.63644057,0,24.37851233,95.74277213,1.427,4.322333774
3,25,5.5,-3.661971831,0,0,0,0,27.62654421,0,24.24764833,95.64283187,1.054,4.322333774
3,25,6,-2.746478873,1.6,0.2,1.32027842,0,27.61664785,0,24.19731602,95.74277213,1.083,4.322333774
3,25,6.5,8.169014085,14.6,3.8,15.84334104,0.515772317,27.61664785,0,24.14698371,95.74277213,1.853,4.322333774
3,25,7,26.90140845,41,10,49.6424686,1.805203111,27.59685513,0,24.23758187,95.84271239,1.162,4.307269667
3,25,7.5,72.53521127,106.2,26.2,125.1623942,4.384064698,27.59685513,0.1,24.72077203,95.74277213,0.367,4.307269667
3,25,8,117.0422535,153.6,38.6,172.9564731,6.18926781,27.63644057,0,25.05296527,95.24307081,1.21,4.307269667
3,25,8.5,270.7746479,322.4,90.8,330.5977164,14.44162489,27.73540415,0,25.38515851,94.64342923,1.935,4.307269667
3,25,9,356.6197183,456.8,112,532.0722034,18.05203111,27.93333133,0,25.97907976,93.44414608,2.09,4.292023697
3,25,9.5,434.8591549,541.2,129.8,606.0077949,20.11512038,28.25991117,0,26.37167176,91.7451616,2.414,4.292023697
3,25,10,726.7605634,897,211.6,956.145632,30.68845289,28.71514367,0,27.05619117,89.0467745,2.413,4.276592177
3,25,10.5,426.8309859,532.4,127.6,592.8050107,19.59934806,29.30892519,0,27.52931487,86.54826792,1.683,4.276592177
3,25,11,358.0985915,443.4,108.8,488.2389598,16.50471416,29.78395041,0,27.9420398,83.65000028,1.396,4.260971312
3,25,11.5,658.4507042,804.4,186.2,888.2833212,28.36747746,30.11053025,0,28.53596105,80.85167292,0.99,4.245157198
3,25,12,561.5492958,671,156.8,750.1821984,24.75707124,30.7438972,0,29.33121153,75.43491065,1.57,4.245157198
3,25,12.5,414.2957746,498,117.8,569.8321662,18.82568959,30.84286079,0,29.69360415,73.35615318,1.167,4.229145817
3,25,13,704.2253521,858,200.2,953.5050752,30.17268057,30.95172074,0,30.50898756,70.31796918,1.53,4.212933033
3,25,13.5,568.3098592,686,162.8,767.6098736,25.53072971,31.21892242,0,31.12304172,66.36033475,1.79,4.212933033
3,25,14,609.1549296,741.6,178.8,824.11779,28.1095913,31.32778237,0,31.36463681,65.38092017,1.601,4.196514589
3,25,14.5,143.3802817,183.8,45.8,227.6159997,8.768129397,31.27830057,0,31.20357342,65.99055578,1.807,4.1798861
3,25,15,160.7746479,210,54.2,240.0266168,9.026015556,31.28819693,0,30.18686078,69.85824396,2.373,4.1798861
3,25,15.5,196.9014085,262,68.4,308.6810947,11.8627633,31.16944063,0,30.13652847,71.54723441,2,4.1798861
3,25,16,107.5352113,168,42.2,200.6823199,7.994470921,30.81317171,0,29.99559801,73.08631447,1.802,4.163043047
3,25,16.5,46.12676056,78.2,19.8,92.94760079,3.610406222,30.65482997,0,29.38154384,74.87524518,3.338,4.163043047
3,25,17,-36.1971831,26.6,7,31.68668209,1.805203111,30.64493362,0,26.90519424,80.85167292,2.957,4.163043047
3,25,17.5,-22.32394366,11,3,12.67467284,0,30.42721372,0,26.31127299,82.85047818,2.941,4.163043047
3,25,18,-29.22535211,1.6,0.4,1.584334104,0,30.10063389,0,25.76768406,85.84868607,1.738,4.163043047
3,25,18.5,-28.66197183,0,0,0,0,29.74436497,0,25.68715236,87.74755107,1.28,4.163043047
3,25,19,-34.64788732,0,0,0,0,29.42768149,0,25.5462219,89.54647581,2.115,4.145980777
3,25,19.5,-37.81690141,0,0,0,0,29.20006524,0,25.22409512,90.44593818,2.091,4.145980777
3,25,20,-31.61971831,0,0,0,0,29.03182715,0,25.06303173,90.24605765,0.891,4.145980777
3,25,20.5,-30.49295775,0,0,0,0,28.88338176,0,25.04289881,90.54587844,0.886,4.145980777
3,25,21,-25.56338028,0,0,0,0,28.73493638,0,25.10329758,91.04557976,0.682,4.145980777
3,25,21.5,-20.07042254,0,0,0,0,28.61618008,0,25.14356343,91.64522134,0.362,4.145980777
3,25,22,-22.32394366,0,0,0,0,28.53700921,0,25.24422805,91.7451616,0.587,4.145980777
3,25,22.5,-24.08450704,0,0,0,0,28.45783834,0,25.14356343,92.04498239,0.785,4.145980777
3,25,23,-24.71830986,0,0,0,0,28.38856383,0,25.08316466,92.54468371,1.273,4.145980777
3,25,23.5,-17.81690141,0,0,0,0,28.32918568,0,25.02276589,92.8445045,0.733,4.145980777
3,26,0,-27.11267606,0,0,0,0,28.26980752,0,25.00263296,93.14432529,0.765,4.145980777
3,26,0.5,-16.90140845,0,0,0,0,28.20053301,0,24.95230065,93.34420581,2.146,4.145980777
3,26,1,-19.08450704,0,0,0,0,28.10156943,0,24.93216773,93.34420581,1.056,4.145980777
3,26,1.5,-32.67605634,0,0,0,0,28.05208763,0,24.93216773,93.34420581,1.225,4.128694494
3,26,2,-33.8028169,0,0,0,0,28.00260584,0,24.75097142,93.44414608,1.778,4.128694494
3,26,2.5,-32.3943662,0,0,0,0,27.95312405,0,24.70063911,93.6440266,1.834,4.128694494
3,26,3,-33.16901408,0,0,0,0,27.91353861,0,24.53957572,94.24366818,2.216,4.128694494
3,26,3.5,-34.22535211,0,0,0,0,27.85416046,0,24.4389111,94.14372792,2.09,4.128694494
3,26,4,-31.61971831,0,0,0,0,27.79478231,0,24.37851233,94.04378766,1.734,4.128694494
3,26,4.5,-18.09859155,0,0,0,0,27.7255078,0.1,24.22751541,94.54348897,1.997,4.128694494
3,26,5,-11.83098592,0,0,0,0,27.69581872,0,24.29798064,94.94325002,1.922,4.128694494
3,26,5.5,-3.309859155,0,0,0,0,27.676026,0,24.34831295,94.94325002,1.526,4.128694494
3,26,6,-3.309859155,1.4,0.2,1.056222736,0,27.66612964,0,24.14698371,95.04319029,1.897,4.128694494
3,26,6.5,-0.492957746,18.4,5,19.27606494,0.773658476,27.676026,0,24.05638556,95.04319029,1.829,4.128694494
3,26,7,15.84507042,44.6,11.4,48.58624587,1.805203111,27.66612964,0,23.97585386,95.14313055,2.206,4.128694494
3,26,7.5,12.46478873,72.8,18.8,80.00887227,3.094633905,27.68592236,0,23.88525571,95.34301108,2.071,4.128694494
3,26,8,56.76056338,130.8,33.6,148.1352388,5.673495492,27.66612964,0,24.19731602,95.14313055,2.144,4.111179251
3,26,8.5,242.4647887,262.2,84.4,372.3185145,13.66796641,27.68592236,0,24.83150311,94.7433695,1.758,4.111179251
3,26,9,533.5915493,667.6,171.2,760.4803701,26.82016051,27.83436774,0,25.86834868,92.74456423,2.193,4.111179251
3,26,9.5,374.2957746,493,121,551.3482683,19.08357575,28.19063665,0,26.31127299,91.24546029,1.336,4.111179251
3,26,10,337.1126761,443.6,109.6,499.0652429,17.27837264,28.56669829,0,26.7843967,89.34659529,1.455,4.093429949
3,26,10.5,623.943662,781.6,184,858.4450289,28.62536362,28.88338176,0,27.4689161,85.94862634,1.832,4.093429949
3,26,11,475.915493,586.4,141.4,655.1221522,22.43609581,29.29902883,0,28.01250503,81.45131449,2.63,4.075441329
3,26,11.5,384.7887324,480.6,118,542.1063194,18.56780343,29.60581595,0,28.68695797,79.11271234,2.364,4.075441329
3,26,12,377.5352113,458.8,112.2,522.5661988,17.79414495,29.93239579,0,29.07954998,77.1638772,1.94,4.057207964
3,26,12.5,492.6760563,596.2,145,661.9875999,22.43609581,30.09073753,0,29.50234138,74.5054662,2.583,4.057207964
3,26,13,685.2112676,801.8,189.2,898.8455485,29.65690825,30.3381465,0,30.37812355,71.24741362,2.824,4.038724253
3,26,13.5,608.4507042,721.4,171.2,816.1961194,27.33593283,30.58555546,0,30.75058264,67.89941481,2.847,4.038724253
3,26,14,553.0985915,671.6,160.8,758.896036,26.04650203,30.88244622,0,31.40490265,64.99115315,2.068,4.019984414
3,26,14.5,577.4647887,698.6,173.8,786.8859385,28.36747746,30.94182438,0,31.92835867,62.87241957,3.271,4.000982477
3,26,15,210.5633803,271.2,70,316.0746538,12.12064946,30.92203166,0,31.73709589,61.5931842,2.972,4.000982477
3,26,15.5,233.0985915,317,82.4,368.8857906,13.92585257,31.03089161,0,31.19350696,64.52143391,2.203,4.000982477
3,26,16,245.5633803,322,86.2,359.1157303,13.92585257,30.82306807,0,31.34450388,63.06230607,2.8,3.981712275
3,26,16.5,24.92957746,49.6,12.6,57.56413913,2.06308927,30.80327536,0,27.89170749,75.93461197,4.364,3.981712275
3,26,17,-44.22535211,20.8,5.2,23.50095588,0.773658476,30.93192802,0,25.91868098,80.95161318,5.382,3.981712275
3,26,17.5,-17.95774648,21.4,5.8,22.18067746,0.515772317,30.64493362,0,24.82143665,84.74934318,1.753,3.981712275
3,26,18,-27.11267606,7.8,2.2,7.12950347,0,30.0016703,0,25.44555728,86.34838739,1.581,3.981712275
3,26,18.5,-38.45070423,0,0,0,0,29.46726693,0,25.62675359,88.64701344,2.498,3.981712275
3,26,19,-37.81690141,0,0,0,0,29.12089437,0,25.21402866,89.64641608,2.433,3.981712275
3,26,19.5,-36.90140845,0,0,0,0,28.93286356,0,24.97243358,89.8462966,1.704,3.981712275
3,26,20,-34.57746479,0,0,0,0,28.8042109,0,24.74090496,90.34599792,2.178,3.981712275
3,26,20.5,-31.90140845,0,0,0,0,28.66566187,0,24.64024034,90.44593818,1.455,3.981712275
3,26,21,-32.74647887,0,0,0,0,28.55680193,0,24.70063911,91.04557976,1.065,3.981712275
3,26,21.5,-35.49295775,0,0,0,0,28.4677347,0,24.6503068,92.14492265,1.151,3.981712275
3,26,22,-33.45070423,0,0,0,0,28.36877111,0,24.63017388,91.94504213,0.91,3.981712275
3,26,22.5,-21.69014085,0,0,0,0,28.26980752,0,24.62010741,92.34480318,1.262,4.000982477
3,26,23,-14.78873239,0,0,0,0,28.19063665,0,24.73083849,92.24486292,0.562,4.000982477
3,26,23.5,-14.64788732,0,0,0,0,28.1312585,0,24.71070557,92.44474344,1.308,4.000982477
3,27,0,-14.92957746,0,0,0,0,28.08177671,0,24.72077203,92.64462397,1.012,4.000982477
3,27,0.5,-14.92957746,0,0,0,0,28.04219127,0,24.82143665,93.54408634,1.136,4.000982477
3,27,1,-20.35211268,0,0,0,0,28.02239856,0,24.8617025,93.44414608,0.283,4.000982477
3,27,1.5,-27.18309859,0,0,0,0,27.98281312,0,24.85163604,93.74396687,0.869,4.000982477
3,27,2,-19.08450704,0,0,0,0,27.94322769,0,24.73083849,93.6440266,0.083,4.000982477
3,27,2.5,-25.07042254,0,0,0,0,27.90364225,0.1,24.79123727,93.6440266,0.922,4.000982477
3,27,3,-14.36619718,0,0,0,0,27.86405682,0,24.81137019,93.84390713,0.961,4.000982477
3,27,3.5,-14.50704225,0,0,0,0,27.8442641,0,24.81137019,93.94384739,0.067,4.000982477
3,27,4,-9.788732394,0,0,0,0,27.82447138,0,24.80130373,94.54348897,1.16,4.000982477
3,27,4.5,-9.084507042,0,0,0,0,27.80467867,0,24.83150311,94.54348897,0.357,4.000982477
3,27,5,-7.394366197,0,0,0,0,27.78488595,0,24.91203481,94.54348897,1.411,4.000982477
3,27,5.5,-8.661971831,0,0,0,0,27.75519687,0,24.48924341,94.34360844,2.164,4.000982477
3,27,6,-10.84507042,2.4,0.6,2.376501157,0,27.75519687,0,24.28791418,94.44354871,2.019,4.000982477
3,27,6.5,-15.35211268,11.4,2.8,12.93872852,0.257886159,27.68592236,0,24.06645202,94.24366818,4.313,4.000982477
3,27,7,-22.04225352,28.2,6.8,36.17562872,1.547316952,27.57706241,0,23.30140092,93.54408634,5.147,4.000982477
3,27,7.5,-5.915492958,42.8,9.8,54.6595266,1.805203111,27.53747698,0,23.10007169,93.94384739,4.592,4.000982477
3,27,8,17.04225352,69.6,16.4,84.23376322,2.578861587,27.52758062,0,23.11013815,94.34360844,2.787,4.000982477
3,27,8.5,80.84507042,190.8,46.2,221.2786632,7.220812445,27.52758062,0,23.53292954,94.34360844,2.575,4.019984414
3,27,9,128.943662,214.4,53,244.2515078,8.510243238,27.53747698,0,23.80472401,93.74396687,2.769,4.019984414
3,27,9.5,192.6760563,290.8,71.4,327.6931039,11.34699098,27.58695877,0,24.0966514,92.8445045,3.073,4.038724253
3,27,10,169.5070423,236.2,59.4,267.7524636,9.799674032,27.74530051,0,24.28791418,91.94504213,2.453,4.038724253
3,27,10.5,159.5070423,257.2,64.6,292.5736979,10.31544635,27.91353861,0,24.64024034,91.04557976,3.115,4.057207964
3,27,11,174.9295775,266.6,67.6,301.5515912,10.57333251,28.07188035,0,25.01269942,90.34599792,2.877,4.057207964
3,27,11.5,241.7605634,337,84.8,378.6558509,13.1521941,28.1807403,0,25.36502559,89.0467745,2.788,4.057207964
3,27,12,284.0140845,383.8,97,429.618598,14.95739721,28.28960024,0,25.81801637,86.74814844,3.801,4.057207964
3,27,12.5,358.8028169,461.6,116.2,518.6053635,17.79414495,28.40835655,0,26.20054191,83.74994055,4.448,4.057207964
3,27,13,280.7746479,366,93.6,412.4549785,14.44162489,28.51721649,0,26.89512778,81.35137423,4.19,4.057207964
3,27,13.5,230.7042254,302.2,78.6,335.8788301,12.12064946,28.65576551,0,27.26758686,79.10271831,4.091,4.057207964
3,27,14,262.4647887,349,89.6,392.3867465,13.41008025,28.78441818,0,27.24745394,76.76411615,4.479,4.038724253
3,27,14.5,223.8732394,309.4,79.8,348.2894473,12.63642178,28.85369269,0,27.43871671,75.86465378,3.739,4.038724253
3,27,15,195.2112676,271,70.6,307.0967606,11.08910483,28.90317448,0,27.55951425,74.62539452,3.424,4.038724253
3,27,15.5,254.7183099,340.6,89.8,390.0102454,14.18373873,28.9229672,0,27.9420398,73.42611136,3.099,4.038724253
3,27,16,259.5774648,342.4,94.8,391.5945795,15.21528337,28.91307084,0,28.31449889,71.19744349,2.522,4.019984414
3,27,16.5,81.1971831,134.2,36.2,159.2255775,6.447153968,28.85369269,0,28.21383427,71.38732999,2.081,4.019984414
3,27,17,34.78873239,82.6,22.6,97.17249174,3.610406222,28.98234535,0,27.78097641,74.77530491,1.955,4.019984414
3,27,17.5,7.253521127,50.2,13.4,57.03602776,2.320975429,29.02193079,0,27.3883844,77.21384734,1.63,4.019984414
3,27,18,-29.36619718,5,1.2,6.337336418,0,28.93286356,0,26.98572593,79.29260481,1.677,4.019984414
3,27,18.5,-30.91549296,0,0,0,0,28.8042109,0,26.40187115,81.65119502,1.771,4.019984414
3,27,19,-32.88732394,0,0,0,0,28.65576551,0,25.97907976,82.85047818,1.041,4.019984414
3,27,19.5,-34.01408451,0,0,0,0,28.47763106,0,25.83814929,85.74874581,0.176,4.019984414
3,27,20,-31.12676056,0,0,0,0,28.32918568,0,25.40529143,87.74755107,0.837,4.019984414
3,27,20.5,-26.97183099,0,0,0,0,28.1807403,0,25.22409512,88.74695371,0.128,4.000982477
3,27,21,-23.8028169,0,0,0,0,28.05208763,0,25.3348262,88.94683423,0.156,4.000982477
3,27,21.5,-23.8028169,0,0,0,0,27.95312405,0,25.34489266,89.54647581,0.213,4.000982477
3,27,22,-23.30985915,0,0,0,0,27.87395318,0.1,25.2039622,90.34599792,1.425,4.000982477
3,27,22.5,-22.3943662,0,0,0,0,27.81457502,0,25.14356343,90.34599792,1.36,4.000982477
3,27,23,-25.98591549,0,0,0,0,27.75519687,0,25.08316466,90.9456395,0.222,4.000982477
3,27,23.5,-31.83098592,0,0,0,0,27.71561144,0,24.97243358,91.04557976,0.831,4.000982477
3,28,0,-35.21126761,0,0,0,0,27.63644057,0,24.91203481,91.44534081,1.679,4.000982477
3,28,0.5,-34.78873239,0,0,0,0,27.56716606,0,24.83150311,91.7451616,1.293,4.000982477
3,28,1,-26.97183099,0,0,0,0,27.5077879,0,24.48924341,92.24486292,0.827,4.000982477
3,28,1.5,-26.12676056,0,0,0,0,27.47809883,0,24.35837941,92.24486292,0.633,4.000982477
3,28,2,-29.85915493,0,0,0,0,27.39892796,0,24.3080471,92.54468371,1.025,4.000982477
3,28,2.5,-27.11267606,0,0,0,0,27.33954981,0,24.1771831,92.94444476,0.639,4.000982477
3,28,3,-15.56338028,0,0,0,0,27.30986073,0,24.06645202,93.24426555,0.728,4.000982477
3,28,3.5,-22.04225352,0,0,0,0,27.27027529,0,24.15705017,93.34420581,0.878,4.000982477
3,28,4,-27.18309859,0,0,0,0,27.24058622,0,24.0966514,93.84390713,0.287,4.000982477
3,28,4.5,-23.73239437,0,0,0,0,27.21089714,0,23.95572094,93.94384739,0.748,4.000982477
3,28,5,-21.69014085,0,0,0,0,27.19110442,0,24.01611971,94.04378766,0.774,4.000982477
3,28,5.5,-20.77464789,0,0,0,0,27.15151899,0,23.80472401,93.94384739,1.453,4.000982477
3,28,6,-19.57746479,3.6,1,3.696779577,0,27.12182991,0,23.84498986,94.04378766,1.546,3.981712275
3,28,6.5,9.014084507,33.4,9,33.53507188,1.547316952,27.06245176,0,23.87518924,94.04378766,2.302,3.981712275
3,28,7,23.73239437,53.8,13.6,61.2609187,1.805203111,27.0525554,0,24.03625263,94.04378766,2.222,3.981712275
3,28,7.5,45.14084507,104,26.8,115.3923339,4.384064698,27.07234812,0,24.3080471,93.74396687,3.275,3.981712275
3,28,8,34.92957746,122.6,31.2,137.0449,4.641950857,27.11193356,0,24.45904403,93.44414608,3.047,3.981712275
3,28,8.5,90,159,40.6,179.8219208,6.447153968,27.19110442,0,24.88183542,93.24426555,2.696,3.981712275
3,28,9,271.4788732,348.4,87.6,402.6849182,13.92585257,27.30986073,0,25.39522497,91.94504213,3.769,3.981712275
3,28,9.5,292.1126761,361.6,90.4,413.7752569,13.66796641,27.49789154,0,25.68715236,88.74695371,4.454,3.981712275
3,28,10,164.3661972,328.8,82.4,371.5263475,12.37853562,27.71561144,0,25.73748467,88.24725239,3.706,3.981712275
3,28,10.5,395.0704225,490.6,120.4,550.0279899,18.05203111,27.97291676,0,26.39180469,87.04796923,3.634,3.981712275
3,28,11,497.5352113,610.4,146.2,687.6010013,22.43609581,28.12136214,0,27.07632409,83.55006002,3.415,3.962167436
3,28,11.5,633.8028169,750.2,174.2,844.7141333,26.56227435,28.586491,0,28.10310319,79.6324017,3.071,3.962167436
3,28,12,764.084507,899,207.4,998.6585971,30.94633905,29.05161986,0,28.98895183,75.18505999,3.218,3.942341374
3,28,12.5,625.3521127,732.6,170.8,834.151906,26.56227435,29.36830334,0,29.41174322,71.57721649,3.41,3.942341374
3,28,13,630.9859155,750.8,177,842.3376322,26.82016051,29.75426133,0,30.02579739,68.9587816,2.561,3.922227279
3,28,13.5,595.0704225,695.2,168.4,786.3578271,26.04650203,30.04125573,0,30.43852232,66.43029294,2.593,3.922227279
3,28,14,657.0422535,771.8,187.2,869.5353676,29.14113594,30.21939019,0,30.98211126,63.93178636,2.293,3.901818108
3,28,14.5,438.2394366,525.6,131.8,609.1764631,21.40455117,30.34804285,0.1,31.20357342,62.28277202,2.374,3.901818108
3,28,15,376.4788732,467.8,122.2,542.8984864,20.11512038,30.29856106,0,31.41496912,61.73310057,3.138,3.901818108
3,28,15.5,303.7323944,384.6,104,450.478997,17.02048648,30.19959747,0,31.07270942,63.23220452,2.894,3.881106577
3,28,16,132.1830986,191.6,51.2,228.6722224,8.768129397,30.06104845,0.1,31.04251003,62.19282578,2.269,3.881106577
3,28,16.5,58.16901408,103.8,27.2,121.4656147,4.899837016,30.05115209,0,30.67005094,65.82065733,2.056,3.881106577
3,28,17,28.8028169,61.6,16,70.23881196,2.578861587,30.01156666,0,30.12646201,68.63897275,2.225,3.881106577
3,28,17.5,-5.211267606,23.8,6.6,27.46179114,1.289430794,29.90270671,0.1,29.67347123,71.57721649,1.33,3.881106577
3,28,18,-18.02816901,2.8,0.8,3.432723893,0,29.75426133,0,28.94868598,73.69595007,2.404,3.881106577
3,28,18.5,-26.61971831,0,0,0,0,29.5464378,0,28.04270442,74.59541244,3.399,3.881106577
3,28,19,-25.35211268,0,0,0,0,29.34851062,0,27.53938133,76.25442081,2.432,3.881106577
3,28,19.5,-22.95774648,0,0,0,0,29.19016888,0.1,27.07632409,78.01336944,1.616,3.881106577
3,28,20,-18.5915493,0,0,0,0,29.0417235,0,26.87499485,80.55185213,1.593,3.881106577
3,28,20.5,-17.67605634,0,0,0,0,28.90317448,0,26.77433024,82.35077686,1.123,3.881106577
3,28,21,-22.32394366,0,0,0,0,28.7547291,0,26.69379854,83.74994055,2.059,3.860085144
3,28,21.5,-33.16901408,0,0,0,0,28.6359728,0,26.442137,84.84928344,1.87,3.860085144
3,28,22,-25.98591549,0,0,0,0,28.49742377,0.1,26.03947853,85.04916397,2.307,3.860085144
3,28,22.5,-23.30985915,0,0,0,0,28.37866747,0,25.96901329,85.34898476,1.893,3.860085144
3,28,23,-22.11267606,0,0,0,0,28.30939296,0,25.83814929,85.54886528,1.914,3.860085144
3,28,23.5,-26.05633803,0,0,0,0,28.24011845,0,25.85828221,86.0485666,1.704,3.860085144
3,29,0,-26.05633803,0,0,0,0,28.15105122,0,25.6770859,86.94802897,3.166,3.860085144
3,29,0.5,-28.87323944,0,0,0,0,28.07188035,0,25.47575667,87.54767055,2.846,3.860085144
3,29,1,-31.4084507,0,0,0,0,28.0125022,0,25.35495912,88.14731213,2.066,3.860085144
3,29,1.5,-32.6056338,0,0,0,0,27.97291676,0.1,25.19389574,88.84689397,2.596,3.860085144
3,29,2,-26.83098592,0,0,0,0,27.90364225,0,25.11336404,89.0467745,3.137,3.860085144
3,29,2.5,-23.38028169,0,0,0,0,27.81457502,0,24.8617025,88.54707318,3.302,3.860085144
3,29,3,-17.81690141,0,0,0,0,27.74530051,0,24.77110434,87.9474316,3.708,3.860085144
3,29,3.5,-14.85915493,0,0,0,0,27.68592236,0,24.74090496,88.04737186,3.011,3.860085144
3,29,4,-14.71830986,0,0,0,0,27.66612964,0,24.80130373,88.24725239,2.274,3.860085144
3,29,4.5,-14.85915493,0,0,0,0,27.64633693,0,24.87176896,88.34719265,2.273,3.860085144
3,29,5,-18.23943662,0,0,0,0,27.63644057,0,24.71070557,88.54707318,1.842,3.860085144
3,29,5.5,-17.81690141,0,0,0,0,27.62654421,0,24.71070557,89.0467745,1.802,3.860085144
3,29,6,-15.28169014,0.6,0,1.32027842,0,27.58695877,0,24.67043972,89.34659529,2.283,3.860085144
3,29,6.5,-2.535211268,17,4.6,20.59634336,0.773658476,27.54737334,0,24.73083849,89.44653555,2.499,3.860085144
3,29,7,23.66197183,50.2,13,60.46875165,2.320975429,27.5077879,0,24.83150311,89.0467745,2.62,3.860085144
3,29,7.5,58.66197183,91.2,23.4,112.4877214,4.384064698,27.48799519,0,24.97243358,88.14731213,3.478,3.860085144
3,29,8,129.2957746,177,46.2,206.4915449,7.736584762,27.49789154,0,25.34489266,87.04796923,3.656,3.860085144
3,29,8.5,270.9859155,346.4,93.2,369.413902,14.95739721,27.57706241,0,26.07974437,84.34958213,4.365,3.838746003
3,29,9,186.3380282,235,61.8,269.8649091,10.31544635,27.69581872,0,26.56293454,81.65119502,3.899,3.838746003
3,29,9.5,294.7183099,366,94.4,411.1347001,14.69951105,27.88384953,0,27.03605824,79.35256897,3.656,3.838746003
3,29,10,216.9014085,344.2,89.8,381.8245192,13.66796641,28.0125022,0.1,27.34811856,78.12330373,2.979,3.838746003
3,29,10.5,315.7042254,389.2,99.6,441.2370481,15.47316952,28.11146579,0,27.79104288,76.24442678,4.01,3.817081071
3,29,11,306.9014085,393.2,100.4,445.1978833,15.21528337,28.30939296,0,28.1534355,74.93520933,3.423,3.817081071
3,29,11.5,508.8732394,619.6,152,697.1070059,23.46764044,28.52711285,0,28.76748967,71.52724636,3.632,3.817081071
3,29,12,555.9859155,667.6,163,754.4070894,25.53072971,28.66566187,0,29.75400292,67.59959402,3.898,3.795081971
3,29,12.5,432.0422535,528.2,130.8,602.3110153,20.6308927,28.86358905,0.1,29.95533216,66.38032281,3.747,3.795081971
3,29,13,191.3380282,256.4,66.2,294.158032,10.83121867,29.18027253,0,29.84460108,67.38971946,3.176,3.795081971
3,29,13.5,145.7042254,211.4,56.2,240.2906725,9.026015556,29.45737057,0.1,29.50234138,69.97817228,2.28,3.772740025
3,29,14,486.9014085,596,149.6,675.4544398,23.46764044,29.48705965,0.1,29.91506631,69.07870991,2.669,3.772740025
3,29,14.5,559.5774648,671.4,168.4,764.1771497,26.82016051,29.33861427,0.1,30.57945279,65.99055578,2.486,3.772740025
3,29,15,393.3098592,474.2,123.4,546.0671546,19.85723422,29.33861427,0,30.98211126,62.83244346,3.076,3.750046232
3,29,15.5,470.5633803,563.6,153.6,632.1493076,24.49918508,29.38809606,0.1,31.53576666,60.98354859,3.336,3.750046232
3,29,16,287.7464789,364.8,106.2,425.393707,18.05203111,29.3781997,0.1,31.58609897,59.80425349,3.255,3.726991262
3,29,16.5,72.04225352,121.2,35.6,153.1522968,6.962926286,29.36830334,0,31.08277588,59.52442075,3.263,3.726991262
3,29,17,15.14084507,59,15,74.19964722,3.094633905,29.59591959,0.1,30.17679432,64.43148767,2.182,3.726991262
3,29,17.5,-8.802816901,29.4,7.8,35.64751735,1.547316952,29.62560867,0,29.63320538,68.62897873,2.137,3.726991262
3,29,18,-27.95774648,4,1,5.281113681,0,29.51674872,0.1,28.90842013,71.79708507,2.166,3.726991262
3,29,18.5,-29.92957746,0,0,0,0,29.32871791,0,28.41516351,75.0751257,1.484,3.726991262
3,29,19,-29.50704225,0,0,0,0,29.16047981,0.1,28.05277088,79.93222249,0.677,3.726991262
3,29,19.5,-28.09859155,0,0,0,0,28.97244899,0,27.3883844,82.95041844,0.96,3.726991262
3,29,20,-31.1971831,0,0,0,0,28.8042109,0,26.83472901,84.24964186,2.258,3.726991262
3,29,20.5,-30.14084507,0,0,0,0,28.62607644,0.1,26.62333331,83.55006002,2.171,3.726991262
3,29,21,-12.18309859,0,0,0,0,28.4677347,0,26.31127299,83.84988081,2.767,3.726991262
3,29,21.5,-21.97183099,0,0,0,0,28.35887475,0.1,26.19047545,83.65000028,2.943,3.726991262
3,29,22,-23.8028169,0,0,0,0,28.26980752,0,26.03947853,84.04976134,2.915,3.726991262
3,29,22.5,-23.09859155,0,0,0,0,28.23022209,0,25.85828221,84.94922371,2.303,3.726991262
3,29,23,-42.3943662,0,0,0,0,28.14115486,0,25.69721883,85.44892502,1.827,3.726991262
3,29,23.5,-27.32394366,0,0,0,0,28.05208763,0,25.59655421,86.64820818,1.764,3.726991262
3,30,0,-30.56338028,0,0,0,0,28.00260584,0,25.59655421,87.64761081,2.135,3.726991262
3,30,0.5,-27.25352113,0,0,0,0,27.93333133,0,25.38515851,88.24725239,2.076,3.726991262
3,30,1,-29.57746479,0,0,0,0,27.90364225,0,25.27442743,88.74695371,1.508,3.726991262
3,30,1.5,-29.01408451,0,0,0,0,27.89374589,0,24.9925665,89.24665502,1.736,3.726991262
3,30,2,-25.21126761,0,0,0,0,27.85416046,0,24.88183542,89.44653555,1.229,3.726991262
3,30,2.5,-28.5915493,0,0,0,0,27.80467867,0,24.89190188,89.8462966,1.085,3.726991262
3,30,3,-28.94366197,0,0,0,0,27.76509323,0,24.75097142,90.04617713,1.361,3.726991262
3,30,3.5,-29.43661972,0,0,0,0,27.69581872,0,24.64024034,90.64581871,1.6,3.726991262
3,30,4,-27.11267606,0,0,0,0,27.63644057,0,24.46911049,90.9456395,1.255,3.726991262
3,30,4.5,-28.02816901,0,0,0,0,27.57706241,0,24.40871172,91.64522134,1.794,3.726991262
3,30,5,-32.25352113,0,0,0,0,27.5077879,0,24.29798064,91.64522134,2.021,3.726991262
3,30,5.5,-31.1971831,0,0,0,0,27.42861703,0,24.21744894,91.54528108,1.066,3.726991262
3,30,6,-29.22535211,2,0.4,2.904612525,0,27.36923888,0,24.01611971,92.04498239,1.634,3.726991262
3,30,6.5,-14.43661972,15.8,3.6,23.2369002,1.031544635,27.32965345,0,24.16711663,92.34480318,1.218,3.726991262
3,30,7,20.07042254,98.8,26.2,116.4485567,5.157723175,27.25048258,0,24.56977511,92.54468371,1.965,3.726991262
3,30,7.5,128.8732394,220.4,57.6,250.0607328,10.57333251,27.15151899,0.1,25.42542436,91.44534081,2.594,3.726991262
3,30,8,125.0704225,186.2,47.2,225.7676099,9.026015556,27.17131171,0,25.86834868,89.94623686,2.655,3.726991262
3,30,8.5,252.3943662,204.4,85,332.1820506,14.69951105,27.30986073,0,26.40187115,87.74755107,3.453,3.726991262
3,30,9,402.4647887,472.8,126.4,577.2257254,20.37300654,27.5077879,0,27.52931487,83.84988081,4.429,3.726991262
3,30,9.5,347.8169014,433.6,108.4,499.3292986,17.53625879,27.80467867,0,28.1534355,79.09272428,4.887,3.703565429
3,30,10,392.7464789,494,123,567.4556651,20.11512038,28.09167307,0,28.50576166,76.23443276,5.273,3.703565429
3,30,10.5,316.8309859,402.6,102.6,457.3444448,16.246828,28.33908204,0,28.80775552,74.86525115,4.756,3.703565429
3,30,11,347.2535211,478,118.6,538.9376512,18.56780343,28.54690557,0,29.0493506,73.33616512,5.372,3.679758684
3,30,11.5,196.056338,298,75.8,345.6488904,12.89430794,28.70524731,0.1,29.07954998,72.86644589,4.947,3.679758684
3,30,12,421.4788732,666.6,160.2,743.3167506,24.49918508,28.77452182,0,29.08961645,75.17506597,3.862,3.679758684
3,30,12.5,473.3098592,574.4,140,651.953484,22.17820965,28.88338176,0,29.70367061,73.23622486,4.236,3.679758684
3,30,13,147.0422535,250.2,61.6,293.365865,10.31544635,29.06151622,0,29.10974937,72.43670276,5.109,3.65556059
3,30,13.5,-22.04225352,51.4,12,66.54203238,2.320975429,29.59591959,0,26.05961145,81.1514937,6.628,3.65556059
3,30,14,19.78873239,68,15.2,85.55404164,2.836747746,29.59591959,0,24.61004095,86.64820818,2.9,3.679758684
3,30,14.5,19.08450704,81.6,19.2,97.96465879,3.352520064,29.07141258,0,25.03283235,88.84689397,3.588,3.679758684
3,30,15,25.70422535,92,22.6,105.3582179,3.610406222,28.66566187,0,25.32475974,89.94623686,2.909,3.679758684
3,30,15.5,58.16901408,119.2,29.4,134.6683989,4.641950857,28.43804562,0,25.50595605,90.44593818,1.89,3.679758684
3,30,16,28.23943662,91.4,22.6,103.7738838,3.352520064,28.31928932,0,25.45562374,90.84569923,1.947,3.679758684
3,30,16.5,15.28169014,66.4,16.2,75.78398133,2.578861587,28.2994966,0,25.55628836,91.24546029,1.528,3.679758684
3,30,17,-2.394366197,31.6,8,35.91157303,1.547316952,28.28960024,0,25.5462219,91.34540055,0.875,3.679758684
3,30,17.5,-9.084507042,16.8,4.4,18.48389788,0.257886159,28.26980752,0,25.58648775,91.54528108,0.533,3.703565429
3,30,18,-19.50704225,3.2,0.8,3.432723893,0,28.24011845,0,25.59655421,92.14492265,1.579,3.703565429
3,30,18.5,-28.87323944,0,0,0,0,28.1807403,0,25.43549082,92.8445045,2.006,3.703565429
3,30,19,-29.57746479,0,0,0,0,28.11146579,0,25.18382927,93.04438502,1.926,3.726991262
3,30,19.5,-30.14084507,0,0,0,0,28.03229492,0,25.02276589,93.34420581,1.694,3.726991262
3,30,20,-28.30985915,0,0,0,0,27.9630204,0,24.88183542,93.74396687,2.142,3.750046232
3,30,20.5,-26.76056338,0,0,0,0,27.89374589,0,24.73083849,93.94384739,2.573,3.750046232
3,30,21,-24.92957746,0,0,0,0,27.82447138,0,24.67043972,94.24366818,2.829,3.750046232
3,30,21.5,-23.09859155,0,0,0,0,27.74530051,0.1,24.68050619,94.14372792,2.409,3.772740025
3,30,22,-28.73239437,0,0,0,0,27.70571508,0,24.69057265,94.14372792,2.059,3.772740025
3,30,22.5,-33.30985915,0,0,0,0,27.66612964,0,24.63017388,94.14372792,1.797,3.772740025
3,30,23,-33.52112676,0,0,0,0,27.62654421,0,24.44897756,94.34360844,1.744,3.772740025
3,30,23.5,-34.22535211,0,0,0,0,27.58695877,0,24.29798064,94.54348897,1.932,3.795081971
3,31,0,-27.04225352,0,0,0,0,27.52758062,0.1,24.19731602,94.54348897,2.1,3.795081971
3,31,0.5,-25.56338028,0,0,0,0,27.46820247,0,24.15705017,94.34360844,0.787,3.795081971
3,31,1,-19.15492958,0,0,0,0,27.39892796,0,24.16711663,94.54348897,0.793,3.795081971
3,31,1.5,-16.47887324,0,0,0,0,27.35934252,0,24.25771479,94.84330976,2.028,3.795081971
3,31,2,-16.05633803,0,0,0,0,27.34944616,0,24.20738248,94.64342923,1.937,3.817081071
3,31,2.5,-15.98591549,0,0,0,0,27.30986073,0,24.23758187,94.44354871,2.06,3.817081071
3,31,3,-15.84507042,0,0,0,0,27.29006801,0,24.33824649,94.44354871,1.174,3.817081071
3,31,3.5,-16.4084507,0,0,0,0,27.28017165,0,24.4389111,94.44354871,1.431,3.817081071
3,31,4,-16.83098592,0,0,0,0,27.26037894,0,24.46911049,94.44354871,1.451,3.817081071
3,31,4.5,-16.97183099,0,0,0,0,27.24058622,0,24.47917695,94.54348897,1.431,3.817081071
3,31,5,-15.98591549,0,0,0,0,27.25048258,0,24.5194428,94.54348897,1.367,3.817081071
3,31,5.5,-14.78873239,0,0,0,0,27.23068986,0,24.58990803,94.64342923,1.031,3.817081071
3,31,6,-13.52112676,0.8,0.2,0.792167052,0,27.21089714,0,24.53957572,94.54348897,1.048,3.817081071
3,31,6.5,-6.056338028,14.6,3.8,15.84334104,0.257886159,27.20100078,0,24.57984157,94.64342923,0.723,3.817081071
3,31,7,14.78873239,49.2,11.6,54.92358229,1.805203111,27.18120807,0,24.84156957,94.7433695,0.994,3.838746003
3,31,7.5,24.15492958,69.4,16.8,77.8964268,2.320975429,27.16141535,0,24.95230065,94.64342923,1.553,3.838746003
3,31,8,49.08450704,120.4,29.4,135.4605659,4.384064698,27.18120807,0,25.03283235,94.64342923,1.821,3.838746003
3,31,8.5,104.7183099,219.8,54.6,246.8920646,8.252357079,27.2207935,0,25.40529143,94.14372792,1.819,3.838746003
3,31,9,205.4225352,299.8,74.8,341.1599438,11.60487714,27.2207935,0,25.65695298,93.44414608,1.977,3.838746003
3,31,9.5,264.5070423,308.2,77.4,344.328612,12.37853562,27.33954981,0,26.15020961,93.04438502,1.484,3.860085144
3,31,10,236.971831,297.6,74.8,338.519387,12.12064946,27.57706241,0,26.30120653,91.7451616,1.657,3.860085144
3,31,10.5,235.9859155,309.2,77.6,356.7392292,12.89430794,27.81457502,0,26.49246931,90.74575897,1.662,3.860085144
3,31,11,310.4929577,458,110.6,528.6394795,18.05203111,28.02239856,0,27.00585886,88.34719265,2.016,3.860085144
3,31,11.5,464.9295775,563.4,135.4,639.8069225,21.40455117,28.25001481,0,27.60984656,86.24844713,1.602,3.860085144
3,31,12,367.9577465,457,113.6,515.4366953,17.79414495,28.50732013,0.1,28.09303673,82.75053792,2.023,3.860085144
3,31,12.5,364.1549296,450,113,509.0993589,17.53625879,28.72504003,0,28.58629336,80.15209107,2.508,3.860085144
3,31,13,423.0985915,522.8,130,593.3331221,21.14666502,28.9229672,0,28.97888537,77.76351878,2.372,3.860085144
3,31,13.5,383.028169,467.2,117.6,533.9205932,19.08357575,29.01203443,0,29.20034752,74.48547815,2.244,3.860085144
3,31,14,549.8591549,659,163.2,747.8056973,26.56227435,29.13079073,0,30.02579739,71.85704923,2.483,3.838746003
3,31,14.5,592.9577465,693.6,173.6,791.1108295,28.62536362,29.13079073,0,30.51905402,67.51964181,3.486,3.838746003
3,31,15,483.028169,589.4,153.2,680.9996092,25.78861587,29.21985796,0,30.92171249,65.5808007,2.284,3.838746003
3,31,15.5,396.1971831,493.6,134.8,573.5289458,22.95186813,29.2594434,0,31.58609897,62.21281383,1.718,3.817081071
3,31,16,291.1267606,378.2,110,444.4057163,19.34146191,29.16047981,0.1,32.08942206,59.94416986,1.454,3.817081071
3,31,16.5,23.94366197,57.8,15,89.25082121,3.610406222,29.19016888,0,31.55589958,61.36332159,1.084,3.817081071
3,31,17,48.94366197,115.8,40,144.9665706,7.994470921,29.50685236,0,31.67669712,65.11108146,0.42,3.817081071
3,31,17.5,-2.253521127,46.6,16.4,60.46875165,3.352520064,29.23965068,0,31.8679599,63.17224036,0.199,3.817081071
3,31,18,-33.73239437,4,1,5.809225049,0,29.26933975,0,30.48885463,70.78768841,0.949,3.817081071
3,31,18.5,-35.28169014,0,0,0,0,29.51674872,0,29.10974937,78.69296323,1.468,3.817081071
3,31,19,-30.98591549,0,0,0,0,29.38809606,0,28.25410012,82.05095607,0.979,3.817081071
3,31,19.5,-36.83098592,0,0,0,0,29.12089437,0,27.34811856,83.84988081,1.959,3.817081071
3,31,20,-31.83098592,0,0,0,0,28.84379633,0,27.15685578,85.2490445,0.935,3.817081071
3,31,20.5,-32.53521127,0,0,0,0,28.64586916,0.1,26.97565947,86.14850686,1.633,3.817081071
3,31,21,-29.71830986,0,0,0,0,28.47763106,0,26.81459608,86.54826792,1.255,3.817081071
3,31,21.5,-27.81690141,0,0,0,0,28.38856383,0,26.37167176,87.64761081,0.424,3.817081071
3,31,22,-30.98591549,0,0,0,0,28.31928932,0,26.25087422,88.74695371,0.417,3.817081071
3,31,22.5,-28.94366197,0,0,0,0,28.22032573,0,25.85828221,89.64641608,0.01,3.817081071
3,31,23,-25.70422535,0,0,0,0,28.12136214,0,25.69721883,89.64641608,0.152,3.817081071
3,31,23.5,-23.02816901,0,0,0,0,28.02239856,0,25.51602251,90.34599792,0.743,3.817081071
4,1,0,-18.38028169,0,0,0,0,27.95312405,0,25.28449389,90.44593818,1.239,3.817081071
4,1,0.5,-23.66197183,0,0,0,0,27.88384953,0,25.48582313,90.54587844,1.052,3.817081071
4,1,1,-27.88732394,0,0,0,0,27.83436774,0,25.2039622,90.34599792,0.959,3.817081071
4,1,1.5,-32.32394366,0,0,0,0,27.78488595,0,25.08316466,91.44534081,0.295,3.817081071
4,1,2,-30.63380282,0,0,0,0,27.73540415,0,24.97243358,91.64522134,0.383,3.817081071
4,1,2.5,-24.29577465,0,0,0,0,27.66612964,0,24.74090496,92.44474344,0.99,3.817081071
4,1,3,-24.22535211,0,0,0,0,27.60675149,0,24.6503068,92.24486292,1.264,3.817081071
4,1,3.5,-20.98591549,0,0,0,0,27.54737334,0.1,24.8617025,92.34480318,0.632,3.817081071
4,1,4,-24.85915493,0,0,0,0,27.5077879,0,24.88183542,92.8445045,0.41,3.817081071
4,1,4.5,-16.4084507,0,0,0,0,27.47809883,0,24.74090496,92.74456423,1.184,3.817081071
4,1,5,-14.15492958,0,0,0,0,27.44840975,0,24.96236712,92.94444476,1.289,3.817081071
4,1,5.5,-13.8028169,0,0,0,0,27.42861703,0,25.16369635,92.94444476,0.312,3.795081971
4,1,6,-17.32394366,1.6,0.2,2.112445473,0,27.41872068,0,25.10329758,93.44414608,0.574,3.795081971
4,1,6.5,-3.309859155,19.8,5.4,23.50095588,1.031544635,27.42861703,0,25.03283235,93.74396687,1.022,3.795081971
4,1,7,5.845070423,38.4,9.6,49.37841292,1.805203111,27.42861703,0,25.27442743,93.54408634,0.761,3.795081971
4,1,7.5,54.29577465,102,25.6,122.7858931,4.899837016,27.41872068,0,25.60662067,93.54408634,0.953,3.795081971
4,1,8,112.8169014,204.4,52.2,240.0266168,9.799674032,27.47809883,0,26.0193456,93.04438502,1.539,3.795081971
4,1,8.5,317.6056338,295.8,104.2,407.4379205,17.27837264,27.56716606,0,26.46226992,92.34480318,2.206,3.795081971
4,1,9,429.2957746,477.8,131.6,582.506839,21.66243733,27.7255078,0,27.10652347,90.14611739,2.014,3.795081971
4,1,9.5,525.3521127,663.8,154.4,742.5245836,25.0149574,27.97291676,0,27.78097641,87.34779002,1.298,3.772740025
4,1,10,575.3521127,721.6,167.2,804.5776693,27.07804667,28.33908204,0,28.73729028,80.75173265,1.509,3.772740025
4,1,10.5,667.6056338,828.8,191.8,909.1437202,30.43056673,28.69535095,0,29.99559801,72.87643991,2.038,3.750046232
4,1,11,487.9577465,589.2,139.8,662.2516556,22.69398197,29.08130894,0.1,30.77071556,69.43849486,2.031,3.750046232
4,1,11.5,447.7464789,552.8,133,603.6312938,20.88877886,29.48705965,0,31.11297526,68.73891302,2.35,3.750046232
4,1,12,437.6760563,548.6,132.2,614.9856882,20.88877886,29.74436497,0,31.26397219,67.73951039,2.744,3.726991262
4,1,12.5,670.4225352,818.8,193.8,907.5593861,30.43056673,29.74436497,0.1,31.94849159,63.66194765,2.82,3.726991262
4,1,13,621.8309859,764.8,180.4,839.168964,28.62536362,29.84332856,0,32.35115006,62.02292733,2.621,3.703565429
4,1,13.5,434.8591549,543.6,132.2,627.9244167,22.17820965,30.05115209,0,32.20015313,61.77307667,3.229,3.703565429
4,1,14,685.2112676,844.6,205.6,941.3585137,33.52520064,30.14021932,0,32.43168176,62.32274812,3.208,3.679758684
4,1,14.5,126.056338,188.8,47.4,219.9583848,8.252357079,30.17980476,0,30.98211126,65.55081862,4.352,3.679758684
4,1,15,-20.56338028,54.8,12.2,69.71070059,2.06308927,30.77358628,0,26.43207054,82.05095607,6.1,3.962167436
4,1,15.5,-8.38028169,32.4,8,39.87240829,1.805203111,30.49648823,0,24.9925665,87.04796923,3.01,4.000982477
4,1,16,3.802816901,47.4,11,57.30008344,1.805203111,29.79384677,0,25.32475974,88.24725239,2.347,4.128694494
4,1,16.5,-13.38028169,22.8,5.6,27.98990251,1.031544635,29.23965068,0,25.7576176,89.24665502,2.289,4.212933033
4,1,17,-18.73239437,9.2,2.4,11.09033873,0,28.9229672,0,25.66701944,89.64641608,1.432,4.229145817
4,1,17.5,-19.01408451,5.2,1.2,5.809225049,0,28.76462546,0,25.6770859,91.24546029,2.173,4.229145817
4,1,18,-21.12676056,0.4,0,0.528111368,0,28.64586916,0,25.34489266,91.7451616,1.178,4.229145817
4,1,18.5,-19.50704225,0,0,0,0,28.54690557,0,25.36502559,92.54468371,1.431,4.229145817
4,1,19,-20.49295775,0,0,0,0,28.44794198,0,25.31469328,92.64462397,1.251,4.229145817
4,1,19.5,-23.30985915,0,0,0,0,28.35887475,0,25.30462682,92.44474344,0.491,4.212933033
4,1,20,-25.28169014,0,0,0,0,28.26980752,0,25.34489266,92.64462397,0.972,4.212933033
4,1,20.5,-23.73239437,0,0,0,0,28.19063665,0,25.22409512,92.8445045,0.564,4.212933033
4,1,21,-25.21126761,0,0,0,0,28.14115486,0,25.36502559,93.34420581,1.175,4.196514589
4,1,21.5,-23.66197183,0,0,0,0,28.09167307,0,25.28449389,93.54408634,0.294,4.196514589
4,1,22,-23.5915493,0,0,0,0,28.04219127,0,25.19389574,93.6440266,0.437,4.196514589
4,1,22.5,-24.29577465,0,0,0,0,27.99270948,0,25.24422805,94.34360844,0.542,4.196514589
4,1,23,-21.05633803,0,0,0,0,27.93333133,0,25.25429451,94.54348897,1.336,4.1798861
4,1,23.5,-28.02816901,0,0,0,0,27.89374589,0,25.16369635,94.54348897,1.735,4.1798861
4,2,0,-30.56338028,0,0,0,0,27.88384953,0,24.92210127,94.54348897,0.948,4.1798861
4,2,0.5,-31.1971831,0,0,0,0,27.83436774,0,24.74090496,94.44354871,0.485,4.1798861
4,2,1,-29.92957746,0,0,0,0,27.76509323,0,24.66037326,94.54348897,0.166,4.163043047
4,2,1.5,-28.38028169,0,0,0,0,27.68592236,0,24.57984157,94.64342923,0.589,4.163043047
4,2,2,-27.46478873,0,0,0,0,27.62654421,0,24.57984157,94.84330976,0.84,4.163043047
4,2,2.5,-26.90140845,0,0,0,0,27.57706241,0,24.45904403,94.94325002,0.353,4.163043047
4,2,3,-23.94366197,0,0,0,0,27.52758062,0,24.34831295,94.94325002,0.823,4.145980777
4,2,3.5,-21.4084507,0,0,0,0,27.48799519,0,24.45904403,95.14313055,0.501,4.145980777
4,2,4,-19.22535211,0,0,0,0,27.44840975,0.1,24.36844587,95.44295134,0.362,4.145980777
4,2,4.5,-28.30985915,0,0,0,0,27.42861703,0,24.27784771,95.74277213,0.999,4.145980777
4,2,5,-30.63380282,0,0,0,0,27.40882432,0,24.06645202,95.84271239,1.027,4.145980777
4,2,5.5,-28.66197183,0,0,0,0,27.34944616,0,24.04631909,95.94265266,0.878,4.128694494
4,2,6,-22.04225352,2.8,0.6,3.168668209,0,27.29996437,0,24.05638556,95.64283187,0.165,4.128694494
4,2,6.5,-5.211267606,31.2,7.6,38.02401851,1.547316952,27.24058622,0,24.08658494,95.64283187,0.438,4.128694494
4,2,7,35.42253521,62,15.2,76.57614838,3.352520064,27.24058622,0,24.24764833,96.04259292,1.244,4.128694494
4,2,7.5,75.98591549,95.8,23.8,114.8642226,4.641950857,27.26037894,0,24.53957572,96.04259292,1.171,4.128694494
4,2,8,160.2816901,164.2,41.2,187.7435914,7.478698603,27.29996437,0,24.75097142,96.04259292,0.943,4.111179251
4,2,8.5,215.8450704,228.8,64,283.8598604,11.08910483,27.37913524,0,25.21402866,95.94265266,1.545,4.111179251
4,2,9,356.3380282,392.2,109.6,479.7891779,18.05203111,27.47809883,0,26.2307413,95.04319029,1.045,4.111179251
4,2,9.5,532.7464789,673.6,158,744.9010847,25.53072971,27.64633693,0.1,26.98572593,93.24426555,1.106,4.111179251
4,2,10,621.8309859,772.2,177.2,857.9169175,28.62536362,27.89374589,0,27.37831794,90.14611739,1.754,4.093429949
4,2,10.5,648.5915493,799.2,182.2,889.3395439,29.3990221,28.37866747,0,28.14336904,87.9474316,1.907,4.075441329
4,2,11,635.915493,771.6,174.2,866.1026437,28.1095913,29.06151622,0.1,28.65675859,83.55006002,1.664,4.075441329
4,2,11.5,727.4647887,864,194,970.1405832,30.94633905,29.75426133,0.1,29.70367061,78.78290947,1.847,4.057207964
4,2,12,716.1971831,848.6,191.2,956.4096877,30.68845289,30.10063389,0,30.51905402,73.88583657,2.003,4.038724253
4,2,12.5,735.915493,851.2,193.8,956.145632,30.94633905,30.20949383,0.1,31.27403865,70.17805281,1.613,4.038724253
4,2,13,647.1830986,761.6,176.2,861.8777528,28.88324978,30.36783557,0,32.07935559,66.90001217,2.368,4.019984414
4,2,13.5,673.2394366,800.2,188.2,900.6939383,30.68845289,30.53607367,0.1,32.80414084,64.19163104,1.956,4.000982477
4,2,14,640.1408451,766.4,184.8,862.4058641,30.43056673,30.59545182,0,33.29739747,61.95296915,1.737,3.981712275
4,2,14.5,601.4084507,718.6,179.8,806.4260591,29.65690825,30.6251409,0.1,33.62959071,60.23399662,2.107,3.981712275
4,2,15,280.7746479,349.4,90.2,402.6849182,15.73105568,30.52617731,0.2,33.51885963,60.53381741,2.068,3.962167436
4,2,15.5,282.6760563,375.2,100.8,417.2079808,16.76260032,30.6251409,0.1,33.22693224,63.1122762,2.107,3.962167436
4,2,16,35.07042254,81.2,22.8,88.72270985,3.610406222,30.50638459,0,32.42161529,64.19163104,3.522,3.942341374
4,2,16.5,-39.15492958,20.6,5.6,22.70878883,1.031544635,30.80327536,0.1,27.44878318,80.15209107,3.047,4.260971312
4,2,17,-14.92957746,31.8,8.4,36.17562872,1.805203111,30.38762829,0.1,27.05619117,84.44952239,3.367,4.49013163
4,2,17.5,-20.21126761,20.2,5.2,22.97284451,1.031544635,29.69488318,0,26.90519424,86.74814844,2.365,4.476995899
4,2,18,-33.8028169,2.2,0.4,2.640556841,0,29.26933975,0,26.72399793,87.54767055,1.948,4.450287922
4,2,18.5,-30.28169014,0,0,0,0,29.07141258,0,26.56293454,88.94683423,2.02,4.436710259
4,2,19,-30.49295775,0,0,0,0,28.94275992,0,26.21060838,89.8462966,2.414,4.422979751
4,2,19.5,-20.14084507,0,0,0,0,28.84379633,0,26.20054191,90.54587844,0.464,4.409093509
4,2,20,-24.01408451,0,0,0,0,28.74483274,0,26.2307413,91.44534081,0.899,4.395048566
4,2,20.5,-20.56338028,0,0,0,0,28.67555823,0,26.08981083,91.7451616,1.455,4.380841875
4,2,21,-19.57746479,0,0,0,0,28.61618008,0,26.03947853,91.94504213,1.178,4.36647031
4,2,21.5,-20.84507042,0,0,0,0,28.53700921,0,26.0193456,92.54468371,2.079,4.36647031
4,2,22,-18.02816901,0,0,0,0,28.4677347,0,26.02941206,92.74456423,1.747,4.351930654
4,2,22.5,-19.78873239,0,0,0,0,28.41825291,0,26.22067484,92.74456423,1.564,4.337219607
4,2,23,-18.5915493,0,0,0,0,28.38856383,0,25.91868098,92.74456423,1.543,4.322333774
4,2,23.5,-17.11267606,0,0,0,0,28.34897839,0,25.58648775,92.8445045,1.806,4.322333774
4,3,0,-16.76056338,0,0,0,0,28.2994966,0.1,25.51602251,92.8445045,1.317,4.307269667
4,3,0.5,-16.76056338,0,0,0,0,28.21042937,0,25.57642128,92.94444476,1.812,4.307269667
4,3,1,-13.73239437,0,0,0,0,28.16094758,0,25.61668713,93.54408634,1.212,4.292023697
4,3,1.5,-12.04225352,0,0,0,0,28.12136214,0,25.6770859,93.74396687,1.651,4.292023697
4,3,2,-15.49295775,0,0,0,0,28.08177671,0,25.53615544,93.74396687,1.687,4.292023697
4,3,2.5,-16.26760563,0,0,0,0,28.07188035,0,25.48582313,94.04378766,1.61,4.276592177
4,3,3,-19.22535211,0,0,0,0,28.04219127,0,25.60662067,94.24366818,1.172,4.276592177
4,3,3.5,-18.87323944,0,0,0,0,27.98281312,0,25.55628836,94.14372792,1.99,4.276592177
4,3,4,-19.08450704,0,0,0,0,27.94322769,0,25.45562374,94.24366818,2.01,4.260971312
4,3,4.5,-20.70422535,0,0,0,0,27.93333133,0,25.36502559,94.54348897,1.75,4.260971312
4,3,5,-18.66197183,0,0,0,0,27.91353861,0,25.34489266,95.04319029,1.914,4.245157198
4,3,5.5,-16.54929577,0,0,0,0,27.86405682,0,25.14356343,94.84330976,2.47,4.245157198
4,3,6,-9.929577465,8.6,2.8,4.753002313,0,27.83436774,0,25.34489266,95.04319029,1.991,4.245157198
4,3,6.5,2.535211268,40,10.8,36.96779577,1.289430794,27.81457502,0,25.57642128,95.04319029,1.714,4.245157198
4,3,7,56.97183099,130,34.8,127.2748397,4.899837016,27.76509323,0,25.87841514,94.84330976,2.231,4.229145817
4,3,7.5,95.98591549,152.4,39.2,170.0518605,6.447153968,27.78488595,0,25.78781698,94.04378766,1.57,4.229145817
4,3,8,237.3239437,339.2,86,370.9982361,13.41008025,27.88384953,0,26.14014314,93.44414608,1.277,4.229145817
4,3,8.5,336.5492958,344,110.2,385.257243,18.05203111,28.00260584,0,26.82466254,92.24486292,2.002,4.212933033
4,3,9,437.6760563,451.8,132,586.2036186,21.14666502,28.10156943,0,26.90519424,90.04617713,2.534,4.196514589
4,3,9.5,518.8028169,636,148.4,720.8720175,23.7255266,28.34897839,0,27.77090995,87.24784976,2.115,4.196514589
4,3,10,573.2394366,687.2,158.2,778.4361566,25.0149574,28.67555823,0,28.41516351,82.95041844,2.657,4.1798861
4,3,10.5,659.8591549,772.6,175,873.7602586,27.33593283,29.08130894,0.1,29.0493506,77.97339334,2.684,4.163043047
4,3,11,711.2676056,825.8,186.2,930.0041193,28.62536362,29.62560867,0,29.89493339,73.23622486,2.226,4.145980777
4,3,11.5,670.4225352,779.6,178.2,873.2321472,26.56227435,30.17980476,0,30.72038325,69.36853668,1.483,4.145980777
4,3,12,731.6901408,860.6,196.8,963.2751355,29.91479441,30.38762829,0,31.68676358,66.7201197,1.872,4.128694494
4,3,12.5,708.4507042,826.6,190.2,930.0041193,29.14113594,30.35793921,0,31.94849159,64.90120691,1.504,4.111179251
4,3,13,737.3239437,847.6,198.6,958.2580775,30.43056673,30.50638459,0.1,32.39141591,62.63256294,1.981,4.093429949
4,3,13.5,674.6478873,804.8,190,909.6718316,29.3990221,30.75379356,0,32.66321038,60.8736143,1.5,4.075441329
4,3,14,626.7605634,727.6,176.6,825.9661797,27.85170514,30.82306807,0.1,33.59939132,57.7954542,1.399,4.057207964
4,3,14.5,544.2957746,636.8,159.8,729.5858551,25.78861587,30.76368992,0,33.81078702,55.26696554,1.466,4.038724253
4,3,15,491.4084507,592,154.4,676.7747183,25.27284356,30.67462269,0.1,33.93158456,56.6961113,2.334,4.038724253
4,3,15.5,407.8873239,505.6,136.2,575.1132799,22.43609581,30.5756591,0.1,34.17317964,57.29575288,1.953,4.019984414
4,3,16,305.0704225,393.4,108.4,444.669772,17.79414495,30.47669552,0,33.70005594,59.1646358,2.889,4.000982477
4,3,16.5,63.30985915,93,25.2,107.2066077,4.384064698,30.67462269,0.1,32.78400792,63.56200738,2.493,4.000982477
4,3,17,-23.66197183,15,4.2,16.6355081,0.515772317,30.97151345,0.1,29.70367061,70.97757491,6.019,4.000982477
4,3,17.5,-19.57746479,2,0,2.904612525,0,31.0803734,0.1,24.57984157,85.14910423,9.71,4.422979751
4,3,18,-16.90140845,0.2,0,0.264055684,0,29.7146759,0,23.91545509,88.54707318,4.212,4.91206106
4,3,18.5,-11.90140845,0,0,0,0,28.74483274,0,24.58990803,90.24605765,1.763,4.875464264
4,3,19,-9.154929577,0,0,0,0,28.32918568,0,24.79123727,91.7451616,2.246,4.80826509
4,3,19.5,-8.802816901,0,0,0,0,28.20053301,0,25.02276589,92.64462397,1.606,4.757605516
4,3,20,-17.11267606,0,0,0,0,28.15105122,0,25.23416158,93.14432529,2.455,4.736675705
4,3,20.5,-19.01408451,0,0,0,0,28.14115486,0,25.2039622,93.34420581,1.271,4.715347224
4,3,21,-18.23943662,0,0,0,0,28.14115486,0.1,25.23416158,93.54408634,2.443,4.715347224
4,3,21.5,-18.5915493,0,0,0,0,28.12136214,0,24.97243358,93.84390713,2.536,4.704529498
4,3,22,-26.61971831,0,0,0,0,28.10156943,0,24.62010741,94.04378766,2.455,4.704529498
4,3,22.5,-28.38028169,0,0,0,0,28.09167307,0,24.37851233,94.24366818,2.043,4.693607254
4,3,23,-28.30985915,0,0,0,0,28.05208763,0,24.24764833,94.34360844,1.495,4.693607254
4,3,23.5,-30.63380282,0,0,0,0,28.0125022,0,24.20738248,94.54348897,1.743,4.693607254
4,4,0,-28.66197183,0,0,0,0,27.93333133,0,24.11678433,94.64342923,2.092,4.682578795
4,4,0.5,-28.38028169,0,0,0,0,27.8442641,0,24.01611971,94.54348897,1.817,4.682578795
4,4,1,-29.29577465,0,0,0,0,27.80467867,0,24.05638556,94.7433695,1.148,4.682578795
4,4,1.5,-30.07042254,0,0,0,0,27.75519687,0,24.01611971,94.64342923,0.646,4.671442391
4,4,2,-30.70422535,0,0,0,0,27.71561144,0,23.97585386,94.7433695,1.122,4.671442391
4,4,2.5,-30.21126761,0,0,0,0,27.65623328,0,24.02618617,94.7433695,1.277,4.660196267
4,4,3,-30.42253521,0,0,0,0,27.60675149,0,24.06645202,94.94325002,0.712,4.660196267
4,4,3.5,-28.38028169,0,0,0,0,27.57706241,0,23.99598678,95.04319029,1.135,4.648838611
4,4,4,-28.73239437,0,0,0,0,27.5077879,0,24.18724956,95.04319029,3.004,4.648838611
4,4,4.5,-32.81690141,0,0,0,0,27.45830611,0,23.8349234,94.64342923,2.4,4.637367568
4,4,5,-33.66197183,0,0,0,0,27.45830611,0,23.53292954,94.7433695,1.744,4.625781237
4,4,5.5,-32.81690141,0,0,0,0,27.43851339,0,23.4926637,94.7433695,1.981,4.625781237
4,4,6,-31.12676056,3.4,0.8,3.432723893,0,27.3890316,0.1,23.50273016,94.94325002,2.33,4.614077674
4,4,6.5,-10,37.2,8,41.72079808,2.06308927,27.32965345,0,23.61346124,95.04319029,2.494,4.602254889
4,4,7,44.01408451,113.8,27.4,127.2748397,5.673495492,27.26037894,0,24.08658494,94.84330976,2.975,4.602254889
4,4,7.5,178.8028169,228.4,56.8,255.0777908,9.026015556,27.21089714,0,24.58990803,94.34360844,2.555,4.590310845
4,4,8,256.056338,326.6,81.8,360.7000644,11.8627633,27.20100078,0,25.25429451,92.8445045,2.619,4.590310845
4,4,8.5,212.4647887,255.2,73.4,268.0165193,11.60487714,27.29996437,0,25.60662067,90.84569923,2.253,4.578243453
4,4,9,385.2816901,447,120,554.5169365,19.08357575,27.47809883,0,26.28107361,88.44713292,1.98,4.566050577
4,4,9.5,492.5352113,619.8,144.8,692.3540036,21.14666502,27.7255078,0,27.03605824,83.65000028,2.348,4.553730025
4,4,10,570.4225352,693,159.4,774.739377,23.98341276,28.11146579,0,27.9420398,78.48308868,3.127,4.541279556
4,4,10.5,526.1267606,634.8,145.4,716.6471265,22.43609581,28.41825291,0,28.90842013,72.36674457,3.49,4.528696868
4,4,11,470.915493,564.4,130.2,645.3520918,20.11512038,28.68545459,0,29.603006,68.69893691,3.543,4.515979605
4,4,11.5,690.8450704,809.2,183.2,910.199943,28.36747746,29.05161986,0.1,30.4183894,65.61078278,3.648,4.503125352
4,4,12,723.943662,835.4,189.4,942.9428478,29.3990221,29.30892519,0,31.16330757,61.26338133,4.163,4.476995899
4,4,12.5,738.028169,849.6,193.4,955.3534649,30.17268057,29.32871791,0,31.77736174,58.13525109,3.962,4.463715554
4,4,13,707.0422535,805.6,188,921.5543374,29.65690825,29.496956,0,32.41154883,56.17642194,3.666,4.450287922
4,4,13.5,680.2816901,789.4,185.8,897.7893258,29.65690825,29.73446861,0.1,32.75380853,54.9471567,3.314,4.436710259
4,4,14,637.3239437,737,178.6,840.4892424,28.36747746,29.93239579,0,33.07593531,54.5673837,3.579,4.409093509
4,4,14.5,506.2676056,595,149.2,677.830941,22.43609581,30.02146302,0,33.19673285,52.90837533,2.941,4.395048566
4,4,15,506.971831,595.2,155,682.5839433,23.7255266,30.03135938,0.1,33.30746393,52.65852467,3.105,4.380841875
4,4,15.5,377.4647887,462.8,127.8,538.6735955,21.66243733,29.97198122,0,33.60945778,50.60974928,2.349,4.36647031
4,4,16,280.1408451,362,107,423.8093729,18.30991727,29.86312128,0,33.87118579,50.55977914,1.96,4.36647031
4,4,16.5,163.5915493,237.8,74.8,281.7474149,12.89430794,29.76415769,0.1,34.16311318,50.60974928,1.61,4.351930654
4,4,17,95.21126761,162.6,57,192.232538,10.31544635,29.68498682,0,33.50879317,54.13764057,2.067,4.337219607
4,4,17.5,16.26760563,57.4,19.2,71.55909038,3.868292381,29.74436497,0,33.25713162,56.34632038,1.546,4.337219607
4,4,18,-31.61971831,4.2,1,6.337336418,0.257886159,29.80374313,0,31.97869098,66.17044825,0.76,4.337219607
4,4,18.5,-35.63380282,0,0,0,0,30.11053025,0.1,30.42845586,75.38494052,1.293,4.322333774
4,4,19,-33.5915493,0,0,0,0,30.06104845,0,29.71373708,80.05215081,0.895,4.322333774
4,4,19.5,-34.36619718,0,0,0,0,29.80374313,0,28.92855306,83.55006002,1.298,4.322333774
4,4,20,-34.29577465,0,0,0,0,29.53654144,0,28.43529643,85.34898476,1.001,4.322333774
4,4,20.5,-34.08450704,0,0,0,0,29.31882155,0,27.97223919,87.34779002,0.487,4.322333774
4,4,21,-32.11267606,0,0,0,0,29.12089437,0.1,27.64004595,88.14731213,0.878,4.307269667
4,4,21.5,-26.69014085,0,0,0,0,28.98234535,0,27.18705517,88.14731213,2.653,4.307269667
4,4,22,-39.78873239,0,0,0,0,28.83389997,0,27.03605824,88.04737186,2.314,4.307269667
4,4,22.5,-46.61971831,0,0,0,0,28.74483274,0,26.442137,88.34719265,1.895,4.307269667
4,4,23,-31.47887324,0,0,0,0,28.68545459,0,26.54280161,89.34659529,0.92,4.307269667
4,4,23.5,-32.3943662,0,0,0,0,28.61618008,0,26.442137,89.94623686,0.937,4.292023697
4,5,0,-31.97183099,0,0,0,0,28.52711285,0.1,26.25087422,90.74575897,1.069,4.292023697
4,5,0.5,-31.47887324,0,0,0,0,28.41825291,0,26.29114007,91.04557976,0.506,4.292023697
4,5,1,-30.91549296,0,0,0,0,28.32918568,0,26.10994376,91.44534081,0.199,4.292023697
4,5,1.5,-27.95774648,0,0,0,0,28.25001481,0,25.90861452,92.14492265,1.044,4.292023697
4,5,2,-28.30985915,0,0,0,0,28.20053301,0,25.82808283,92.04498239,1.252,4.292023697
4,5,2.5,-29.78873239,0,0,0,0,28.14115486,0,25.91868098,93.04438502,2.061,4.276592177
4,5,3,-30.35211268,0,0,0,0,28.09167307,0,25.8884816,92.54468371,0.795,4.276592177
4,5,3.5,-31.90140845,0,0,0,0,28.05208763,0,25.74755113,92.8445045,0.572,4.276592177
4,5,4,-31.26760563,0,0,0,0,28.02239856,0.1,25.59655421,93.14432529,1.122,4.276592177
4,5,4.5,-27.04225352,0,0,0,0,27.98281312,0,25.52608898,93.54408634,0.984,4.276592177
4,5,5,-21.47887324,0,0,0,0,27.94322769,0,25.53615544,93.34420581,1.025,4.276592177
4,5,5.5,-17.53521127,0,0,0,0,27.90364225,0,25.6770859,93.74396687,1.159,4.260971312
4,5,6,-11.1971831,2.6,0.8,2.376501157,0,27.86405682,0,25.6770859,93.6440266,1.507,4.260971312
4,5,6.5,-2.042253521,24.8,6.6,30.10234798,1.289430794,27.8442641,0.1,25.74755113,93.6440266,1.124,4.260971312
4,5,7,9.366197183,48.2,11.4,65.74986533,2.578861587,27.8442641,0,25.97907976,93.74396687,1.04,4.260971312
4,5,7.5,38.87323944,84.6,21,108.7909418,4.384064698,27.8442641,0,26.2307413,93.6440266,1.33,4.260971312
4,5,8,135.915493,266.2,66.8,295.4783105,11.08910483,27.86405682,0,26.79446316,93.54408634,1.474,4.260971312
4,5,8.5,303.5211268,344,101.8,298.9110344,16.50471416,27.89374589,0.1,27.47898256,91.84510187,2.326,4.245157198
4,5,9,410.0704225,434.8,126,583.8271175,20.11512038,28.0125022,0,28.20376781,89.0467745,2.467,4.245157198
4,5,9.5,536.4788732,659.6,153.4,733.2826346,24.24129892,28.26980752,0.1,28.94868598,83.94982107,2.778,4.229145817
4,5,10,572.5352113,689.8,160.4,764.9693167,25.27284356,28.71514367,0,30.11639555,76.79409823,2.9,4.229145817
4,5,10.5,594.3661972,708.4,165.4,785.5656601,25.78861587,28.98234535,0,31.00224418,69.73831565,2.92,4.212933033
4,5,11,630.2816901,750.4,170.8,850.5233584,23.98341276,29.24954704,0.1,31.77736174,65.75069915,2.283,4.196514589
4,5,11.5,702.1126761,826.2,186.4,921.026226,28.1095913,29.80374313,0,32.50214699,61.13345899,2.324,4.196514589
4,5,12,474.4366197,559.8,130.4,640.5990895,20.6308927,30.02146302,0.1,32.8142073,60.0740922,2.112,4.1798861
4,5,12.5,766.9014085,899.4,206,989.9447596,31.97788368,29.96208486,0,33.48866024,58.05529888,1.967,4.163043047
4,5,13,711.2676056,827.8,195,921.5543374,30.68845289,29.98187758,0.1,33.95171748,57.21580067,2.227,4.163043047
4,5,13.5,503.5211268,606.6,145.6,683.1120547,23.20975429,30.10063389,0,33.83091994,57.24578275,1.933,4.145980777
4,5,14,205.2816901,259.4,65.6,302.0797026,11.08910483,30.27876834,0,33.77052117,57.49563341,1.459,4.128694494
4,5,14.5,159.0140845,211.4,54,242.1390623,9.026015556,30.44700644,0.1,33.04573592,62.36272423,2.56,4.128694494
4,5,15,75.91549296,111.4,30,125.6905056,5.157723175,30.70431177,0,30.53918694,70.04813046,2.745,4.128694494
4,5,15.5,67.11267606,102,26.4,118.8250578,4.641950857,30.66472633,0,29.85466754,74.00576489,2.396,4.128694494
4,5,16,73.73239437,114.8,29.2,135.9886773,5.157723175,30.3381465,0.1,29.54260723,75.05513765,4.161,4.111179251
4,5,16.5,58.23943662,103.8,26.8,125.6905056,4.899837016,30.08084117,0,29.22048045,76.41432523,2.593,4.111179251
4,5,17,25.21126761,64.8,16.6,80.00887227,3.352520064,29.87301764,0,29.44194261,76.62419978,1.128,4.111179251
4,5,17.5,-2.676056338,32.4,8.8,37.75996282,1.289430794,29.73446861,0.1,29.47214199,78.75292739,0.803,4.111179251
4,5,18,-22.53521127,3,0.8,3.168668209,0,29.69488318,0,28.51582812,81.65119502,2.739,4.111179251
4,5,18.5,-28.23943662,0,0,0,0,29.62560867,0,27.58971364,82.85047818,2.397,4.111179251
4,5,19,-31.12676056,0,0,0,0,29.46726693,0,27.44878318,83.35017949,1.281,4.111179251
4,5,19.5,-31.33802817,0,0,0,0,29.28913247,0,27.20718809,84.74934318,1.431,4.111179251
4,5,20,-31.05633803,0,0,0,0,29.13079073,0.1,27.07632409,87.1479095,1.951,4.111179251
4,5,20.5,-28.30985915,0,0,0,0,28.99224171,0,26.76426377,87.9474316,1.892,4.093429949
4,5,21,-30.14084507,0,0,0,0,28.87348541,0,26.82466254,88.24725239,1.363,4.093429949
4,5,21.5,-33.52112676,0,0,0,0,28.79431454,0,26.58306746,89.24665502,1.337,4.093429949
4,5,22,-33.02816901,0,0,0,0,28.72504003,0,26.442137,89.64641608,0.825,4.093429949
4,5,22.5,-35.07042254,0,0,0,0,28.6359728,0.1,26.20054191,90.54587844,2.032,4.093429949
4,5,23,-31.97183099,0,0,0,0,28.54690557,0,26.02941206,90.9456395,1.107,4.093429949
4,5,23.5,-18.8028169,0,0,0,0,28.45783834,0,26.19047545,91.54528108,0.194,4.093429949
4,6,0,-16.83098592,0,0,0,0,28.39846019,0,26.30120653,91.84510187,0.942,4.093429949
4,6,0.5,-14.71830986,0,0,0,0,28.37866747,0,26.41193761,92.04498239,1.704,4.093429949
4,6,1,-19.50704225,0,0,0,0,28.32918568,0.1,26.59313392,92.04498239,1.547,4.093429949
4,6,1.5,-24.36619718,0,0,0,0,28.31928932,0,26.38173823,92.24486292,1.748,4.093429949
4,6,2,-19.01408451,0,0,0,0,28.30939296,0,26.29114007,92.54468371,2.36,4.093429949
4,6,2.5,-19.64788732,0,0,0,0,28.26980752,0,26.20054191,92.44474344,2.267,4.075441329
4,6,3,-35.98591549,0,0,0,0,28.25991117,0,26.08981083,92.44474344,2.3,4.075441329
4,6,3.5,-18.45070423,0,0,0,0,28.25991117,0.1,26.00927914,92.44474344,2.358,4.075441329
4,6,4,-14.36619718,0,0,0,0,28.21042937,0,25.95894683,92.34480318,2.803,4.075441329
4,6,4.5,-15.56338028,0,0,0,0,28.19063665,0,25.86834868,92.44474344,2.631,4.075441329
4,6,5,-20.35211268,0,0,0,0,28.19063665,0,25.8079499,92.54468371,1.763,4.075441329
4,6,5.5,-30,0,0,0,0,28.1807403,0,25.65695298,92.64462397,1.598,4.075441329
4,6,6,-15.63380282,3.2,1,3.432723893,0,28.14115486,0.1,25.43549082,92.94444476,1.649,4.075441329
4,6,6.5,25.49295775,74.2,17.6,68.39042217,2.578861587,28.09167307,0,25.82808283,93.24426555,1.373,4.075441329
4,6,7,76.47887324,164.6,44.6,171.1080833,7.220812445,27.99270948,0,26.43207054,92.24486292,1.498,4.075441329
4,6,7.5,150.2816901,257.8,68.4,281.7474149,11.34699098,27.91353861,0,26.76426377,91.04557976,1.563,4.075441329
4,6,8,200.2816901,306.4,78,343.0083336,13.1521941,27.93333133,0,27.24745394,88.94683423,2.048,4.075441329
4,6,8.5,273.6619718,305,94.2,278.5787467,15.73105568,28.0125022,0.1,27.75077703,86.54826792,2.073,4.057207964
4,6,9,318.0985915,379.8,99.2,466.0582824,16.50471416,28.17084394,0,28.17356842,83.55006002,2.328,4.057207964
4,6,9.5,543.943662,684.8,158.8,757.3117019,25.0149574,28.39846019,0,28.90842013,80.05215081,2.103,4.038724253
4,6,10,590.1408451,727.2,164,808.0103932,26.04650203,28.82400361,0.1,29.71373708,75.51486286,1.847,4.038724253
4,6,10.5,645.7746479,774.4,172.4,862.4058641,27.07804667,29.21985796,0,30.59958571,71.44729415,2.009,4.019984414
4,6,11,686.6197183,817.4,180.8,911.2561657,28.36747746,29.59591959,0.1,31.30423804,67.37972544,2.109,4.019984414
4,6,11.5,721.1267606,837.2,185.6,936.8695671,29.14113594,30.04125573,0,31.91829221,65.64076486,2.121,4.000982477
4,6,12,736.6197183,845.4,189.2,949.2801842,29.91479441,30.21939019,0.1,32.6833433,65.09109341,2.389,4.000982477
4,6,12.5,716.1971831,839.6,190,938.1898455,29.91479441,30.04125573,0.1,33.025603,63.34213881,2.639,3.981712275
4,6,13,681.6901408,797.2,185.8,905.975052,29.3990221,30.07094481,0,33.47859378,59.6943192,2.411,3.962167436
4,6,13.5,652.1126761,780.6,183.2,880.889762,29.3990221,30.1204266,0.1,33.9215181,56.71609936,2.532,3.962167436
4,6,14,636.6197183,738.8,178.2,835.7362401,28.88324978,30.25897563,0,34.46510704,54.36750317,2.195,3.942341374
4,6,14.5,611.971831,727.2,182.2,813.2915069,29.65690825,30.32825014,0.1,34.85769904,53.39808262,2.224,3.922227279
4,6,15,333.8028169,406.2,105,465.0020596,17.79414495,30.38762829,0.1,34.49530642,54.38749122,1.973,3.922227279
4,6,15.5,250.7746479,318.8,84,357.2673405,13.66796641,30.47669552,0,34.4751735,53.28814833,1.943,3.922227279
4,6,16,84.29577465,131.4,36.4,143.9103478,5.931381651,30.56576275,0.1,34.11278087,57.05589625,1.368,3.922227279
4,6,16.5,50.98591549,94.6,25.4,105.0941623,4.384064698,30.67462269,0,33.43832793,63.48205517,1.923,3.922227279
4,6,17,38.87323944,83,22.8,94.53193489,3.868292381,30.793379,0,30.73044972,72.88643394,4.154,3.922227279
4,6,17.5,5.704225352,47.4,16.2,52.81113681,2.836747746,30.70431177,0,29.70367061,76.82408031,3.359,3.901818108
4,6,18,-30.42253521,3.4,1,3.960835261,0,30.44700644,0.1,29.19028106,79.66238378,2.04,3.922227279
4,6,18.5,-33.87323944,0,0,0,0,30.25897563,0,28.78762259,82.95041844,2.111,3.901818108
4,6,19,-32.88732394,0,0,0,0,30.01156666,0,28.4956952,84.94922371,1.838,3.922227279
4,6,19.5,-31.4084507,0,0,0,0,29.78395041,0,28.2842995,85.64880555,1.625,3.922227279
4,6,20,-32.25352113,0,0,0,0,29.60581595,0.1,28.14336904,86.54826792,0.613,3.922227279
4,6,20.5,-31.69014085,0,0,0,0,29.46726693,0,28.00243857,87.9474316,0.449,3.922227279
4,6,21,-31.4084507,0,0,0,0,29.32871791,0,27.88164103,89.24665502,0.986,3.922227279
4,6,21.5,-31.4084507,0,0,0,0,29.2099616,0,27.40851733,89.64641608,1.283,3.922227279
4,6,22,-31.76056338,0,0,0,0,29.11099802,0,27.21725455,90.14611739,1.628,3.901818108
4,6,22.5,-31.54929577,0,0,0,0,29.02193079,0.1,26.92532716,90.64581871,0.669,3.922227279
4,6,23,-30.91549296,0,0,0,0,28.96255263,0,26.703865,91.04557976,0.429,3.922227279
4,6,23.5,-30.63380282,0,0,0,0,28.88338176,0,26.59313392,92.24486292,1.449,3.901818108
4,7,0,-33.16901408,0,0,0,0,28.8042109,0,26.442137,92.14492265,0.693,3.922227279
4,7,0.5,-32.95774648,0,0,0,0,28.72504003,0,26.45220346,92.44474344,0.445,3.901818108
4,7,1,-32.81690141,0,0,0,0,28.64586916,0,26.29114007,92.74456423,0.624,3.901818108
4,7,1.5,-32.6056338,0,0,0,0,28.57659464,0.1,26.16027607,93.14432529,1.287,3.901818108
4,7,2,-31.97183099,0,0,0,0,28.51721649,0,26.0998773,92.94444476,1.383,3.901818108
4,7,2.5,-30.63380282,0,0,0,0,28.41825291,0,26.25087422,93.14432529,2.329,3.901818108
4,7,3,-30.21126761,0,0,0,0,28.36877111,0,26.04954499,93.14432529,0.769,3.901818108
4,7,3.5,-32.04225352,0,0,0,0,28.35887475,0,25.98914622,93.44414608,0.871,3.901818108
4,7,4,-32.04225352,0,0,0,0,28.31928932,0,25.6770859,93.54408634,0.178,3.901818108
4,7,4.5,-31.54929577,0,0,0,0,28.26980752,0.1,25.63682005,93.6440266,1.578,3.901818108
4,7,5,-32.6056338,0,0,0,0,28.1807403,0,25.63682005,93.54408634,1.631,3.901818108
4,7,5.5,-32.95774648,0,0,0,0,28.11146579,0,25.65695298,93.6440266,1.802,3.901818108
4,7,6,-29.92957746,4.6,1.2,4.488946629,0,28.07188035,0,25.74755113,93.74396687,1.877,3.901818108
4,7,6.5,2.112676056,56.8,12.4,57.03602776,2.320975429,28.04219127,0,25.73748467,93.74396687,2.341,3.901818108
4,7,7,45.77464789,154.2,40.4,164.5066912,7.220812445,28.00260584,0.1,26.14014314,93.14432529,2.919,3.901818108
4,7,7.5,94.01408451,248.2,65,278.8428024,11.60487714,27.95312405,0,26.55286808,92.44474344,3.139,3.901818108
4,7,8,235.915493,346.4,87.6,382.0885748,14.69951105,27.97291676,0,27.09645701,90.04617713,3.85,3.901818108
4,7,8.5,333.6619718,335,109.2,327.1649926,18.56780343,28.04219127,0,27.62997949,85.84868607,4.557,3.901818108
4,7,9,417.8873239,456,126.4,602.3110153,21.14666502,28.19063665,0,28.7070909,81.55125476,3.918,3.881106577
4,7,9.5,493.1690141,612.8,142,691.8258922,23.7255266,28.45783834,0,29.43187615,77.3537637,4.482,3.881106577
4,7,10,580.9859155,705.2,159.8,793.4873306,26.30438819,28.83389997,0.1,30.17679432,74.34556178,4.136,3.860085144
4,7,10.5,648.5915493,768.8,172.2,865.046421,28.1095913,29.15058345,0,30.69018387,71.81707312,4.122,3.860085144
4,7,11,662.6760563,783,174.2,884.8505973,28.62536362,29.47716329,0.1,31.24383927,68.2392117,4.505,3.838746003
4,7,11.5,725.3521127,836,187.2,943.4709592,30.68845289,29.88291399,0,31.9988239,65.80066928,4.241,3.838746003
4,7,12,766.1971831,880.8,199.4,993.3774834,32.493656,30.0016703,0,32.2102196,64.27158325,4.576,3.817081071
4,7,12.5,747.1830986,866.6,199.8,969.3484162,32.493656,29.81363948,0,32.65314392,62.80246138,4.257,3.795081971
4,7,13,383.4507042,458.6,111.6,527.8473124,18.05203111,29.88291399,0.1,32.77394146,63.1122762,3.399,3.795081971
4,7,13.5,690.1408451,809.8,191.6,918.3856692,31.71999752,30.1204266,0.1,33.17659993,62.62256891,3.555,3.772740025
4,7,14,626.7605634,713.2,172.6,820.1569547,29.14113594,30.1699084,0,33.24706516,61.33333952,3.453,3.772740025
4,7,14.5,561.8309859,651,163.6,748.86192,28.1095913,30.24907927,0,33.73025533,61.14345302,2.927,3.750046232
4,7,15,252.4647887,318.6,84.4,375.7512384,14.95739721,30.3381465,0,33.38799562,61.46326186,2.068,3.750046232
4,7,15.5,360.4225352,446.8,124.2,518.8694192,21.92032349,30.40742101,0.1,34.10271441,58.32513759,1.891,3.750046232
4,7,16,270.7746479,351,104,412.4549785,18.56780343,30.17980476,0,34.15304672,58.75488073,2.206,3.726991262
4,7,16.5,166.6197183,244.2,79.8,290.1971968,14.44162489,30.1699084,0,33.46852732,61.79306473,2.124,3.726991262
4,7,17,78.45070423,143.8,52,170.8440276,10.05756019,30.11053025,0,33.4483944,61.50323796,1.64,3.726991262
4,7,17.5,14.50704225,54,17.8,65.74986533,3.352520064,30.13032296,0.1,32.76387499,65.45087836,2.019,3.726991262
4,7,18,-27.67605634,4.6,1.4,5.281113681,0.257886159,30.37773193,0,31.71696297,70.75770633,2.282,3.726991262
4,7,18.5,-26.76056338,0,0,0,0,30.56576275,0,30.57945279,76.38434315,3.088,3.726991262
4,7,19,-26.33802817,0,0,0,0,30.41731737,0,30.11639555,78.40313647,3.115,3.726991262
4,7,19.5,-23.16901408,0,0,0,0,30.14021932,0.1,29.603006,80.3519716,3.032,3.726991262
4,7,20,-21.47887324,0,0,0,0,29.93239579,0,29.27081276,81.05155344,2.364,3.726991262
4,7,20.5,-26.1971831,0,0,0,0,29.78395041,0,29.03928414,81.95101581,2.212,3.726991262
4,7,21,-32.11267606,0,0,0,0,29.61571231,0,28.86815429,82.35077686,2.462,3.726991262
4,7,21.5,-26.33802817,0,0,0,0,29.496956,0,28.74735674,82.75053792,1.407,3.726991262
4,7,22,-27.74647887,0,0,0,0,29.42768149,0,28.45542935,83.74994055,2.3,3.726991262
4,7,22.5,-31.26760563,0,0,0,0,29.33861427,0,28.14336904,83.05035871,2.836,3.726991262
4,7,23,-29.36619718,0,0,0,0,29.22975432,0.1,27.96217273,83.35017949,1.89,3.726991262
4,7,23.5,-29.29577465,0,0,0,0,29.19016888,0,27.65011241,84.1497016,2.525,3.750046232
4,8,0,-30.14084507,0,0,0,0,29.13079073,0,27.3380521,84.34958213,1.811,3.750046232
4,8,0.5,-30.63380282,0,0,0,0,29.02193079,0,27.10652347,84.44952239,1.622,3.750046232
4,8,1,-31.26760563,0,0,0,0,28.94275992,0,26.90519424,85.2490445,1.581,3.750046232
4,8,1.5,-30.49295775,0,0,0,0,28.88338176,0,26.56293454,86.44832765,1.503,3.750046232
4,8,2,-29.78873239,0,0,0,0,28.81410725,0,26.60320039,88.04737186,1.405,3.750046232
4,8,2.5,-30.21126761,0,0,0,0,28.74483274,0,26.35153884,88.14731213,1.37,3.750046232
4,8,3,-31.4084507,0,0,0,0,28.66566187,0.1,26.25087422,88.84689397,1.439,3.750046232
4,8,3.5,-31.05633803,0,0,0,0,28.57659464,0,26.0193456,89.54647581,0.776,3.750046232
4,8,4,-30.14084507,0,0,0,0,28.50732013,0,25.85828221,90.34599792,0.762,3.750046232
4,8,4.5,-29.85915493,0,0,0,0,28.44794198,0,25.59655421,91.44534081,0.495,3.750046232
4,8,5,-31.26760563,0,0,0,0,28.38856383,0,25.52608898,91.44534081,0.796,3.750046232
4,8,5.5,-32.11267606,0,0,0,0,28.30939296,0,25.43549082,92.04498239,0.769,3.750046232
4,8,6,-28.23943662,4.6,1.2,4.488946629,0,28.25001481,0,25.22409512,91.94504213,0.891,3.750046232
4,8,6.5,0.070422535,50,11.2,54.6595266,2.320975429,28.16094758,0,25.79788344,92.44474344,1.538,3.750046232
4,8,7,31.69014085,138.4,36.8,152.8882411,6.962926286,28.02239856,0,26.35153884,91.34540055,1.708,3.750046232
4,8,7.5,147.3239437,254.8,67.2,282.8036376,12.12064946,27.99270948,0.1,26.76426377,90.54587844,2.409,3.750046232
4,8,8,247.9577465,359.4,90.8,393.7070249,15.73105568,28.0125022,0,27.42865025,87.74755107,3.066,3.750046232
4,8,8.5,335.6338028,346,112.4,351.1940598,19.34146191,28.10156943,0,28.35476474,83.65000028,3.755,3.726991262
4,8,9,427.8873239,454.6,131,617.3621893,22.43609581,28.28960024,0,29.25067983,78.50307673,4.537,3.726991262
4,8,9.5,510.4929577,617,145.4,710.0457344,24.75707124,28.55680193,0,30.2069937,74.43550802,4.52,3.703565429
4,8,10,569.7183099,688.2,156.4,772.0988202,26.56227435,28.9229672,0,30.94184541,70.80767647,4.37,3.703565429
4,8,10.5,539.2957746,655.6,150.2,730.9061335,25.0149574,29.19016888,0,31.50556727,68.9987577,3.358,3.679758684
4,8,11,491.6901408,578.2,131.8,658.5548761,22.43609581,29.43757785,0.1,31.68676358,68.22921768,3.259,3.679758684
4,8,11.5,696.4788732,820,184.4,922.8746158,30.94633905,29.8334322,0,32.28068483,65.45087836,4.122,3.65556059
4,8,12,735.915493,854.2,192.6,963.8032468,31.97788368,29.99177394,0,32.83434023,61.89300499,5.125,3.65556059
4,8,12.5,735.2112676,848.6,194,950.0723513,32.493656,29.8334322,0.1,33.27726455,59.36451633,5.308,3.630960307
4,8,13,711.2676056,829.8,194.8,943.9990705,32.75154216,29.88291399,0,33.59939132,57.44566328,4.756,3.605946568
4,8,13.5,638.7323944,753.6,178.2,859.2371959,30.43056673,30.05115209,0,33.7906541,55.47684009,4.373,3.605946568
4,8,14,474.5774648,542.6,132.8,624.7557485,23.20975429,30.19959747,0,34.0523821,54.74727617,3.795,3.580507661
4,8,14.5,351.3380282,420,107.8,495.1044076,19.34146191,30.36783557,0,33.90138518,57.71550199,2.751,3.554631403
4,8,15,270.8450704,338.4,89,397.9319159,16.246828,30.38762829,0,34.02218272,57.14584249,1.964,3.554631403
4,8,15.5,249.2957746,317.4,86.4,376.5434055,15.98894184,30.29856106,0,34.18324611,56.55619494,2.102,3.554631403
4,8,16,226.5492958,304.4,90.8,355.4189507,16.50471416,30.25897563,0.1,34.27384426,56.20640401,1.414,3.554631403
4,8,16.5,165.7746479,240.2,79.2,285.4441945,14.69951105,30.11053025,0,34.7369015,54.04769433,1.985,3.528305116
4,8,17,74.36619718,140,51.4,166.6191366,10.05756019,29.99177394,0,34.18324611,55.22698943,2.135,3.528305116
4,8,17.5,-6.549295775,29.8,9,40.40051966,2.06308927,30.08084117,0,33.76045471,59.75428336,1.158,3.528305116
4,8,18,-28.02816901,3.2,0.8,3.960835261,0.257886159,30.35793921,0.1,31.85789343,70.95758686,0.991,3.528305116
4,8,18.5,-31.1971831,0,0,0,0,30.56576275,0,30.60965217,77.11390707,1.451,3.554631403
4,8,19,-33.8028169,0,0,0,0,30.40742101,0,29.58287307,79.64239573,3.697,3.554631403
4,8,19.5,-33.02816901,0,0,0,0,30.13032296,0,28.69702444,80.85167292,3.038,3.554631403
4,8,20,-30.49295775,0,0,0,0,29.90270671,0,28.24403366,81.95101581,2.2,3.554631403
4,8,20.5,-31.1971831,0,0,0,0,29.7146759,0,28.0225715,82.75053792,1.787,3.554631403
4,8,21,-30,0,0,0,0,29.56623052,0,27.87157457,84.44952239,1.239,3.554631403
4,8,21.5,-32.18309859,0,0,0,0,29.43757785,0,27.71051118,86.54826792,2.578,3.554631403
4,8,22,-31.4084507,0,0,0,0,29.29902883,0,27.4689161,87.04796923,1.899,3.554631403
4,8,22.5,-28.16901408,0,0,0,0,29.2099616,0.1,27.28771979,88.24725239,1.357,3.554631403
4,8,23,-28.30985915,0,0,0,0,29.15058345,0,27.15685578,88.84689397,1.118,3.554631403
4,8,23.5,-30.91549296,0,0,0,0,29.08130894,0,27.03605824,89.0467745,1.85,3.554631403
4,9,0,-37.46478873,0,0,0,0,28.98234535,0,27.08639055,89.14671476,2.087,3.554631403
4,9,0.5,-30.49295775,0,0,0,0,28.88338176,0,27.07632409,89.14671476,1.167,3.554631403
4,9,1,-27.11267606,0,0,0,0,28.86358905,0,26.63339977,89.94623686,1.033,3.554631403
4,9,1.5,-24.57746479,0,0,0,0,28.84379633,0,26.573001,90.9456395,1.121,3.554631403
4,9,2,-25.70422535,0,0,0,0,28.8042109,0,26.54280161,91.24546029,0.747,3.554631403
4,9,2.5,-21.26760563,0,0,0,0,28.73493638,0,26.40187115,91.14552002,1.443,3.554631403
4,9,3,-15.28169014,0,0,0,0,28.68545459,0,26.34147238,91.34540055,1.486,3.554631403
4,9,3.5,-32.6056338,0,0,0,0,28.6359728,0,26.26094069,91.14552002,2.39,3.554631403
4,9,4,-25,0,0,0,0,28.57659464,0.1,26.20054191,90.9456395,2.34,3.554631403
4,9,4.5,-22.32394366,0,0,0,0,28.53700921,0,26.25087422,90.84569923,2.179,3.554631403
4,9,5,-21.33802817,0,0,0,0,28.51721649,0,26.31127299,90.54587844,2.058,3.554631403
4,9,5.5,-28.45070423,0,0,0,0,28.49742377,0,26.31127299,90.44593818,2.469,3.554631403
4,9,6,-20.77464789,1.8,0.4,1.848389788,0,28.48752742,0,26.2307413,90.24605765,2.599,3.554631403
4,9,6.5,-11.05633803,15.4,4,19.54012062,0.773658476,28.48752742,0,26.26094069,90.14611739,3.237,3.554631403
4,9,7,-12.46478873,14,3.8,17.95578652,0.257886159,28.42814926,0,26.27100715,90.04617713,4.647,3.554631403
4,9,7.5,-9.85915493,24.8,5.4,33.79912756,1.547316952,28.04219127,0,25.74755113,91.34540055,4.467,4.476995899
4,9,8,-12.81690141,28.6,7.4,31.95073777,1.805203111,27.90364225,0,25.32475974,92.04498239,2.925,4.704529498
4,9,8.5,-4.436619718,48,11.8,53.33924818,2.06308927,27.85416046,0.1,25.09323112,92.24486292,3.601,4.637367568
4,9,9,61.97183099,138.8,34,155.5287979,5.673495492,27.77498959,0,25.32475974,92.74456423,4.017,4.590310845
4,9,9.5,133.7323944,201.8,48.8,227.6159997,8.252357079,27.7255078,0,25.81801637,92.8445045,3.229,4.553730025
4,9,10,184.2957746,248.2,60.4,283.5958047,10.57333251,27.82447138,0,26.21060838,92.44474344,3.304,4.528696868
4,9,10.5,157.1830986,208.6,51.6,239.4985054,9.283901714,27.98281312,0,26.04954499,90.74575897,3.251,4.49013163
4,9,11,200.4225352,255.2,62.6,294.158032,11.34699098,28.10156943,0,26.02941206,88.34719265,3.463,4.476995899
4,9,11.5,355.9859155,452.4,108.2,511.47586,18.05203111,28.25991117,0,26.73406439,86.24844713,3.255,4.450287922
4,9,12,349.0140845,451.6,110.2,505.1385236,18.30991727,28.34897839,0.1,27.13672286,84.74934318,2.987,4.422979751
4,9,12.5,348.4507042,454.6,111.6,506.1947463,18.30991727,28.49742377,0,27.61991303,83.55006002,3.198,4.395048566
4,9,13,360.8450704,466.2,115.4,518.8694192,19.08357575,28.6359728,0,27.80110934,82.65059765,2.613,4.380841875
4,9,13.5,349.9295775,456.4,113.8,504.6104122,18.82568959,28.73493638,0,28.33463181,81.05155344,2.005,4.351930654
4,9,14,410.5633803,531.2,132,589.1082311,21.92032349,28.85369269,0,29.09968291,78.35316634,1.285,4.337219607
4,9,14.5,404.2253521,514.4,130.2,575.6413913,21.92032349,28.91307084,0.1,29.70367061,74.40552594,1.712,4.322333774
4,9,15,295.2112676,388.8,101.2,439.652714,17.27837264,28.98234535,0,30.25732601,72.32676847,1.486,4.292023697
4,9,15.5,336.4788732,438.4,118.4,493.7841292,20.6308927,29.11099802,0,30.60965217,71.19744349,2.435,4.276592177
4,9,16,288.943662,391.2,114.4,447.0462731,20.6308927,29.16047981,0,30.73044972,71.00755699,1.869,4.260971312
4,9,16.5,139.9295775,219.4,70.4,261.6791829,13.41008025,29.00213807,0.1,30.88144664,68.55902054,1.402,4.245157198
4,9,17,55.84507042,121.4,42.8,146.5509047,8.510243238,29.0417235,0,30.99217772,68.98876368,1.286,4.229145817
4,9,17.5,-11.61971831,33.4,10.6,44.09729924,2.320975429,29.18027253,0,30.83111433,69.9082141,0.401,4.229145817
4,9,18,-38.30985915,2.4,0.6,3.432723893,0,29.42768149,0,29.93519923,77.48368605,0.814,4.212933033
4,9,18.5,-36.69014085,0,0,0,0,29.59591959,0,28.56616043,82.55065739,0.912,4.212933033
4,9,19,-34.64788732,0,0,0,0,29.42768149,0,28.00243857,85.74874581,1.261,4.196514589
4,9,19.5,-36.12676056,0,0,0,0,29.19016888,0,27.56958072,87.24784976,1.507,4.196514589
4,9,20,-34.50704225,0,0,0,0,28.94275992,0,27.10652347,88.04737186,2.484,4.196514589
4,9,20.5,-33.23943662,0,0,0,0,28.77452182,0.1,26.99579239,88.54707318,2.071,4.1798861
4,9,21,-34.08450704,0,0,0,0,28.64586916,0,26.88506132,89.74635634,2.008,4.1798861
4,9,21.5,-34.71830986,0,0,0,0,28.56669829,0,26.83472901,89.94623686,1.622,4.1798861
4,9,22,-33.30985915,0,0,0,0,28.51721649,0,26.72399793,90.44593818,1.7,4.163043047
4,9,22.5,-25.70422535,0,0,0,0,28.47763106,0,26.52266869,90.64581871,1.685,4.163043047
4,9,23,-29.64788732,0,0,0,0,28.42814926,0,26.50253577,90.84569923,1.75,4.163043047
4,9,23.5,-30.63380282,0,0,0,0,28.36877111,0,26.51260223,91.24546029,1.595,4.145980777
4,10,0,-31.4084507,0,0,0,0,28.32918568,0,26.28107361,91.24546029,2.105,4.145980777
4,10,0.5,-50.63380282,0,0,0,0,28.25001481,0.1,26.29114007,91.04557976,2.578,4.145980777
4,10,1,-63.87323944,0,0,0,0,28.21042937,0,25.91868098,90.74575897,2.475,4.145980777
4,10,1.5,-37.25352113,0,0,0,0,28.20053301,0,25.69721883,90.74575897,2.28,4.128694494
4,10,2,-31.76056338,0,0,0,0,28.19063665,0,25.38515851,90.84569923,1.601,4.128694494
4,10,2.5,-29.43661972,0,0,0,0,28.17084394,0,25.08316466,91.34540055,1.51,4.128694494
4,10,3,-31.97183099,0,0,0,0,28.11146579,0,25.19389574,91.64522134,1.505,4.128694494
4,10,3.5,-31.90140845,0,0,0,0,28.02239856,0,25.02276589,91.54528108,1.464,4.128694494
4,10,4,-31.4084507,0,0,0,0,27.95312405,0,24.89190188,92.04498239,1.089,4.111179251
4,10,4.5,-32.32394366,0,0,0,0,27.91353861,0,24.83150311,92.24486292,1.238,4.111179251
4,10,5,-33.23943662,0,0,0,0,27.85416046,0.1,24.85163604,92.64462397,2.178,4.111179251
4,10,5.5,-27.3943662,0,0,0,0,27.77498959,0,24.88183542,92.64462397,1.892,4.111179251
4,10,6,-22.3943662,1.4,0.2,1.848389788,0,27.75519687,0,24.80130373,92.8445045,1.584,4.111179251
4,10,6.5,-7.957746479,23.8,6.2,27.19773546,1.031544635,27.73540415,0,24.92210127,92.8445045,1.376,4.111179251
4,10,7,-0.774647887,69,17.2,80.53698364,3.094633905,27.7255078,0,25.08316466,93.04438502,1.116,4.093429949
4,10,7.5,67.6056338,129,32.4,151.0398513,6.18926781,27.70571508,0,25.58648775,92.64462397,1.309,4.093429949
4,10,8,172.3239437,260.2,65,292.3096423,11.8627633,27.676026,0,26.13007668,91.14552002,1.918,4.093429949
4,10,8.5,301.4084507,326.2,99.2,381.8245192,17.53625879,27.69581872,0,26.61326685,88.34719265,3.063,4.093429949
4,10,9,485.7746479,535.6,146.4,612.609187,21.40455117,27.79478231,0,27.52931487,83.25023923,3.854,4.075441329
4,10,9.5,460.915493,563.2,131.6,639.0147554,22.95186813,27.97291676,0,28.23396719,79.29260481,3.407,4.075441329
4,10,10,604.2253521,735.8,165.4,820.9491218,28.62536362,28.2994966,0,29.22048045,75.35495844,3.106,4.057207964
4,10,10.5,652.1126761,782.8,173.8,874.8164813,29.91479441,28.64586916,0,29.87480046,72.4167147,3.415,4.057207964
4,10,11,681.6901408,800.4,177,897.7893258,30.17268057,29.11099802,0.1,30.52912048,70.12808268,3.532,4.038724253
4,10,11.5,725.3521127,844.2,187,947.1677387,31.71999752,29.5464378,0,30.98211126,68.2392117,3.524,4.019984414
4,10,12,728.8732394,848.2,189.6,952.9769638,31.71999752,29.73446861,0,31.77736174,66.58020333,3.074,4.000982477
4,10,12.5,725.3521127,838.8,189.6,940.0382353,32.23576984,29.5464378,0.1,32.10955498,63.99175052,3.283,4.000982477
4,10,13,657.7464789,761.4,177.8,867.9510335,30.43056673,29.58602323,0,32.64307745,62.49264657,2.6,3.981712275
4,10,13.5,404.0140845,485.6,115.2,552.9326024,20.11512038,29.77405405,0,33.00547008,60.35392494,2.251,3.962167436
4,10,14,130.0704225,172.8,44.4,204.3790995,8.252357079,30.10063389,0,32.27061837,63.71191778,1.398,3.962167436
4,10,14.5,451.971831,549.6,138.4,628.9806394,24.49918508,30.27876834,0.1,32.82427377,62.17283773,1.144,3.962167436
4,10,15,475.4225352,566.4,148.2,647.9926487,26.56227435,29.91260307,0,33.47859378,57.63554978,2.501,3.942341374
4,10,15.5,365.2112676,470.2,130.8,537.0892614,23.7255266,29.73446861,0,33.84098641,55.31693567,1.615,3.922227279
4,10,16,133.943662,187.8,52.4,226.8238326,10.31544635,29.68498682,0,33.64972363,57.35571704,1.579,3.922227279
4,10,16.5,73.8028169,112.2,29.8,128.3310625,5.415609333,30.04125573,0.1,32.65314392,63.75189388,1.295,3.922227279
4,10,17,-32.11267606,28.6,7.6,34.8553503,1.547316952,30.2886647,0,31.90822574,65.83065136,2.115,3.922227279
4,10,17.5,-56.4084507,15,4.6,13.46683989,0.515772317,30.49648823,0,29.61307246,74.04574099,4.326,3.922227279
4,10,18,-15.14084507,1.4,0.4,1.056222736,0,30.2886647,0,27.83130872,76.18446262,2.971,3.922227279
4,10,18.5,-17.95774648,0,0,0,0,29.89281035,0,27.4689161,80.75173265,3.916,3.922227279
4,10,19,-37.6056338,0,0,0,0,29.61571231,0,26.21060838,83.15029897,4.346,3.922227279
4,10,19.5,-19.57746479,0,0,0,0,29.41778514,0,25.79788344,86.34838739,4.201,3.922227279
4,10,20,-18.38028169,0,0,0,0,29.19016888,0,25.85828221,84.74934318,3.217,3.922227279
4,10,20.5,-18.94366197,0,0,0,0,28.97244899,0.1,26.14014314,83.25023923,2.032,3.922227279
4,10,21,-18.45070423,0,0,0,0,28.86358905,0,26.08981083,84.1497016,1.614,3.922227279
4,10,21.5,-17.18309859,0,0,0,0,28.81410725,0,26.02941206,85.14910423,0.969,3.922227279
4,10,22,-26.83098592,0,0,0,0,28.72504003,0,26.40187115,87.04796923,0.603,3.922227279
4,10,22.5,-23.16901408,0,0,0,0,28.64586916,0,26.37167176,87.9474316,0.631,3.922227279
4,10,23,-29.71830986,0,0,0,0,28.586491,0,26.21060838,88.34719265,1.197,3.922227279
4,10,23.5,-28.66197183,0,0,0,0,28.49742377,0,26.06967791,89.54647581,1.378,3.922227279
4,11,0,-28.94366197,0,0,0,0,28.43804562,0,25.91868098,90.24605765,0.922,3.922227279
4,11,0.5,-28.38028169,0,0,0,0,28.38856383,0,25.65695298,90.74575897,1.493,3.901818108
4,11,1,-27.95774648,0,0,0,0,28.33908204,0,25.71735175,91.14552002,0.947,3.901818108
4,11,1.5,-27.32394366,0,0,0,0,28.27970388,0,25.58648775,91.54528108,1.503,3.901818108
4,11,2,-29.29577465,0,0,0,0,28.22032573,0,25.53615544,91.94504213,1.242,3.901818108
4,11,2.5,-29.15492958,0,0,0,0,28.1807403,0,25.45562374,92.24486292,1.282,3.901818108
4,11,3,-30.56338028,0,0,0,0,28.1312585,0,25.53615544,92.44474344,1.647,3.901818108
4,11,3.5,-31.61971831,0,0,0,0,28.04219127,0,25.71735175,92.44474344,1.779,3.901818108
4,11,4,-31.54929577,0,0,0,0,27.99270948,0.1,25.70728529,92.64462397,2.007,3.901818108
4,11,4.5,-31.26760563,0,0,0,0,27.98281312,0,25.52608898,92.54468371,1.477,3.901818108
4,11,5,-31.69014085,0,0,0,0,27.99270948,0,25.34489266,92.94444476,2.47,3.901818108
4,11,5.5,-32.74647887,0,0,0,0,27.93333133,0,25.34489266,92.94444476,2.125,3.901818108
4,11,6,-30.98591549,2.2,0.4,2.640556841,0,27.92343497,0,25.22409512,92.94444476,1.795,3.901818108
4,11,6.5,-12.53521127,37.8,7.8,42.77702082,1.547316952,27.90364225,0,25.22409512,93.04438502,1.91,3.901818108
4,11,7,14.36619718,144,35.8,155.5287979,6.962926286,27.82447138,0,25.6770859,92.64462397,2.048,3.901818108
4,11,7.5,146.8309859,247.2,62.8,276.2022455,11.8627633,27.79478231,0,26.19047545,91.7451616,2.714,3.901818108
4,11,8,248.0985915,361.4,89.2,397.4038045,16.246828,27.77498959,0,26.98572593,89.8462966,3.199,3.901818108
4,11,8.5,341.056338,355.2,107.8,398.7240829,19.59934806,27.8442641,0,27.78097641,86.54826792,3.17,3.901818108
4,11,9,347.3239437,384.4,103.4,448.6306072,18.82568959,27.99270948,0,28.38496412,82.05095607,3.882,3.881106577
4,11,9.5,522.7464789,634.2,146.4,723.2485186,26.04650203,28.23022209,0,29.19028106,78.42312452,3.981,3.881106577
4,11,10,527.3943662,626.6,143,710.3097901,25.53072971,28.54690557,0.1,29.97546508,74.18565736,3.977,3.860085144
4,11,10.5,461.4788732,560.2,130.4,641.6553123,23.20975429,28.72504003,0,30.27745894,72.33676249,4.08,3.860085144
4,11,11,609.8591549,728,163,825.7021241,28.88324978,28.99224171,0,30.92171249,70.59780191,3.927,3.838746003
4,11,11.5,742.9577465,858.2,189.6,969.0843605,33.26731448,29.496956,0,31.30423804,68.34914599,4.179,3.838746003
4,11,12,758.4507042,873.8,196.4,978.5903651,34.04097295,29.73446861,0,31.91829221,65.12107549,4.231,3.817081071
4,11,12.5,669.0140845,786,179.6,874.5524256,30.94633905,29.60581595,0,32.52227991,64.46146975,2.946,3.817081071
4,11,13,323.5915493,393.4,94.2,448.8946629,16.50471416,29.74436497,0,32.39141591,62.37271825,2.874,3.795081971
4,11,13.5,507.2535211,614.4,147,688.1291127,25.27284356,30.04125573,0,32.6833433,61.73310057,2.048,3.795081971
4,11,14,250.1408451,301.6,74.8,341.9521109,13.1521941,30.01156666,0,32.99540362,60.79366209,2.47,3.772740025
4,11,14.5,188.0985915,295.2,73,340.6318324,12.63642178,30.16001204,0,32.44174822,64.19163104,1.672,3.772740025
4,11,15,110.0704225,152,39,173.4845844,6.962926286,30.1699084,0,32.03908975,66.50025112,2.046,3.772740025
4,11,15.5,-48.73239437,11.6,2.6,17.42767515,0.515772317,30.39752465,0,28.00243857,79.57243755,6.058,3.772740025
4,11,16,-37.6056338,3.8,0.6,6.337336418,0,30.47669552,0.1,25.73748467,87.44773029,4.937,3.772740025
4,11,16.5,-22.46478873,3.2,0.8,4.753002313,0,29.92249943,0,24.9925665,90.04617713,4.134,3.795081971
4,11,17,-23.5915493,2.4,0.2,3.168668209,0,29.40788878,0,24.36844587,92.34480318,5.284,3.838746003
4,11,17.5,-22.18309859,0.8,0,1.056222736,0,29.0912053,0,24.07651848,93.34420581,3.653,3.922227279
4,11,18,-21.47887324,0,0,0,0,28.85369269,0,23.99598678,93.54408634,2.771,3.981712275
4,11,18.5,-17.11267606,0,0,0,0,28.69535095,0,24.0966514,93.6440266,1.529,4.019984414
4,11,19,-15.77464789,0,0,0,0,28.54690557,0,24.42884464,94.04378766,2.741,4.038724253
4,11,19.5,-14.15492958,0,0,0,0,28.44794198,0,24.80130373,94.14372792,1.108,4.057207964
4,11,20,-18.38028169,0,0,0,0,28.38856383,0,24.92210127,94.24366818,1.517,4.075441329
4,11,20.5,-15.49295775,0,0,0,0,28.34897839,0,25.08316466,94.24366818,1.254,4.093429949
4,11,21,-17.11267606,0,0,0,0,28.31928932,0,25.0730982,94.44354871,2.255,4.093429949
4,11,21.5,-23.52112676,0,0,0,0,28.28960024,0,24.81137019,94.44354871,2.126,4.111179251
4,11,22,-23.16901408,0,0,0,0,28.25991117,0,24.71070557,94.24366818,1.236,4.111179251
4,11,22.5,-21.54929577,0,0,0,0,28.21042937,0,24.96236712,94.54348897,1.746,4.111179251
4,11,23,-21.90140845,0,0,0,0,28.15105122,0,25.05296527,94.44354871,1.107,4.111179251
4,11,23.5,-21.4084507,0,0,0,0,28.1312585,0,25.06303173,94.64342923,1.452,4.111179251
4,12,0,-18.23943662,0,0,0,0,28.10156943,0.1,25.04289881,94.64342923,1.825,4.111179251
4,12,0.5,-18.23943662,0,0,0,0,28.07188035,0,25.00263296,94.64342923,1.907,4.093429949
4,12,1,-20.49295775,0,0,0,0,28.06198399,0,25.23416158,94.7433695,1.166,4.093429949
4,12,1.5,-20.91549296,0,0,0,0,28.04219127,0,25.34489266,94.64342923,1.546,4.093429949
4,12,2,-21.4084507,0,0,0,0,28.03229492,0,25.21402866,94.7433695,1.412,4.093429949
4,12,2.5,-24.08450704,0,0,0,0,28.02239856,0,25.23416158,94.84330976,1.004,4.093429949
4,12,3,-29.29577465,0,0,0,0,28.00260584,0,25.1234305,95.04319029,0.881,4.093429949
4,12,3.5,-32.11267606,0,0,0,0,27.95312405,0,25.08316466,94.94325002,1.796,4.093429949
4,12,4,-31.90140845,0,0,0,0,27.89374589,0,24.97243358,95.04319029,1.794,4.093429949
4,12,4.5,-30.21126761,0,0,0,0,27.85416046,0,24.92210127,95.14313055,1.857,4.093429949
4,12,5,-24.15492958,0,0,0,0,27.78488595,0,25.05296527,95.14313055,2.031,4.075441329
4,12,5.5,-27.53521127,0,0,0,0,27.76509323,0,24.98250004,95.14313055,1.95,4.075441329
4,12,6,-30.77464789,2.6,0.6,2.904612525,0,27.76509323,0,24.97243358,95.14313055,1.906,4.075441329
4,12,6.5,-15.91549296,25,7,31.15857072,1.547316952,27.74530051,0,25.11336404,95.24307081,2.218,4.075441329
4,12,7,14.85915493,56.4,13.4,71.03097901,2.578861587,27.71561144,0,25.18382927,95.14313055,2.019,4.075441329
4,12,7.5,50.14084507,102.6,25,126.218617,4.899837016,27.69581872,0,25.31469328,94.94325002,1.997,4.075441329
4,12,8,186.5492958,270.8,65,305.7764821,12.37853562,27.70571508,0,25.97907976,94.54348897,2.172,4.075441329
4,12,8.5,325.0704225,340.2,101.2,432.5232105,13.41008025,27.70571508,0,26.69379854,92.44474344,3.096,4.057207964
4,12,9,457.3239437,481.8,132,618.1543564,17.79414495,27.80467867,0,27.18705517,89.74635634,3.456,4.057207964
4,12,9.5,395,477.6,110.4,561.64644,19.08357575,28.00260584,0,27.72057764,86.64820818,3.323,4.057207964
4,12,10,552.8873239,647.8,144.6,738.2996926,24.24129892,28.32918568,0,28.56616043,82.65059765,3.343,4.038724253
4,12,10.5,697.1830986,820.2,181.6,920.7621703,30.43056673,28.6359728,0.1,29.5224743,77.90343515,3.468,4.038724253
4,12,11,660.5633803,774.8,173.4,877.1929825,29.65690825,28.98234535,0,30.31772478,73.72593215,3.087,4.019984414
4,12,11.5,797.1830986,899.2,200,1007.372435,33.52520064,29.38809606,0,31.09284234,70.1380767,3.391,4.000982477
4,12,12,719.0140845,817.4,185.6,909.4077759,30.68845289,29.64540139,0,31.56596604,67.27978517,3.665,4.000982477
4,12,12.5,278.943662,346.4,82.6,397.4038045,14.18373873,29.88291399,0,29.63320538,72.68655341,5.25,3.981712275
4,12,13,335.4929577,582.4,136.2,663.8359897,22.69398197,30.23918291,0,28.42522997,76.41432523,5.266,3.981712275
4,12,13.5,104.1549296,167.4,41.6,195.4012062,7.478698603,30.1204266,0,27.37831794,82.55065739,4.577,3.981712275
4,12,14,35.28169014,107.2,26.8,125.6905056,4.641950857,30.05115209,0,26.49246931,84.84928344,1.685,3.962167436
4,12,14.5,24.92957746,57.4,14,70.23881196,2.578861587,29.76415769,0,26.46226992,86.0485666,1.707,3.981712275
4,12,15,5.704225352,35.6,9.4,44.09729924,1.805203111,29.51674872,0,26.16027607,87.84749134,1.594,3.962167436
4,12,15.5,8.802816901,31.8,8,40.13646398,1.805203111,29.31882155,0,26.41193761,88.54707318,0.769,3.962167436
4,12,16,2.957746479,44.4,11,52.01896976,1.805203111,29.13079073,0,26.62333331,88.74695371,1.097,3.962167436
4,12,16.5,12.32394366,68.8,16.6,78.95264953,3.094633905,28.95265628,0,26.72399793,89.64641608,1.201,3.962167436
4,12,17,11.4084507,50.2,12.2,58.88441755,1.805203111,28.83389997,0.1,26.62333331,89.94623686,1.161,3.962167436
4,12,17.5,-12.18309859,20.4,5.4,23.50095588,0.773658476,28.76462546,0,26.54280161,90.44593818,1.397,3.962167436
4,12,18,-19.43661972,1,0.2,1.32027842,0,28.7547291,0,26.47233638,91.54528108,1.68,3.962167436
4,12,18.5,-19.57746479,0,0,0,0,28.73493638,0,26.40187115,92.14492265,1.462,3.962167436
4,12,19,-22.32394366,0,0,0,0,28.68545459,0,26.37167176,92.8445045,1.416,3.962167436
4,12,19.5,-17.11267606,0,0,0,0,28.6359728,0,26.30120653,93.14432529,1.642,3.962167436
4,12,20,-22.53521127,0,0,0,0,28.59638736,0,26.20054191,93.44414608,2.207,3.962167436
4,12,20.5,-30.35211268,0,0,0,0,28.53700921,0,26.16027607,93.54408634,1.265,3.962167436
4,12,21,-31.05633803,0,0,0,0,28.49742377,0,25.97907976,93.44414608,0.8,3.942341374
4,12,21.5,-31.05633803,0,0,0,0,28.44794198,0,25.81801637,94.04378766,0.938,3.942341374
4,12,22,-30.77464789,0,0,0,0,28.35887475,0,25.68715236,94.14372792,0.507,3.942341374
4,12,22.5,-28.38028169,0,0,0,0,28.2994966,0,25.52608898,94.14372792,0.313,3.942341374
4,12,23,-27.11267606,0,0,0,0,28.24011845,0,25.38515851,94.44354871,1.423,3.942341374
4,12,23.5,-19.36619718,0,0,0,0,28.1807403,0,25.38515851,94.44354871,1.081,3.942341374
4,13,0,-18.09859155,0,0,0,0,28.12136214,0,25.43549082,94.94325002,1.205,3.942341374
4,13,0.5,-17.18309859,0,0,0,0,28.09167307,0,25.43549082,94.84330976,0.681,3.942341374
4,13,1,-17.04225352,0,0,0,0,28.06198399,0,25.43549082,94.94325002,0.582,3.942341374
4,13,1.5,-13.73239437,0,0,0,0,28.03229492,0,25.52608898,95.04319029,0.34,3.942341374
4,13,2,-13.02816901,0,0,0,0,28.0125022,0,25.61668713,94.94325002,0,3.942341374
4,13,2.5,-18.73239437,0,0,0,0,28.00260584,0,25.70728529,95.14313055,1.197,3.942341374
4,13,3,-18.52112676,0,0,0,0,27.99270948,0,25.62675359,95.34301108,1.76,3.942341374
4,13,3.5,-19.64788732,0,0,0,0,27.99270948,0,25.64688652,95.64283187,2.211,3.942341374
4,13,4,-17.25352113,0,0,0,0,27.98281312,0.1,25.63682005,95.84271239,2.05,3.942341374
4,13,4.5,-13.5915493,0,0,0,0,27.97291676,0,25.70728529,96.04259292,1.748,3.942341374
4,13,5,-10.63380282,0,0,0,0,27.97291676,0,25.7576176,95.94265266,0.974,3.922227279
4,13,5.5,-10.14084507,0,0,0,0,27.97291676,0,25.77775052,95.74277213,0.373,3.922227279
4,13,6,-15.63380282,1.4,0.2,1.32027842,0,28.00260584,0,25.81801637,95.84271239,0.538,3.922227279
4,13,6.5,-0.352112676,19.8,5,22.18067746,0.773658476,27.99270948,0,25.81801637,96.34241371,1.672,3.922227279
4,13,7,36.05633803,73.4,17.6,84.23376322,2.836747746,27.97291676,0,25.98914622,96.34241371,1.392,3.922227279
4,13,7.5,60,101.4,24.4,117.7688351,4.384064698,27.94322769,0,26.10994376,95.64283187,0.997,3.922227279
4,13,8,93.38028169,173.8,41.6,207.5477677,7.478698603,27.97291676,0,26.0193456,94.64342923,1.203,3.922227279
4,13,8.5,209.8591549,262,66.4,321.8838789,11.60487714,28.05208763,0,26.16027607,93.44414608,0.938,3.922227279
4,13,9,275.6338028,342.2,85.4,402.4208625,14.18373873,28.15105122,0,26.72399793,92.54468371,0.925,3.922227279
4,13,9.5,274.5070423,357,85.2,417.4720365,14.44162489,28.30939296,0,26.87499485,90.14611739,1.561,3.922227279
4,13,10,336.2676056,430.4,101,493.5200735,16.76260032,28.41825291,0.1,27.45884964,87.44773029,2.558,3.901818108
4,13,10.5,415.0704225,519.8,119.2,595.4455676,20.11512038,28.57659464,0,27.90177396,85.54886528,2.94,3.901818108
4,13,11,536.1267606,645.2,146.8,725.8890755,24.24129892,28.82400361,0,28.2842995,81.75113528,2.084,3.881106577
4,13,11.5,677.4647887,821.8,183.2,917.0653908,30.17268057,29.0912053,0,28.99901829,77.5036741,2.176,3.881106577
4,13,12,552.3239437,666.8,152.6,734.3388574,24.49918508,29.28913247,0,29.90499985,72.87643991,1.77,3.860085144
4,13,12.5,433.943662,528.2,123.2,593.8612335,20.11512038,29.33861427,0,30.23719309,71.0875092,1.812,3.860085144
4,13,13,452.0422535,553.8,129.8,636.3741986,21.92032349,29.51674872,0,30.61971864,69.08870394,2.497,3.860085144
4,13,13.5,455.2112676,565.4,134,644.8239805,22.69398197,29.58602323,0,30.90157957,67.72951636,3.648,3.838746003
4,13,14,286.6197183,374.2,90.2,429.8826537,15.47316952,29.63550503,0.1,30.39825648,72.17685807,5.053,3.838746003
4,13,14.5,0.281690141,161.6,38.4,187.4795357,6.447153968,30.01156666,0,28.24403366,81.35137423,3.952,3.838746003
4,13,15,82.95774648,156.4,37.4,180.3500322,6.18926781,30.10063389,0,28.06283734,85.2490445,1.358,3.838746003
4,13,15.5,145,192.8,47.4,216.5256609,7.994470921,29.56623052,0,28.42522997,84.24964186,1.886,3.838746003
4,13,16,3.098591549,60.4,14.6,68.91853354,2.578861587,29.2594434,0,27.29778625,85.54886528,3.586,3.881106577
4,13,16.5,-21.76056338,30.6,7.4,36.70374008,1.805203111,29.29902883,0,26.33140592,89.0467745,4.986,3.901818108
4,13,17,-14.43661972,14.4,3.4,16.89956378,0.515772317,29.2099616,0,25.93881391,91.44534081,3.451,3.962167436
4,13,17.5,-14.08450704,10.2,2.6,11.09033873,0,28.97244899,0,25.66701944,92.54468371,3.909,4.093429949
4,13,18,-19.92957746,1.6,0.4,1.32027842,0,28.7547291,0,25.5462219,92.94444476,3.617,4.145980777
4,13,18.5,-7.887323944,0,0,0,0,28.60628372,0,25.49588959,92.94444476,4.535,4.163043047
4,13,19,-29.01408451,0,0,0,0,28.45783834,0,25.26436097,92.94444476,3.984,4.163043047
4,13,19.5,-21.4084507,0,0,0,0,28.38856383,0,24.81137019,92.94444476,4.406,4.163043047
4,13,20,-6.830985915,0,0,0,0,28.32918568,0,24.54964218,93.04438502,3.721,4.163043047
4,13,20.5,-4.788732394,0,0,0,0,28.26980752,0,24.55970864,93.54408634,3.719,4.163043047
4,13,21,-14.71830986,0,0,0,0,28.19063665,0.1,24.38857879,93.44414608,4.814,4.163043047
4,13,21.5,-27.95774648,0,0,0,0,28.12136214,0,23.84498986,93.74396687,4.768,4.163043047
4,13,22,-20.77464789,0,0,0,0,28.04219127,0,23.64366062,94.14372792,4.355,4.1798861
4,13,22.5,-17.67605634,0,0,0,0,27.94322769,0,23.542996,94.14372792,4.062,4.196514589
4,13,23,-17.25352113,0,0,0,0,27.82447138,0,23.412132,94.34360844,4.875,4.196514589
4,13,23.5,-18.66197183,0,0,0,0,27.7255078,0,23.27120154,94.84330976,4.266,4.196514589
4,14,0,-13.45070423,0,0,0,0,27.65623328,0,23.0698723,95.14313055,3.597,4.196514589
4,14,0.5,-13.23943662,0,0,0,0,27.57706241,0,22.78801137,95.24307081,3.319,4.212933033
4,14,1,-14.57746479,0,0,0,0,27.52758062,0,22.43568521,95.24307081,3.619,4.229145817
4,14,1.5,-12.32394366,0,0,0,0,27.44840975,0,22.24442244,95.64283187,3.837,4.229145817
4,14,2,-9.295774648,0,0,0,0,27.34944616,0,21.95249504,96.04259292,3.879,4.245157198
4,14,2.5,-9.507042254,0,0,0,0,27.23068986,0,21.96256151,96.14253318,2.962,4.276592177
4,14,3,-9.85915493,0,0,0,0,27.15151899,0,21.90216273,96.14253318,3.454,4.292023697
4,14,3.5,-12.32394366,0,0,0,0,27.09214084,0,21.8316975,96.24247345,4.103,4.292023697
4,14,4,-9.647887324,0,0,0,0,27.04265904,0,21.85183043,96.44235397,3.225,4.276592177
4,14,4.5,-9.436619718,0,0,0,0,26.98328089,0,21.63036827,96.54229423,3.325,4.276592177
4,14,5,-9.084507042,0,0,0,0,26.94369546,0,21.55990303,96.74217476,2.968,4.276592177
4,14,5.5,-10.42253521,0,0,0,0,26.89421366,0,21.53977011,96.74217476,3.595,4.276592177
4,14,6,-13.02816901,0.6,0,1.056222736,0,26.84473187,0,21.49950426,96.6422345,3.724,4.260971312
4,14,6.5,-4.577464789,11,2.6,13.2027842,0.257886159,26.80514644,0,21.63036827,96.74217476,2.918,4.260971312
4,14,7,6.830985915,29.6,7.2,33.53507188,1.289430794,26.77545736,0,21.66056765,96.84211502,2.747,4.260971312
4,14,7.5,16.83098592,49.6,11.4,58.62036186,1.805203111,26.75566464,0,21.69076704,96.84211502,2.493,4.245157198
4,14,8,27.46478873,76.6,17.4,90.30704395,2.836747746,26.73587192,0.1,21.74109935,96.84211502,3.016,4.245157198
4,14,8.5,75,145.4,33.4,167.9394151,5.415609333,26.73587192,0,21.8316975,96.74217476,3.844,4.229145817
4,14,9,111.7605634,159.8,37.4,182.9905891,6.18926781,26.74576828,0,22.14375782,96.44235397,3.172,4.229145817
4,14,9.5,161.4788732,211.2,50,237.38606,8.252357079,26.79525008,0,22.32495413,95.74277213,3.594,4.229145817
4,14,10,165.2112676,218.8,51.8,247.1561203,8.510243238,26.84473187,0,22.55648275,95.24307081,3.311,4.212933033
4,14,10.5,186.3380282,233.8,55,268.5446307,9.283901714,26.97338453,0,22.87860953,94.04378766,3.273,4.212933033
4,14,11,173.1690141,224.8,52.8,257.454292,8.768129397,27.06245176,0,23.00947353,92.94444476,3.667,4.212933033
4,14,11.5,166.7605634,215.8,50.6,250.3247885,8.510243238,27.13172627,0,22.97927414,91.7451616,4.258,4.196514589
4,14,12,164.8591549,218.2,51.8,249.2685658,8.768129397,27.24058622,0,22.89874245,92.34480318,2.856,4.196514589
4,14,12.5,193.1690141,249.4,59.4,285.1801388,9.799674032,27.29006801,0,23.29133446,90.9456395,3.27,4.1798861
4,14,13,125.0704225,165.4,39.8,192.232538,6.962926286,27.29996437,0,23.36179969,89.94623686,3.944,4.1798861
4,14,13.5,106.7605634,142,34,167.4113037,5.931381651,27.34944616,0,23.31146738,89.54647581,3.617,4.163043047
4,14,14,110.5633803,150.6,36.2,173.7486401,6.18926781,27.37913524,0,23.12020461,89.74635634,3.707,4.163043047
4,14,14.5,148.3802817,189.6,45.2,218.6381064,7.736584762,27.3890316,0,23.22086923,89.24665502,3.898,4.163043047
4,14,15,78.73239437,103.8,25.2,120.4093919,4.384064698,27.35934252,0,22.98934061,89.44653555,4.076,4.145980777
4,14,15.5,72.95774648,97.8,23.4,114.3361112,4.12617854,27.3890316,0,22.87860953,89.64641608,3.445,4.145980777
4,14,16,46.61971831,65.8,15.8,76.31209269,2.578861587,27.32965345,0,22.92894184,89.44653555,2.857,4.145980777
4,14,16.5,28.52112676,43.4,10.6,50.17057997,1.805203111,27.23068986,0,22.98934061,89.54647581,2.656,4.145980777
4,14,17,21.97183099,34.2,8.2,40.13646398,1.289430794,27.17131171,0.1,22.80814429,89.54647581,2.861,4.128694494
4,14,17.5,0.633802817,7.4,1.8,9.506004626,0,27.11193356,0,22.76787845,89.94623686,3.107,4.128694494
4,14,18,-5.14084507,0.6,0,0.792167052,0,27.06245176,0,22.5967486,90.74575897,2.708,4.128694494
4,14,18.5,-13.52112676,0,0,0,0,26.99317725,0,22.44575167,91.7451616,2.856,4.128694494
4,14,19,-11.1971831,0,0,0,0,26.94369546,0,22.23435597,93.44414608,2.795,4.128694494
4,14,19.5,-11.76056338,0,0,0,0,26.87442095,0,22.06322612,94.04378766,2.945,4.111179251
4,14,20,-10.56338028,0,0,0,0,26.79525008,0,21.95249504,94.54348897,2.495,4.111179251
4,14,20.5,-9.507042254,0,0,0,0,26.73587192,0,21.93236212,94.94325002,2.439,4.111179251
4,14,21,-9.225352113,0,0,0,0,26.66659741,0,21.8316975,95.14313055,2.826,4.111179251
4,14,21.5,-9.295774648,0,0,0,0,26.62701198,0,21.7008335,95.44295134,3.142,4.111179251
4,14,22,-10.35211268,0,0,0,0,26.58742654,0,21.54983657,95.5428916,2.545,4.111179251
4,14,22.5,-14.50704225,0,0,0,0,26.54784111,0,21.53977011,95.5428916,2.56,4.111179251
4,14,23,-12.88732394,0,0,0,0,26.49835931,0,21.58003596,95.44295134,2.118,4.111179251
4,14,23.5,-12.3943662,0,0,0,0,26.44887752,0,21.43910549,95.44295134,2.261,4.093429949
4,15,0,-13.38028169,0,0,0,0,26.40929209,0,21.37870672,95.74277213,2.846,4.093429949
4,15,0.5,-28.66197183,0,0,0,0,26.37960301,0,21.32837441,95.94265266,3.431,4.093429949
4,15,1,-14.22535211,0,0,0,0,26.34001758,0,21.31830795,96.04259292,2.56,4.093429949
4,15,1.5,-10.63380282,0,0,0,0,26.28063942,0,21.46930488,96.14253318,1.865,4.093429949
4,15,2,-17.11267606,0,0,0,0,26.24105399,0,21.44917195,95.64283187,3.219,4.093429949
4,15,2.5,-11.12676056,0,0,0,0,26.21136491,0,21.12704518,94.94325002,2.434,4.093429949
4,15,3,-7.042253521,0,0,0,0,26.20146855,0,20.98611471,94.34360844,2.733,4.093429949
4,15,3.5,-6.76056338,0,0,0,0,26.19157219,0,20.76465255,94.14372792,3.104,4.075441329
4,15,4,-6.408450704,0,0,0,0,26.16188312,0,20.68412086,93.84390713,2.236,4.075441329
4,15,4.5,-4.366197183,0,0,0,0,26.12229768,0,20.64385501,93.6440266,1.687,4.075441329
4,15,5,-4.788732394,0,0,0,0,26.08271225,0,20.65392147,93.24426555,2.052,4.075441329
4,15,5.5,-4.366197183,0,0,0,0,26.04312681,0.1,20.70425378,93.44414608,1.591,4.075441329
4,15,6,-5.281690141,1.8,0.4,1.848389788,0,26.01343774,0,20.86531717,93.74396687,2.779,4.075441329
4,15,6.5,4.577464789,15.2,3.8,17.69173083,0.515772317,25.99364502,0,20.90558302,93.84390713,2.192,4.075441329
4,15,7,30.14084507,43.4,10.2,50.96274702,1.805203111,25.96395594,0,20.60358916,92.34480318,2.93,4.075441329
4,15,7.5,48.30985915,64.2,15,74.72775859,2.320975429,25.93426687,0,20.64385501,91.34540055,2.616,4.057207964
4,15,8,86.76056338,114,26.6,133.3481205,4.384064698,25.91447415,0,20.76465255,89.94623686,3.25,4.057207964
4,15,8.5,119.4366197,155.4,36.6,181.6703106,6.18926781,25.90457779,0,21.1471781,88.34719265,3.441,4.057207964
4,15,9,139.3661972,181,42.8,211.5086029,7.220812445,25.93426687,0,21.44917195,86.94802897,3.691,4.057207964
4,15,9.5,183.8028169,236,55.6,273.8257444,9.026015556,25.99364502,0,21.82163104,85.54886528,3.058,4.057207964
4,15,10,185.2112676,236,55.8,273.297633,9.283901714,26.05302317,0,22.21422305,84.64940292,2.913,4.038724253
4,15,10.5,156.5492958,206,49,238.4422827,7.994470921,26.15198676,0,22.3853529,83.84988081,2.549,4.038724253
4,15,11,187.1126761,247,59,282.5395819,9.541787873,26.24105399,0,22.61688152,83.15029897,2.018,4.038724253
4,15,11.5,266.8309859,336.4,79.4,383.1447976,12.37853562,26.34991393,0,23.09000522,82.35077686,1.165,4.038724253
4,15,12,292.4647887,370.2,87.6,418.5282592,13.41008025,26.50825567,0.1,23.59332831,81.1514937,1.304,4.019984414
4,15,12.5,314.1549296,394.6,93.2,449.1587186,14.44162489,26.61711562,0,24.13691725,80.05215081,1.356,4.019984414
4,15,13,243.0985915,304.6,72,351.9862269,11.8627633,26.74576828,0,24.36844587,79.07273623,1.008,4.019984414
4,15,13.5,485.915493,590.6,134.8,674.3982171,21.40455117,26.87442095,0,24.7811708,77.81348891,1.55,4.000982477
4,15,14,459.6478873,554.6,129.2,624.2276371,20.37300654,26.765561,0,25.68715236,75.61480312,1.511,4.000982477
4,15,14.5,177.4647887,226.2,55.6,253.229401,8.768129397,26.89421366,0,25.76768406,75.4548987,1.988,4.000982477
4,15,15,128.3802817,165.2,40.2,187.21548,6.447153968,27.33954981,0,25.8884816,76.19445665,1.101,3.981712275
4,15,15.5,105.3521127,138.4,33,159.4896332,5.157723175,27.47809883,0,25.86834868,77.23383539,2.312,3.981712275
4,15,16,90.84507042,119.6,28.6,139.4214012,5.157723175,27.44840975,0,25.85828221,77.99338139,2.708,3.981712275
4,15,16.5,45.84507042,63.6,15,75.25586996,2.578861587,27.35934252,0,25.6770859,78.80289752,2.088,3.981712275
4,15,17,19.64788732,30.8,7.6,37.23185145,1.805203111,27.29006801,0,25.60662067,79.65238976,1.202,3.981712275
4,15,17.5,1.830985915,9.4,2.4,12.41061715,0,27.23068986,0,25.43549082,81.35137423,1.933,3.981712275
4,15,18,-6.267605634,1,0,1.056222736,0,27.18120807,0,25.19389574,83.05035871,1.637,3.981712275
4,15,18.5,-7.957746479,0,0,0,0,27.09214084,0,25.13349697,84.94922371,1.221,3.981712275
4,15,19,-7.816901408,0,0,0,0,27.03276269,0,25.08316466,86.0485666,1.202,3.981712275
4,15,19.5,-7.816901408,0,0,0,0,26.97338453,0,24.92210127,87.1479095,1.161,3.981712275
4,15,20,-7.394366197,0,0,0,0,26.9337991,0,24.76103788,87.9474316,1.627,3.981712275
4,15,20.5,-7.464788732,0,0,0,0,26.90411002,0,24.66037326,88.64701344,1.39,3.962167436
4,15,21,-8.23943662,0,0,0,0,26.8843173,0,24.45904403,88.94683423,1.477,3.962167436
4,15,21.5,-8.38028169,0,0,0,0,26.85462823,0,24.36844587,89.64641608,1.575,3.962167436
4,15,22,-8.591549296,0,0,0,0,26.83483551,0,24.32818002,90.24605765,1.171,3.962167436
4,15,22.5,-8.591549296,0,0,0,0,26.80514644,0,24.29798064,90.64581871,1.673,3.962167436
4,15,23,-8.098591549,0,0,0,0,26.79525008,0,24.06645202,90.84569923,1.766,3.962167436
4,15,23.5,-8.169014085,0,0,0,0,26.78535372,0,24.04631909,90.9456395,0.743,3.962167436
4,16,0,-15.63380282,0,0,0,0,26.765561,0,23.98592032,90.9456395,0.212,3.962167436
4,16,0.5,-22.46478873,0,0,0,0,26.73587192,0,24.05638556,91.44534081,0.876,3.962167436
4,16,1,-17.32394366,0,0,0,0,26.67649377,0.1,23.77452463,91.64522134,1.596,3.962167436
4,16,1.5,-25.28169014,0,0,0,0,26.63690834,0,23.52286308,92.04498239,1.492,3.962167436
4,16,2,-26.83098592,0,0,0,0,26.60721926,0,23.40206554,92.54468371,1.561,3.962167436
4,16,2.5,-32.25352113,0,0,0,0,26.56763383,0,23.30140092,92.74456423,1.611,3.962167436
4,16,3,-35.91549296,0,0,0,0,26.52804839,0,23.00947353,93.24426555,1.907,3.962167436
4,16,3.5,-35.14084507,0,0,0,0,26.46867024,0,22.79807783,93.44414608,1.831,3.942341374
4,16,4,-36.4084507,0,0,0,0,26.41918845,0,22.64708091,93.44414608,1.161,3.942341374
4,16,4.5,-37.25352113,0,0,0,0,26.34001758,0,22.23435597,93.94384739,1.152,3.942341374
4,16,5,-36.90140845,0,0,0,0,26.27074306,0,22.12362489,93.94384739,0.949,3.942341374
4,16,5.5,-17.53521127,0,0,0,0,26.19157219,0,22.16389074,94.14372792,1.329,3.942341374
4,16,6,-4.788732394,0.6,0,0.792167052,0,26.1420904,0,22.41555229,94.44354871,0.952,3.942341374
4,16,6.5,12.46478873,28.8,6.2,28.25395819,0.515772317,26.11240133,0,22.7276126,94.44354871,0.774,3.942341374
4,16,7,29.22535211,139.8,34,149.7195729,5.415609333,26.09260861,0,23.25106861,94.04378766,1.585,3.942341374
4,16,7.5,130.2112676,250,62,275.6741342,10.31544635,26.0233341,0,23.84498986,92.8445045,1.544,3.942341374
4,16,8,227.5352113,355.4,84.4,388.9540226,13.41008025,26.0233341,0,24.26778125,91.54528108,1.667,3.942341374
4,16,8.5,322.3239437,364,103.8,374.6950157,16.246828,26.13219404,0,24.77110434,89.44653555,1.4,3.942341374
4,16,9,421.6197183,416.2,125.8,505.666635,19.08357575,26.32022486,0,25.53615544,87.24784976,1.422,3.922227279
4,16,9.5,504.7887324,636.4,145.4,701.5959526,21.66243733,26.58742654,0,26.30120653,83.84988081,1.57,3.922227279
4,16,10,595.0704225,749.8,161,815.1398967,24.24129892,26.8843173,0,27.00585886,80.45191186,1.498,3.901818108
4,16,10.5,640.1408451,798.8,167.8,873.4962029,25.27284356,27.34944616,0,27.99237211,77.03395486,1.613,3.901818108
4,16,11,600,737,154.4,815.4039524,23.7255266,27.79478231,0,28.47556228,74.34556178,1.322,3.881106577
4,16,11.5,704.2253521,855,179.8,936.8695671,27.85170514,28.25991117,0.1,29.33121153,71.58721052,1.486,3.881106577
4,16,12,719.7183099,875.8,186.2,957.2018547,28.36747746,28.50732013,0,29.95533216,68.26919378,1.428,3.860085144
4,16,12.5,650,777.8,166.6,856.8606948,25.78861587,28.39846019,0,30.51905402,66.74010775,1.783,3.860085144
4,16,13,687.3239437,831.4,183.8,908.8796645,28.1095913,28.45783834,0,30.81098141,65.90060954,1.819,3.838746003
4,16,13.5,467.5352113,586.6,131.2,659.0829874,21.14666502,28.61618008,0,30.85124726,65.86063344,1.744,3.838746003
4,16,14,551.971831,679,155,761.5365928,25.0149574,28.69535095,0,31.24383927,64.74130249,2.071,3.817081071
4,16,14.5,510.915493,634.6,150.2,710.8379015,24.24129892,28.52711285,0,31.74716235,62.58259281,1.743,3.817081071
4,16,15,414.1549296,524.8,131,593.0690664,21.40455117,28.41825291,0,32.03908975,61.88301096,1.617,3.795081971
4,16,15.5,322.1126761,424,113,483.4859575,18.82568959,28.39846019,0,32.29075129,59.8842057,1.798,3.795081971
4,16,16,218.5211268,308,88.4,355.6830064,14.95739721,28.42814926,0,32.26055191,59.80425349,1.467,3.795081971
4,16,16.5,148.1690141,234,74.4,268.0165193,12.63642178,28.41825291,0,32.4719476,60.01412804,1.773,3.772740025
4,16,17,40.63380282,94.4,31,113.8079998,5.673495492,28.48752742,0,31.55589958,64.08169675,2.36,3.772740025
4,16,17.5,-0.774647887,34,10,39.60835261,1.805203111,28.76462546,0,30.53918694,70.06811852,2.111,3.795081971
4,16,18,-19.01408451,2.6,0.6,2.376501157,0,28.86358905,0,29.61307246,75.30498831,2.32,3.795081971
4,16,18.5,-20.14084507,0,0,0,0,28.84379633,0.1,28.9688189,78.8328796,2.023,3.795081971
4,16,19,-32.3943662,0,0,0,0,28.68545459,0,28.7070909,80.45191186,1.526,3.795081971
4,16,19.5,-34.08450704,0,0,0,0,28.51721649,0,27.61991303,82.75053792,1.545,3.795081971
4,16,20,-35.14084507,0,0,0,0,28.38856383,0,27.14678932,85.34898476,1.941,3.795081971
4,16,20.5,-36.12676056,0,0,0,0,28.21042937,0,26.58306746,87.04796923,2.173,3.795081971
4,16,21,-35,0,0,0,0,28.05208763,0,26.22067484,87.64761081,1.725,3.795081971
4,16,21.5,-32.81690141,0,0,0,0,27.92343497,0,25.81801637,88.04737186,1.234,3.795081971
4,16,22,-31.26760563,0,0,0,0,27.78488595,0,25.78781698,88.94683423,1.733,3.795081971
4,16,22.5,-35.56338028,0,0,0,0,27.676026,0,25.60662067,89.54647581,1.808,3.795081971
4,16,23,-31.83098592,0,0,0,0,27.58695877,0,25.51602251,89.44653555,0.817,3.795081971
4,16,23.5,-31.76056338,0,0,0,0,27.52758062,0,25.04289881,90.34599792,1.107,3.795081971
4,17,0,-30.28169014,0,0,0,0,27.48799519,0,24.90196834,90.9456395,0.744,3.795081971
4,17,0.5,-31.83098592,0,0,0,0,27.39892796,0,24.82143665,91.64522134,1.391,3.795081971
4,17,1,-31.54929577,0,0,0,0,27.32965345,0,24.61004095,91.7451616,0.692,3.795081971
4,17,1.5,-31.05633803,0,0,0,0,27.26037894,0,24.52950926,92.24486292,1.182,3.795081971
4,17,2,-31.4084507,0,0,0,0,27.20100078,0,24.37851233,92.54468371,0.823,3.795081971
4,17,2.5,-31.1971831,0,0,0,0,27.11193356,0,24.18724956,92.74456423,1.038,3.795081971
4,17,3,-32.25352113,0,0,0,0,27.0525554,0,24.11678433,92.8445045,0.663,3.795081971
4,17,3.5,-30.91549296,0,0,0,0,26.98328089,0,24.00605325,93.04438502,0.924,3.795081971
4,17,4,-33.23943662,0,0,0,0,26.9337991,0.1,23.88525571,93.44414608,0.487,3.795081971
4,17,4.5,-30.63380282,0,0,0,0,26.89421366,0,23.77452463,93.34420581,0.231,3.795081971
4,17,5,-29.57746479,0,0,0,0,26.85462823,0,23.6235277,94.04378766,1.139,3.795081971
4,17,5.5,-29.78873239,0,0,0,0,26.79525008,0,23.68392647,94.04378766,1.339,3.795081971
4,17,6,-29.15492958,2.4,0.4,2.904612525,0,26.73587192,0,23.88525571,94.14372792,1.526,3.795081971
4,17,6.5,-16.05633803,17,4.8,26.66962409,1.289430794,26.68639013,0,24.02618617,94.34360844,0.327,3.795081971
4,17,7,51.1971831,146.8,34.2,148.6633501,5.931381651,26.65670105,0,24.8617025,94.54348897,0.759,3.795081971
4,17,7.5,111.5492958,249.2,59.6,268.280575,10.31544635,26.5973229,0,25.47575667,93.74396687,1.469,3.795081971
4,17,8,206.8309859,341.4,79.6,376.5434055,12.89430794,26.63690834,0,26.13007668,92.94444476,1.567,3.772740025
4,17,8.5,326.056338,369,101.6,371.5263475,15.98894184,26.77545736,0,26.55286808,91.44534081,1.654,3.772740025
4,17,9,416.7605634,349,118.4,472.6596745,18.82568959,26.96348817,0,27.23738748,89.0467745,2.21,3.772740025
4,17,9.5,499.9295775,576.6,133.8,689.9775025,21.14666502,27.2207935,0,27.97223919,85.84868607,2.384,3.750046232
4,17,10,554.2253521,686,145.4,760.4803701,22.95186813,27.62654421,0,28.80775552,81.75113528,1.949,3.750046232
4,17,10.5,654.2253521,794.6,168,872.4399801,26.30438819,27.97291676,0,29.70367061,76.24442678,1.903,3.726991262
4,17,11,540.7042254,643.6,139.2,721.9282402,22.17820965,28.30939296,0,30.60965217,71.92700741,2.496,3.726991262
4,17,11.5,508.5211268,605.6,130.6,682.0558319,20.88877886,28.56669829,0,31.05257649,69.59839928,1.977,3.726991262
4,17,12,201.056338,259.8,58.4,288.0847513,9.283901714,28.77452182,0,30.78078202,67.46967167,3.267,3.703565429
4,17,12.5,-37.53521127,47.4,10,62.31714144,1.805203111,29.23965068,0,25.73748467,77.75352476,5.643,3.703565429
4,17,13,9.577464789,77,16.2,97.17249174,3.352520064,29.28913247,0,25.68715236,82.65059765,1.795,3.703565429
4,17,13.5,38.02816901,84.4,18.4,102.1895497,3.352520064,28.65576551,0.1,26.03947853,84.34958213,0.882,3.726991262
4,17,14,27.32394366,61.6,13.6,74.99181427,2.578861587,28.14115486,0,26.07974437,87.1479095,2.326,3.726991262
4,17,14.5,9.295774648,33.4,8,40.13646398,1.805203111,27.88384953,0,25.63682005,88.24725239,2.676,3.726991262
4,17,15,5.352112676,34.4,8.4,40.92863103,1.805203111,27.77498959,0,25.50595605,88.94683423,2.247,3.726991262
4,17,15.5,26.4084507,60.8,14.8,69.18258922,2.320975429,27.73540415,0,25.36502559,89.8462966,2.303,3.726991262
4,17,16,206.2676056,282.6,73.4,316.3387095,11.60487714,27.69581872,0,25.8884816,89.44653555,1.324,3.726991262
4,17,16.5,201.971831,294,85.2,329.5414937,13.66796641,27.53747698,0,26.64346623,86.34838739,1.704,3.726991262
4,17,17,109.7887324,178.4,58.8,181.1421993,8.768129397,27.40882432,0,27.00585886,84.1497016,1.925,3.726991262
4,17,17.5,18.30985915,44.8,13.4,42.24890945,1.805203111,27.58695877,0,26.86492839,83.45011976,3.011,3.726991262
4,17,18,-15.28169014,0.6,0,0.792167052,0,27.95312405,0,26.35153884,84.54946265,1.177,3.726991262
4,17,18.5,-17.11267606,0,0,0,0,28.09167307,0,26.16027607,86.44832765,1.745,3.726991262
4,17,19,-18.8028169,0,0,0,0,28.00260584,0,25.87841514,87.9474316,1.25,3.726991262
4,17,19.5,-18.73239437,0,0,0,0,27.89374589,0,25.64688652,89.34659529,1.852,3.726991262
4,17,20,-21.33802817,0,0,0,0,27.77498959,0,25.36502559,90.54587844,2.487,3.726991262
4,17,20.5,-19.78873239,0,0,0,0,27.66612964,0,25.16369635,90.84569923,1.239,3.726991262
4,17,21,-17.32394366,0,0,0,0,27.58695877,0,25.15362989,91.44534081,1.815,3.726991262
4,17,21.5,-19.50704225,0,0,0,0,27.51768426,0,25.04289881,91.84510187,2.326,3.726991262
4,17,22,-25,0,0,0,0,27.47809883,0,24.84156957,91.94504213,1.675,3.726991262
4,17,22.5,-21.26760563,0,0,0,0,27.43851339,0,24.89190188,92.34480318,1.304,3.726991262
4,17,23,-20.77464789,0,0,0,0,27.39892796,0,24.90196834,92.64462397,0.975,3.750046232
4,17,23.5,-27.53521127,0,0,0,0,27.35934252,0,24.69057265,93.24426555,1.386,3.750046232
4,18,0,-21.1971831,0,0,0,0,27.33954981,0.1,24.55970864,93.34420581,0.673,3.750046232
4,18,0.5,-25.84507042,0,0,0,0,27.29996437,0,24.53957572,93.74396687,0.828,3.750046232
4,18,1,-30.42253521,0,0,0,0,27.26037894,0,24.45904403,93.6440266,0.158,3.750046232
4,18,1.5,-34.64788732,0,0,0,0,27.20100078,0,24.50937634,94.04378766,1.494,3.750046232
4,18,2,-34.36619718,0,0,0,0,27.15151899,0,24.14698371,94.44354871,0.964,3.750046232
4,18,2.5,-33.94366197,0,0,0,0,27.11193356,0,23.84498986,94.84330976,1.004,3.750046232
4,18,3,-32.3943662,0,0,0,0,27.07234812,0,23.70405939,94.7433695,0.534,3.750046232
4,18,3.5,-27.04225352,0,0,0,0,27.00307361,0,23.71412585,94.94325002,1.296,3.750046232
4,18,4,-34.78873239,0,0,0,0,26.94369546,0,23.82485693,95.24307081,1.949,3.750046232
4,18,4.5,-28.45070423,0,0,0,0,26.8843173,0,23.88525571,95.24307081,1.858,3.750046232
4,18,5,-10.21126761,0,0,0,0,26.85462823,0,23.99598678,95.5428916,2.091,3.750046232
4,18,5.5,-7.676056338,0,0,0,0,26.82493915,0,24.16711663,95.64283187,2.559,3.750046232
4,18,6,-24.92957746,3.8,0.8,3.432723893,0,26.82493915,0,24.1771831,95.74277213,2.011,3.750046232
4,18,6.5,-0.492957746,52,12.4,51.22680271,1.805203111,26.85462823,0,24.14698371,95.94265266,1.006,3.750046232
4,18,7,54.71830986,138.6,33.4,145.4946819,5.415609333,26.85462823,0,24.50937634,95.94265266,1.376,3.750046232
4,18,7.5,72.74647887,216.2,53,238.4422827,9.283901714,26.78535372,0,25.08316466,94.84330976,1.609,3.750046232
4,18,8,130.3521127,209.2,49.8,241.8750066,8.768129397,26.82493915,0,25.23416158,94.04378766,1.64,3.750046232
4,18,8.5,176.5492958,234,54.4,269.8649091,9.283901714,26.98328089,0,25.51602251,93.34420581,1.321,3.750046232
4,18,9,236.9014085,296.8,70,344.8567234,12.12064946,27.18120807,0,26.04954499,92.74456423,0.787,3.750046232
4,18,9.5,273.2394366,355.2,80.6,405.325475,13.41008025,27.31975709,0,26.3616053,91.34540055,0.87,3.750046232
4,18,10,456.4084507,577.8,125.8,648.2567044,20.11512038,27.51768426,0,27.0461247,89.44653555,0.871,3.750046232
4,18,10.5,619.7183099,764.8,160.2,844.7141333,25.78861587,27.75519687,0,27.69037826,85.34898476,1.342,3.726991262
4,18,11,706.3380282,849.4,178.2,927.8916738,28.1095913,28.12136214,0,28.74735674,80.55185213,1.414,3.726991262
4,18,11.5,700.7042254,835.2,172.8,924.1948942,27.85170514,28.56669829,0,29.71373708,75.02515557,1.705,3.703565429
4,18,12,709.1549296,837,174,926.3073397,27.59381898,28.96255263,0,30.55931986,69.59839928,1.519,3.703565429
4,18,12.5,650,762.8,161.6,854.4841936,26.04650203,28.93286356,0,31.09284234,65.51084252,2.153,3.679758684
4,18,13,697.8873239,812.2,175.8,897.7893258,28.36747746,28.90317448,0,31.64649774,60.71370988,2.175,3.679758684
4,18,13.5,653.5211268,781.6,172.6,873.2321472,27.85170514,28.95265628,0,32.62294453,56.3163383,1.346,3.65556059
4,18,14,355.6338028,434,98.4,489.2951826,16.246828,29.01203443,0,32.71354269,57.93537057,1.253,3.65556059
4,18,14.5,166.6901408,229.6,53,267.7524636,9.283901714,29.40788878,0,32.09948852,60.77367404,1.224,3.65556059
4,18,15,171.4788732,235.4,55,273.297633,9.799674032,29.75426133,0.1,31.50556727,64.36152949,2.526,3.65556059
4,18,15.5,115.2816901,172.4,40.8,202.266654,7.220812445,29.72457226,0,30.82104787,68.20922962,3.153,3.630960307
4,18,16,186.4084507,267.8,72,303.9280924,12.12064946,29.67509046,0,29.02921767,75.52485689,3.965,3.630960307
4,18,16.5,98.38028169,160.8,45,188.5357584,8.252357079,29.29902883,0,28.22390073,76.12449847,2.753,3.630960307
4,18,17,9.788732394,50.6,13.6,63.63741986,2.578861587,29.10110166,0,27.7306441,76.05454028,1.506,3.630960307
4,18,17.5,-17.95774648,14.2,3.6,18.2198422,0.515772317,29.03182715,0,27.65011241,77.5436502,0.686,3.630960307
4,18,18,-30.14084507,0.6,0,0.792167052,0,28.9229672,0,27.26758686,79.90224041,1.217,3.65556059
4,18,18.5,-33.8028169,0,0,0,0,28.78441818,0,26.83472901,82.35077686,1.424,3.65556059
4,18,19,-34.15492958,0,0,0,0,28.586491,0,26.59313392,83.65000028,0.602,3.65556059
4,18,19.5,-30.84507042,0,0,0,0,28.39846019,0,26.45220346,85.64880555,0.298,3.65556059
4,18,20,-30.21126761,0,0,0,0,28.25001481,0,26.19047545,86.54826792,0.01,3.65556059
4,18,20.5,-30.56338028,0,0,0,0,28.09167307,0,25.95894683,88.44713292,0.005,3.65556059
4,18,21,-31.33802817,0,0,0,0,27.97291676,0,25.96901329,89.34659529,0.005,3.65556059
4,18,21.5,-31.1971831,0,0,0,0,27.87395318,0,25.72741821,89.94623686,0.619,3.65556059
4,18,22,-30.07042254,0,0,0,0,27.80467867,0,25.37509205,90.64581871,1.811,3.65556059
4,18,22.5,-29.57746479,0,0,0,0,27.73540415,0,25.32475974,90.74575897,1.139,3.65556059
4,18,23,-27.53521127,0,0,0,0,27.65623328,0,25.31469328,91.34540055,0.781,3.65556059
4,18,23.5,-31.12676056,0,0,0,0,27.58695877,0,25.13349697,92.24486292,0.959,3.65556059
4,19,0,-31.47887324,0,0,0,0,27.54737334,0,24.79123727,92.34480318,0.946,3.65556059
4,19,0.5,-31.76056338,0,0,0,0,27.49789154,0,24.71070557,92.54468371,1.131,3.65556059
4,19,1,-32.32394366,0,0,0,0,27.42861703,0,24.87176896,92.64462397,1.677,3.65556059
4,19,1.5,-33.23943662,0,0,0,0,27.33954981,0,24.97243358,92.8445045,1.883,3.65556059
4,19,2,-31.83098592,0,0,0,0,27.27027529,0,24.70063911,92.8445045,1.513,3.65556059
4,19,2.5,-32.6056338,0,0,0,0,27.25048258,0,24.69057265,93.44414608,2.301,3.65556059
4,19,3,-33.66197183,0,0,0,0,27.18120807,0,24.97243358,93.44414608,2.838,3.65556059
4,19,3.5,-33.30985915,0,0,0,0,27.15151899,0,24.75097142,93.54408634,3.103,3.65556059
4,19,4,-31.83098592,0,0,0,0,27.16141535,0,24.61004095,93.34420581,2.838,3.65556059
4,19,4.5,-31.76056338,0,0,0,0,27.15151899,0,24.64024034,93.34420581,2.254,3.65556059
4,19,5,-31.76056338,0,0,0,0,27.15151899,0,24.62010741,93.44414608,2.012,3.65556059
4,19,5.5,-31.4084507,0,0,0,0,27.15151899,0,24.5194428,93.44414608,0.675,3.65556059
4,19,6,-29.08450704,1.4,0.2,1.848389788,0,27.16141535,0.1,24.1771831,93.84390713,0.393,3.65556059
4,19,6.5,-7.676056338,31.4,7.6,34.32723893,1.031544635,27.14162263,0,24.06645202,94.54348897,1.191,3.65556059
4,19,7,61.26760563,142.8,33.4,147.8711831,5.415609333,27.07234812,0,24.93216773,94.64342923,0.59,3.65556059
4,19,7.5,112.3943662,316,75.4,329.8055494,12.12064946,26.99317725,0,26.27100715,92.74456423,1.047,3.65556059
4,19,8,221.9014085,329.2,77.4,362.0203429,12.63642178,26.97338453,0,26.45220346,90.34599792,1.572,3.65556059
4,19,8.5,330.6338028,389.4,102.8,369.6779577,17.02048648,27.08224448,0,26.89512778,87.34779002,2.168,3.65556059
4,19,9,371.1267606,316.4,107,445.461939,17.79414495,27.27027529,0,27.50918195,82.75053792,2.92,3.630960307
4,19,9.5,492.7464789,579.4,134.2,692.3540036,21.92032349,27.51768426,0,28.48562874,76.2144447,3.654,3.630960307
4,19,10,545.0704225,676.4,143.2,751.7665325,23.46764044,27.79478231,0,29.41174322,70.61778997,3.75,3.605946568
4,19,10.5,562.8873239,682,143.6,761.5365928,23.46764044,28.10156943,0,30.21706016,67.79947454,3.582,3.605946568
4,19,11,667.6056338,789,164.6,874.5524256,26.82016051,28.39846019,0,30.91164603,65.49085446,3.214,3.580507661
4,19,11.5,690.1408451,818.6,171.8,905.975052,27.85170514,28.77452182,0,31.34450388,64.08169675,3.379,3.580507661
4,19,12,556.4084507,662.8,142,739.0918597,22.95186813,29.00213807,0,31.77736174,62.53262267,3.351,3.554631403
4,19,12.5,588.7323944,713.2,155.2,793.4873306,25.0149574,28.97244899,0,32.01895682,61.36332159,3.46,3.554631403
4,19,13,668.3098592,790.4,173.8,873.7602586,28.62536362,28.90317448,0,32.71354269,58.07528694,3.976,3.528305116
4,19,13.5,548.3802817,644.8,145.4,726.9452982,23.98341276,28.93286356,0,33.1061347,56.86600975,3.284,3.528305116
4,19,14,313.8732394,385.8,90.8,445.461939,15.73105568,29.23965068,0,32.61287807,61.28336938,2.765,3.501515604
4,19,14.5,189.084507,244.2,58.6,284.9160831,10.05756019,29.43757785,0,32.72360915,60.35392494,1.448,3.501515604
4,19,15,176.6197183,231.4,55.2,262.9994613,9.283901714,29.48705965,0,32.44174822,61.76308265,2.45,3.501515604
4,19,15.5,227.2535211,295.4,72.6,327.6931039,11.8627633,29.58602323,0,30.6297851,66.43029294,2.644,3.501515604
4,19,16,112.9577465,168.2,44.6,193.0247051,7.736584762,29.47716329,0,30.48885463,67.07990465,2.362,3.501515604
4,19,16.5,51.47887324,90.2,22.6,110.1112203,4.384064698,29.45737057,0,29.16008168,70.43789749,1.513,3.501515604
4,19,17,20.98591549,54.6,14.6,66.2779767,2.836747746,29.42768149,0.1,29.36141091,73.84586047,1.514,3.501515604
4,19,17.5,-9.366197183,15.2,4,19.27606494,0.515772317,29.20006524,0,29.61307246,76.06453431,1.3,3.501515604
4,19,18,-29.71830986,0.6,0,0.792167052,0,29.10110166,0,29.48220845,79.05274818,1.368,3.501515604
4,19,18.5,-32.3943662,0,0,0,0,29.05161986,0,28.61649274,82.2508366,1.427,3.501515604
4,19,19,-31.97183099,0,0,0,0,28.94275992,0,28.08297027,85.44892502,1.957,3.501515604
4,19,19.5,-31.1971831,0,0,0,0,28.77452182,0,27.69037826,86.94802897,2.291,3.501515604
4,19,20,-30.28169014,0,0,0,0,28.61618008,0,27.4689161,87.04796923,2.221,3.501515604
4,19,20.5,-30.98591549,0,0,0,0,28.4677347,0,27.19712163,86.84808871,2.332,3.501515604
4,19,21,-29.92957746,0,0,0,0,28.37866747,0,27.0461247,87.54767055,2.262,3.528305116
4,19,21.5,-27.88732394,0,0,0,0,28.33908204,0,26.92532716,88.14731213,0.881,3.528305116
4,19,22,-24.15492958,0,0,0,0,28.30939296,0,26.75419731,89.64641608,2.228,3.528305116
4,19,22.5,-14.57746479,0,0,0,0,28.24011845,0,26.50253577,89.0467745,2.249,3.528305116
4,19,23,-17.3943662,0,0,0,0,28.17084394,0,26.37167176,89.44653555,1.807,3.528305116
4,19,23.5,-13.87323944,0,0,0,0,28.15105122,0,26.22067484,90.24605765,1.629,3.528305116
4,20,0,-22.67605634,0,0,0,0,28.12136214,0,26.16027607,90.04617713,1.387,3.528305116
4,20,0.5,-22.95774648,0,0,0,0,28.07188035,0,26.02941206,90.04617713,1.034,3.528305116
4,20,1,-18.87323944,0,0,0,0,28.03229492,0,25.8884816,90.54587844,0.937,3.528305116
4,20,1.5,-14.29577465,0,0,0,0,27.98281312,0,26.05961145,90.74575897,0.149,3.528305116
4,20,2,-12.74647887,0,0,0,0,27.93333133,0,26.06967791,90.84569923,0.632,3.528305116
4,20,2.5,-20.70422535,0,0,0,0,27.89374589,0,26.31127299,91.34540055,1.088,3.528305116
4,20,3,-32.67605634,0,0,0,0,27.86405682,0,26.18040899,91.54528108,1.103,3.528305116
4,20,3.5,-29.71830986,0,0,0,0,27.8442641,0,25.84821575,92.24486292,0.057,3.528305116
4,20,4,-27.46478873,0,0,0,0,27.79478231,0,25.5462219,93.14432529,0.659,3.528305116
4,20,4.5,-16.97183099,0,0,0,0,27.74530051,0,25.42542436,93.04438502,0.586,3.528305116
4,20,5,-15.63380282,0,0,0,0,27.69581872,0,25.7576176,93.24426555,1.179,3.528305116
4,20,5.5,-19.71830986,0,0,0,0,27.64633693,0,25.84821575,93.34420581,1.533,3.528305116
4,20,6,-17.74647887,1.4,0.2,1.584334104,0,27.61664785,0,25.79788344,93.54408634,1.57,3.528305116
4,20,6.5,5.352112676,46,9.8,47.53002313,1.805203111,27.62654421,0.1,25.68715236,93.54408634,1.066,3.528305116
4,20,7,35.56338028,141.4,34.4,151.0398513,6.18926781,27.60675149,0,26.31127299,93.34420581,1.697,3.528305116
4,20,7.5,133.4507042,240.4,58.2,264.8478511,10.57333251,27.53747698,0,26.703865,92.74456423,1.972,3.528305116
4,20,8,232.3943662,348.4,81,388.1618556,13.92585257,27.5572697,0,27.18705517,91.54528108,1.886,3.528305116
4,20,8.5,328.6619718,382.4,100.4,318.1870993,17.27837264,27.62654421,0,27.84137518,89.24665502,1.969,3.528305116
4,20,9,413.5211268,316.8,117,512.2680271,20.11512038,27.81457502,0,28.39503058,85.64880555,1.612,3.501515604
4,20,9.5,496.2676056,605.8,131.4,693.1461707,22.17820965,28.05208763,0,29.19028106,79.95221055,1.577,3.501515604
4,20,10,560.3521127,688,142.8,768.1379849,23.98341276,28.41825291,0,30.43852232,73.78589631,1.555,3.474249121
4,20,10.5,625.3521127,742.4,152.4,829.927015,26.04650203,28.68545459,0,31.20357342,67.60958804,1.835,3.446491342
4,20,11,678.8732394,808,166.4,897.7893258,28.36747746,28.96255263,0,32.09948852,62.82244944,2.096,3.446491342
4,20,11.5,743.6619718,852.8,177,942.1506807,29.91479441,29.27923611,0,32.92493838,59.23459399,1.991,3.418227335
4,20,12,594.3661972,722,152,799.0325,25.53072971,29.51674872,0,33.55912548,58.12525707,1.343,3.389441522
4,20,12.5,229.8591549,283.8,65.8,324.5244357,11.60487714,29.46726693,0,33.156467,59.37451036,1.87,3.389441522
4,20,13,228.7323944,306,70.4,346.7051132,12.12064946,29.73446861,0,33.18666639,59.36451633,0.632,3.389441522
4,20,13.5,137.0422535,184,43,210.1883245,7.736584762,29.77405405,0,33.01553654,61.99294525,2.39,3.389441522
4,20,14,-21.90140845,26.8,6.4,32.21479346,1.289430794,29.99177394,0,28.7070909,71.21743154,3.758,3.389441522
4,20,14.5,3.802816901,60.8,13.8,70.23881196,2.320975429,30.27876834,0.1,25.95894683,82.05095607,2.222,3.389441522
4,20,15,24.71830986,94.4,21.4,106.150385,3.352520064,29.72457226,0,26.37167176,86.74814844,1.542,3.389441522
4,20,15.5,43.52112676,103.8,23,116.184501,3.352520064,29.0912053,0,26.93539362,88.34719265,1.062,3.389441522
4,20,16,43.87323944,86.4,19.2,96.116269,3.352520064,28.76462546,0,27.16692225,89.14671476,2.25,3.389441522
4,20,16.5,21.76056338,52.6,11.8,59.6765846,2.06308927,28.59638736,0,26.82466254,90.04617713,1.926,3.389441522
4,20,17,1.267605634,19.6,4.8,21.12445473,0.515772317,28.53700921,0,26.95552655,90.44593818,0.899,3.389441522
4,20,17.5,-14.78873239,7.2,1.8,7.921670522,0,28.51721649,0,27.03605824,91.14552002,1.558,3.389441522
4,20,18,-24.92957746,0.4,0,0.264055684,0,28.49742377,0,26.83472901,91.64522134,1.669,3.418227335
4,20,18.5,-22.88732394,0,0,0,0,28.48752742,0,26.60320039,92.14492265,1.274,3.418227335
4,20,19,-21.69014085,0,0,0,0,28.42814926,0,26.32133946,92.44474344,1.969,3.418227335
4,20,19.5,-22.11267606,0,0,0,0,28.36877111,0,26.20054191,92.54468371,0.952,3.418227335
4,20,20,-16.26760563,0,0,0,0,28.2994966,0,26.17034253,93.04438502,0.922,3.418227335
4,20,20.5,-26.61971831,0,0,0,0,28.23022209,0,26.24080776,92.94444476,0.917,3.418227335
4,20,21,-28.30985915,0,0,0,0,28.16094758,0,26.03947853,92.8445045,0.938,3.418227335
4,20,21.5,-17.18309859,0,0,0,0,28.09167307,0,26.0998773,93.34420581,0.768,3.418227335
4,20,22,-23.38028169,0,0,0,0,28.05208763,0,26.07974437,93.6440266,0.556,3.418227335
4,20,22.5,-27.81690141,0,0,0,0,28.02239856,0,25.95894683,93.74396687,1.108,3.418227335
4,20,23,-26.47887324,0,0,0,0,27.97291676,0,25.77775052,94.04378766,1.371,3.418227335
4,20,23.5,-24.78873239,0,0,0,0,27.93333133,0,25.72741821,94.14372792,0.397,3.418227335
4,21,0,-23.5915493,0,0,0,0,27.87395318,0.1,25.61668713,94.14372792,0.445,3.418227335
4,21,0.5,-24.71830986,0,0,0,0,27.81457502,0,25.57642128,94.34360844,1.28,3.418227335
4,21,1,-23.8028169,0,0,0,0,27.76509323,0,25.52608898,94.54348897,1.29,3.418227335
4,21,1.5,-25.35211268,0,0,0,0,27.73540415,0,25.4656902,94.94325002,1,3.418227335
4,21,2,-21.97183099,0,0,0,0,27.69581872,0,25.42542436,95.04319029,1.036,3.418227335
4,21,2.5,-7.605633803,0,0,0,0,27.66612964,0,25.50595605,95.04319029,0.735,3.418227335
4,21,3,-12.74647887,0,0,0,0,27.65623328,0,25.77775052,95.14313055,0.2,3.418227335
4,21,3.5,-11.54929577,0,0,0,0,27.64633693,0,25.82808283,95.14313055,0.167,3.418227335
4,21,4,-10.42253521,0,0,0,0,27.66612964,0,25.90861452,95.14313055,0.58,3.418227335
4,21,4.5,-8.943661972,0,0,0,0,27.69581872,0,25.8884816,95.44295134,0.535,3.418227335
4,21,5,-4.577464789,0,0,0,0,27.70571508,0,25.78781698,95.5428916,0.135,3.446491342
4,21,5.5,-2.253521127,0,0,0,0,27.7255078,0,25.82808283,95.74277213,0.421,3.446491342
4,21,6,-2.394366197,1.4,0.2,1.584334104,0,27.73540415,0.1,25.85828221,95.74277213,0.2,3.446491342
4,21,6.5,10.91549296,18.2,4,22.18067746,0.773658476,27.7255078,0,25.8079499,95.84271239,1.11,3.446491342
4,21,7,33.38028169,46.8,10,56.24386071,1.805203111,27.7255078,0,25.8079499,95.94265266,1.162,3.446491342
4,21,7.5,57.04225352,76,16.2,91.89137805,3.610406222,27.74530051,0,25.78781698,96.04259292,0.914,3.446491342
4,21,8,106.1971831,147.8,33,170.5799719,6.18926781,27.77498959,0,25.92874745,96.14253318,0.808,3.446491342
4,21,8.5,228.4507042,301.2,77.8,322.4119902,12.89430794,27.81457502,10.9,26.43207054,96.14253318,0.752,3.446491342
4,21,9,357.3943662,356.8,102.6,471.6034517,17.27837264,27.88384953,0,27.18705517,94.7433695,0.962,3.446491342
4,21,9.5,450.0704225,565,122.6,619.4746348,20.37300654,28.00260584,0,27.66017887,93.24426555,1.436,3.418227335
4,21,10,333.1690141,423.8,90.2,489.0311269,15.98894184,28.25001481,0,27.84137518,92.54468371,1.105,3.418227335
4,21,10.5,651.4084507,778,161,857.9169175,26.82016051,28.57659464,0,28.58629336,90.84569923,1.324,3.418227335
4,21,11,546.7605634,662.8,137.4,743.5808063,23.7255266,28.87348541,0,29.12988229,87.9474316,1.502,3.389441522
4,21,11.5,625.3521127,735.6,151.4,825.1740127,25.78861587,29.20006524,0,29.46207553,84.04976134,1.411,3.389441522
4,21,12,707.7464789,813.4,167.2,905.182885,28.36747746,29.47716329,0,30.25732601,78.48308868,1.253,3.360117648
4,21,12.5,617.6056338,717.2,149.2,806.4260591,25.78861587,29.3781997,0,31.09284234,71.92700741,1.603,3.330238739
4,21,13,649.2957746,751.8,161.4,829.927015,27.59381898,29.40788878,0,32.37128299,65.98056175,1.731,3.330238739
4,21,13.5,606.3380282,728.2,159.8,813.8196183,27.33593283,29.3781997,0,33.18666639,59.48444465,1.562,3.299787062
4,21,14,126.056338,172.2,39.4,208.8680461,7.736584762,29.56623052,0,33.29739747,59.15464178,1.733,3.299787062
4,21,14.5,18.09859155,76.6,18,88.72270985,3.352520064,30.1699084,0,30.81098141,65.48086044,4.305,3.299787062
4,21,15,76.69014085,122.4,29.2,139.6854569,4.899837016,30.40742101,0,28.23396719,70.63777802,3.036,3.299787062
4,21,15.5,63.16901408,108.4,25,122.7858931,4.384064698,30.07094481,0,27.7306441,72.46668483,2.369,3.299787062
4,21,16,33.87323944,73.2,18,81.06509501,3.352520064,29.67509046,0,27.89170749,74.5054662,1.514,3.299787062
4,21,16.5,135.6338028,208.2,62,222.0708303,10.05756019,29.29902883,0,28.54602751,74.20564541,1.949,3.299787062
4,21,17,45.56338028,86.6,23.8,96.90843605,4.12617854,28.84379633,0,29.56274015,69.41850681,1.103,3.299787062
4,21,17.5,-19.50704225,15.2,4,18.48389788,0.773658476,28.84379633,0,29.84460108,73.61599786,0.604,3.299787062
4,21,18,-19.01408451,0.4,0,0.528111368,0,29.11099802,0,28.58629336,77.94341126,1.756,3.299787062
4,21,18.5,-14.50704225,0,0,0,0,29.12089437,0,27.64004595,79.46250326,2.182,3.330238739
4,21,19,-28.94366197,0,0,0,0,28.96255263,0,27.76084349,81.95101581,2.235,3.330238739
4,21,19.5,-30.70422535,0,0,0,0,28.79431454,0,27.83130872,84.04976134,1.452,3.330238739
4,21,20,-29.36619718,0,0,0,0,28.64586916,0,27.54944779,84.94922371,2.209,3.330238739
4,21,20.5,-26.33802817,0,0,0,0,28.54690557,0,27.11658994,86.64820818,2.255,3.330238739
4,21,21,-30,0,0,0,0,28.50732013,0,26.95552655,87.44773029,0.905,3.330238739
4,21,21.5,-29.57746479,0,0,0,0,28.4677347,0,26.80452962,88.34719265,0.201,3.330238739
4,21,22,-26.4084507,0,0,0,0,28.39846019,0,26.56293454,89.14671476,0.569,3.330238739
4,21,22.5,-27.18309859,0,0,0,0,28.32918568,0,26.442137,90.34599792,0.516,3.330238739
4,21,23,-26.69014085,0,0,0,0,28.25991117,0,26.34147238,91.04557976,0.961,3.330238739
4,21,23.5,-26.47887324,0,0,0,0,28.1807403,0,26.22067484,91.44534081,0.401,3.330238739
4,22,0,-22.18309859,0,0,0,0,28.11146579,0,26.08981083,92.04498239,0.512,3.330238739
4,22,0.5,-22.6056338,0,0,0,0,28.04219127,0,25.98914622,92.14492265,0.205,3.330238739
4,22,1,-23.52112676,0,0,0,0,28.0125022,0,25.94888037,92.44474344,0.706,3.330238739
4,22,1.5,-24.36619718,0,0,0,0,27.97291676,0,25.68715236,92.74456423,1.575,3.330238739
4,22,2,-29.22535211,0,0,0,0,27.94322769,0,25.59655421,93.04438502,1.122,3.330238739
4,22,2.5,-29.71830986,0,0,0,0,27.90364225,0,25.4656902,93.24426555,1.285,3.330238739
4,22,3,-18.38028169,0,0,0,0,27.85416046,0,25.49588959,93.6440266,1.131,3.360117648
4,22,3.5,-8.38028169,0,0,0,0,27.82447138,0,25.44555728,93.6440266,1.08,3.360117648
4,22,4,-4.225352113,0,0,0,0,27.79478231,0,25.51602251,94.04378766,1.328,3.360117648
4,22,4.5,-4.014084507,0,0,0,0,27.79478231,0,25.55628836,94.14372792,1.496,3.360117648
4,22,5,-16.12676056,0,0,0,0,27.79478231,0,25.56635482,94.34360844,0.965,3.360117648
4,22,5.5,-21.69014085,0,0,0,0,27.79478231,0,25.4656902,94.44354871,0.892,3.360117648
4,22,6,-20.07042254,1.4,0.2,1.32027842,0,27.78488595,0,25.37509205,94.54348897,1.347,3.360117648
4,22,6.5,-4.366197183,22.2,5.6,22.70878883,0.773658476,27.75519687,0,25.38515851,94.84330976,1.822,3.360117648
4,22,7,10.91549296,43,9.8,48.58624587,1.805203111,27.71561144,0,25.60662067,94.94325002,1.473,3.360117648
4,22,7.5,20.07042254,53.6,11.8,62.05308575,2.06308927,27.71561144,0,25.83814929,94.94325002,1.002,3.360117648
4,22,8,68.09859155,130,29.4,149.9836285,4.899837016,27.77498959,0,26.19047545,94.94325002,1.08,3.360117648
4,22,8.5,85.35211268,150.2,34,175.8610856,5.931381651,27.80467867,0,26.34147238,94.7433695,1.929,3.360117648
4,22,9,99.78873239,144,32.4,167.147248,5.673495492,27.85416046,0,26.32133946,94.34360844,2.966,3.360117648
4,22,9.5,109.5774648,155.2,34.6,182.4624777,6.447153968,27.92343497,0,26.41193761,93.94384739,3.071,3.360117648
4,22,10,75.35211268,137.6,32,158.6974661,5.673495492,27.97291676,0,26.573001,93.54408634,2.415,3.360117648
4,22,10.5,180.8450704,286.2,64.6,323.2041573,11.08910483,28.02239856,0,26.95552655,93.04438502,2.341,3.360117648
4,22,11,309.5070423,433,95.8,488.5030155,15.98894184,28.09167307,0,27.26758686,91.84510187,1.681,3.360117648
4,22,11.5,559.7887324,674.4,144,758.896036,24.75707124,28.25991117,0,27.90177396,88.94683423,1.798,3.330238739
4,22,12,554.7887324,642.4,138.6,723.77663,23.98341276,28.25001481,0,28.3648312,85.14910423,2.843,3.299787062
4,22,12.5,462.1830986,561,123.2,633.4695861,21.14666502,28.42814926,0,29.23054691,82.35077686,1.894,3.299787062
4,22,13,396.4084507,480.8,107.2,542.3703751,18.56780343,28.64586916,0,29.72380354,78.43311855,2.127,3.26874408
4,22,13.5,445.1408451,532.6,118,602.575071,20.6308927,28.89327812,0,30.40832294,74.3155797,1.621,3.26874408
4,22,14,325.2112676,400.8,89.8,461.3052801,15.98894184,29.06151622,0,30.60965217,71.53724039,2.824,3.26874408
4,22,14.5,170.7042254,231.2,51.6,271.7132989,9.799674032,29.42768149,0,28.52589459,80.05215081,6.835,3.26874408
4,22,15,76.97183099,126.6,27.4,151.8320183,5.157723175,29.8334322,0,26.42200407,83.65000028,5.24,3.26874408
4,22,15.5,-23.16901408,44.2,9.8,51.22680271,1.547316952,29.70477954,0.6,25.59655421,86.64820818,4.668,3.26874408
4,22,16,-19.78873239,12.4,2.6,16.37145241,0,29.16047981,14.8,24.56977511,88.64701344,2.987,3.418227335
4,22,16.5,-8.661971831,18.2,3.6,23.76501157,0.773658476,27.66612964,1,24.10671786,91.64522134,3.576,4.409093509
4,22,17,-9.225352113,4,0.6,5.545169365,0,27.35934252,3.5,24.35837941,92.34480318,2.135,4.503125352
4,22,17.5,-20.70422535,1.6,0,1.848389788,0,27.18120807,0.5,23.99598678,92.64462397,4.178,4.541279556
4,22,18,-16.90140845,0,0,0,0,27.2207935,4.1,23.412132,93.74396687,4.975,4.541279556
4,22,18.5,-15.49295775,0,0,0,0,27.0525554,0.9,23.25106861,94.54348897,4.357,4.625781237
4,22,19,-22.11267606,0,0,0,0,26.98328089,0.8,22.9390083,94.44354871,5.055,4.614077674
4,22,19.5,-17.81690141,0,0,0,0,26.98328089,0.2,22.55648275,94.84330976,2.99,4.590310845
4,22,20,-19.36619718,0,0,0,0,26.96348817,1.8,22.58668214,94.84330976,3.175,4.566050577
4,22,20.5,-15.91549296,0,0,0,0,26.82493915,2.2,22.37528644,94.7433695,1.643,4.602254889
4,22,21,-13.45070423,0,0,0,0,26.67649377,1.9,22.3853529,94.7433695,0.896,4.625781237
4,22,21.5,-13.16901408,0,0,0,0,26.54784111,1.3,22.37528644,95.04319029,0.842,4.625781237
4,22,22,-13.16901408,0,0,0,0,26.46867024,1.6,22.41555229,95.5428916,2.058,4.625781237
4,22,22.5,-14.15492958,0,0,0,0,26.4290848,1.6,22.09342551,95.64283187,3.019,4.637367568
4,22,23,-13.87323944,0,0,0,0,26.38949937,0.8,22.28468828,96.14253318,3.028,4.625781237
4,22,23.5,-15.77464789,0,0,0,0,26.34001758,0.7,22.3853529,96.14253318,3.139,4.614077674
4,23,0,-19.08450704,0,0,0,0,26.34001758,0.1,22.40548582,95.94265266,2.197,4.590310845
4,23,0.5,-18.02816901,0,0,0,0,26.39939573,0,22.36521998,95.94265266,1.114,4.553730025
4,23,1,-11.47887324,0,0,0,0,26.40929209,0,22.3853529,95.94265266,0.378,4.528696868
4,23,1.5,-6.408450704,0,0,0,0,26.40929209,0,22.70747968,96.24247345,1.069,4.503125352
4,23,2,-12.46478873,0,0,0,0,26.4290848,0,22.92894184,96.14253318,1.62,4.49013163
4,23,2.5,-10.49295775,0,0,0,0,26.43898116,0.1,22.95914122,96.14253318,2.219,4.476995899
4,23,3,-13.16901408,0,0,0,0,26.45877388,0,22.95914122,96.14253318,2.649,4.463715554
4,23,3.5,-15.35211268,0,0,0,0,26.48846296,0.1,22.92894184,96.14253318,2.75,4.450287922
4,23,4,-17.3943662,0,0,0,0,26.49835931,0,22.76787845,96.04259292,3.17,4.450287922
4,23,4.5,-25.98591549,0,0,0,0,26.50825567,0,22.49608398,95.84271239,2.711,4.436710259
4,23,5,-11.47887324,0,0,0,0,26.52804839,0,22.36521998,96.04259292,2.141,4.436710259
4,23,5.5,-9.436619718,0,0,0,0,26.51815203,0,22.41555229,96.14253318,1.807,4.422979751
4,23,6,-7.394366197,0.8,0.2,0.792167052,0,26.50825567,0,22.43568521,96.44235397,1.498,4.422979751
4,23,6.5,-6.690140845,11.2,2.4,12.93872852,0.257886159,26.49835931,0,22.50615044,96.44235397,1.499,4.422979751
4,23,7,13.23943662,51.8,11,59.14847323,1.547316952,26.48846296,0,22.65714737,96.54229423,1.352,4.409093509
4,23,7.5,30.98591549,71.8,15.6,82.9134848,2.320975429,26.48846296,0,22.90880891,96.54229423,1.561,4.409093509
4,23,8,138.028169,187.6,40.4,210.1883245,6.705040127,26.50825567,0,23.30140092,96.34241371,1.324,4.395048566
4,23,8.5,73.45070423,107.4,23.4,121.4656147,4.384064698,26.57753018,0,23.44233139,95.74277213,1.559,4.395048566
4,23,9,43.5915493,120.4,26.2,137.5730114,4.384064698,26.62701198,0.6,23.4926637,95.94265266,1.379,4.395048566
4,23,9.5,144.7183099,271,57.8,302.8718696,9.026015556,26.67649377,0.3,23.78459109,95.64283187,0.922,4.395048566
4,23,10,256.056338,327.6,69.2,367.3014565,11.08910483,26.6468047,0,24.11678433,95.04319029,0.753,4.409093509
4,23,10.5,231.7605634,295.6,64.2,333.7663847,10.83121867,26.6468047,0,24.61004095,94.44354871,0.731,4.409093509
4,23,11,292.8873239,353.6,77.2,398.1959716,12.63642178,26.85462823,0,24.75097142,93.44414608,1.089,4.409093509
4,23,11.5,322.7464789,391.2,84.4,448.1024959,13.92585257,27.07234812,0,25.0730982,92.24486292,2.159,4.395048566
4,23,12,174.1549296,216,48.6,249.0045101,8.252357079,27.34944616,0,25.1234305,90.24605765,3.465,4.395048566
4,23,12.5,180.3521127,232,52.6,263.263517,8.768129397,27.57706241,0,25.3348262,88.44713292,2.944,4.380841875
4,23,13,203.0985915,258.8,57.2,297.5907559,9.799674032,27.5572697,0,25.69721883,85.74874581,2.76,4.380841875
4,23,13.5,108.4507042,146.2,32.6,169.2596935,5.673495492,27.5572697,0,25.78781698,82.85047818,2.159,4.380841875
4,23,14,144.5070423,217.6,50,246.8920646,8.252357079,27.60675149,0,26.03947853,82.2508366,2.38,4.36647031
4,23,14.5,289.6478873,360.8,81.2,416.1517581,13.41008025,27.5572697,0,26.56293454,80.75173265,4.067,4.36647031
4,23,15,209.2957746,261.2,59.6,309.4732617,10.57333251,27.49789154,0,26.42200407,82.15089634,4.22,4.351930654
4,23,15.5,259.8591549,336.8,81.8,384.465076,13.66796641,27.63644057,0,25.94888037,82.15089634,3.94,4.351930654
4,23,16,209.5070423,292,78.4,337.4631642,13.41008025,27.51768426,0,25.8884816,82.15089634,4.028,4.337219607
4,23,16.5,104.2957746,177.4,54.8,215.4694382,10.31544635,27.30986073,0,25.98914622,81.45131449,2.829,4.337219607
4,23,17,-5.492957746,35,9.2,55.71574934,2.578861587,27.26037894,0,25.77775052,82.55065739,2.005,4.337219607
4,23,17.5,-27.04225352,10.4,2.2,16.89956378,0.257886159,27.5572697,0,25.60662067,85.44892502,1.4,4.322333774
4,23,18,-26.83098592,0.8,0.2,1.056222736,0,27.59685513,0,25.32475974,87.44773029,1.721,4.322333774
4,23,18.5,-21.12676056,0,0,0,0,27.49789154,0,25.0730982,88.74695371,0.986,4.322333774
4,23,19,-16.83098592,0,0,0,0,27.39892796,0,24.77110434,89.74635634,2.826,4.322333774
4,23,19.5,-24.01408451,0,0,0,0,27.30986073,0,24.32818002,90.44593818,2.134,4.307269667
4,23,20,-32.3943662,0,0,0,0,27.25048258,0,24.07651848,91.04557976,2.217,4.307269667
4,23,20.5,-26.26760563,0,0,0,0,27.17131171,0,23.8349234,91.94504213,1.647,4.307269667
4,23,21,-26.54929577,0,0,0,0,27.08224448,0,23.77452463,92.44474344,1.459,4.307269667
4,23,21.5,-19.71830986,0,0,0,0,27.01296997,0,23.64366062,93.04438502,1.807,4.292023697
4,23,22,-20.63380282,0,0,0,0,26.94369546,0,23.64366062,93.44414608,1.498,4.292023697
4,23,22.5,-22.3943662,0,0,0,0,26.87442095,0,23.61346124,93.54408634,2.137,4.292023697
4,23,23,-20.49295775,0,0,0,0,26.80514644,0,23.86512278,94.04378766,1.536,4.292023697
4,23,23.5,-28.45070423,0,0,0,0,26.77545736,0,23.90538863,93.6440266,0.682,4.292023697
4,24,0,-24.57746479,0,0,0,0,26.74576828,0,23.88525571,93.94384739,0.821,4.276592177
4,24,0.5,-27.04225352,0,0,0,0,26.70618285,0,23.92552155,94.14372792,0.39,4.276592177
4,24,1,-17.46478873,0,0,0,0,26.67649377,0,23.84498986,94.24366818,0.295,4.276592177
4,24,1.5,-14.50704225,0,0,0,0,26.65670105,0,23.85505632,94.34360844,0.259,4.276592177
4,24,2,-16.47887324,0,0,0,0,26.65670105,0,23.85505632,94.44354871,0.267,4.276592177
4,24,2.5,-18.8028169,0,0,0,0,26.6468047,0,23.94565448,94.94325002,0.245,4.260971312
4,24,3,-15,0,0,0,0,26.63690834,0,23.88525571,95.34301108,0.975,4.260971312
4,24,3.5,-14.15492958,0,0,0,0,26.63690834,0,23.79465755,95.5428916,0.869,4.260971312
4,24,4,-4.014084507,0,0,0,0,26.6468047,0,23.8349234,95.64283187,0.772,4.260971312
4,24,4.5,-3.802816901,0,0,0,0,26.62701198,0,23.89532217,95.74277213,0.793,4.260971312
4,24,5,-5.985915493,0,0,0,0,26.65670105,0,23.85505632,95.44295134,0.231,4.260971312
4,24,5.5,-7.605633803,0,0,0,0,26.65670105,0,23.93558801,95.74277213,0.497,4.245157198
4,24,6,-9.647887324,0.8,0,1.056222736,0,26.65670105,0,23.95572094,95.94265266,1.043,4.245157198
4,24,6.5,-2.323943662,10.2,2.4,11.6184501,0,26.6468047,0,23.91545509,96.14253318,1.416,4.245157198
4,24,7,17.18309859,35.6,8,40.92863103,1.547316952,26.68639013,0,23.98592032,95.94265266,0.421,4.245157198
4,24,7.5,43.5915493,67,14.6,77.36831543,2.06308927,26.69628649,0,24.18724956,95.74277213,0.152,4.245157198
4,24,8,62.3943662,112.8,24.6,131.235675,4.12617854,26.70618285,0,24.35837941,95.44295134,1.495,4.245157198
4,24,8.5,117.0422535,149.4,33.2,169.7878049,5.415609333,26.73587192,0,24.53957572,94.84330976,2.074,4.229145817
4,24,9,149.9295775,188.4,42,212.8288814,6.705040127,26.82493915,0,24.77110434,93.74396687,1.777,4.229145817
4,24,9.5,222.7464789,278.8,62.2,314.226264,10.05756019,26.89421366,0,25.16369635,92.44474344,1.858,4.229145817
4,24,10,370.7746479,471.6,102,514.9085839,15.73105568,27.01296997,0,25.89854806,88.84689397,2.735,4.229145817
4,24,10.5,281.8309859,352.2,76.8,399.2521943,12.37853562,27.09214084,0,26.17034253,85.54886528,2.745,4.212933033
4,24,11,360.8450704,444.8,96.2,499.8574099,14.69951105,27.28017165,0,26.7843967,81.05155344,2.408,4.212933033
4,24,11.5,254.2957746,322.2,72.2,358.3235633,11.8627633,27.42861703,0,27.30785271,78.12330373,1.917,4.196514589
4,24,12,329.2957746,407.2,88.2,457.3444448,13.66796641,27.54737334,0,27.66017887,75.75471949,2.552,4.196514589
4,24,12.5,189.7183099,254,57.6,283.5958047,9.541787873,27.70571508,0,27.8111758,74.75531686,2.335,4.196514589
4,24,13,183.3802817,275.6,62.8,306.8327049,10.05756019,27.8442641,0,27.71051118,77.27381149,2.634,4.1798861
4,24,13.5,271.8309859,342.2,76.4,383.1447976,12.12064946,27.89374589,0,28.14336904,72.78649368,2.545,4.1798861
4,24,14,283.4507042,373.4,84.2,414.0393126,13.66796641,27.86405682,0,28.48562874,73.1362846,2.768,4.163043047
4,24,14.5,256.056338,321.8,73.4,374.6950157,12.63642178,27.83436774,0,28.64669213,71.00755699,1.936,4.163043047
4,24,15,428.7323944,535.4,127.2,604.6875165,20.88877886,27.73540415,0,29.61307246,67.50964778,2.601,4.163043047
4,24,15.5,321.6901408,419.2,106.4,478.2048438,17.79414495,27.48799519,0,29.79426877,66.10049007,3.406,4.145980777
4,24,16,199.0140845,290.2,79.4,334.0304403,13.41008025,27.54737334,0,29.2607463,69.43849486,3.133,4.145980777
4,24,16.5,134.7887324,213.2,63.6,243.195285,10.57333251,27.65623328,0,29.0493506,70.64777204,2.649,4.145980777
4,24,17,57.95774648,123.4,41.8,138.1011228,6.962926286,27.68592236,0,28.82788844,73.21623681,1.807,4.128694494
4,24,17.5,-11.76056338,24.8,5.4,31.15857072,1.289430794,27.74530051,0,28.34469827,75.04514362,2.122,4.128694494
4,24,18,-37.81690141,0.8,0.2,1.056222736,0,28.00260584,0,27.52931487,78.74293336,2.214,4.128694494
4,24,18.5,-35.14084507,0,0,0,0,28.12136214,0,26.90519424,81.45131449,1.576,4.128694494
4,24,19,-33.52112676,0,0,0,0,27.97291676,0,26.33140592,84.04976134,1.946,4.128694494
4,24,19.5,-35.21126761,0,0,0,0,27.76509323,0,25.93881391,85.44892502,1.824,4.128694494
4,24,20,-35.21126761,0,0,0,0,27.5572697,0,25.61668713,87.44773029,1.985,4.128694494
4,24,20.5,-35.49295775,0,0,0,0,27.39892796,0,25.29456035,88.44713292,1.842,4.128694494
4,24,21,-34.50704225,0,0,0,0,27.27027529,0,25.0730982,88.94683423,1.914,4.128694494
4,24,21.5,-34.29577465,0,0,0,0,27.14162263,0,24.77110434,88.54707318,1.151,4.128694494
4,24,22,-33.52112676,0,0,0,0,27.0525554,0,24.55970864,89.14671476,1.99,4.128694494
4,24,22.5,-33.52112676,0,0,0,0,26.97338453,0,24.5194428,89.54647581,1.759,4.111179251
4,24,23,-30.49295775,0,0,0,0,26.87442095,0,24.4389111,90.04617713,1.669,4.111179251
4,24,23.5,-22.95774648,0,0,0,0,26.83483551,0,24.33824649,90.34599792,0.997,4.111179251
4,25,0,-35.35211268,0,0,0,0,26.80514644,0,24.38857879,91.14552002,1.272,4.111179251
4,25,0.5,-37.04225352,0,0,0,0,26.78535372,0,24.13691725,91.44534081,1.08,4.111179251
4,25,1,-37.04225352,0,0,0,0,26.73587192,0,23.79465755,91.64522134,0.857,4.111179251
4,25,1.5,-35.49295775,0,0,0,0,26.66659741,0,23.56312893,92.74456423,0.655,4.111179251
4,25,2,-37.81690141,0,0,0,0,26.60721926,0,23.37186615,93.04438502,0.521,4.111179251
4,25,2.5,-37.46478873,0,0,0,0,26.52804839,0,23.24100215,93.24426555,0.359,4.111179251
4,25,3,-37.32394366,0,0,0,0,26.45877388,0,23.03967292,93.54408634,0.55,4.111179251
4,25,3.5,-37.6056338,0,0,0,0,26.38949937,0,22.91887537,93.44414608,0.499,4.111179251
4,25,4,-36.69014085,0,0,0,0,26.33012122,0,22.87860953,93.84390713,1.08,4.111179251
4,25,4.5,-35.49295775,0,0,0,0,26.25095035,0,22.82827722,94.14372792,1.274,4.093429949
4,25,5,-34.50704225,0,0,0,0,26.19157219,0,22.57661567,94.14372792,0.816,4.093429949
4,25,5.5,-31.4084507,0,0,0,0,26.1420904,0,22.60681506,93.94384739,0.835,4.093429949
4,25,6,-34.01408451,2.2,0.4,2.640556841,0,26.08271225,0,22.44575167,94.34360844,0.935,4.093429949
4,25,6.5,-8.169014085,42,8.8,43.30513219,1.547316952,26.03323046,0,22.67728029,94.84330976,0.683,4.093429949
4,25,7,45.49295775,146.4,32.4,149.7195729,5.673495492,25.95405959,0,23.8349234,94.7433695,0.636,4.093429949
4,25,7.5,106.7605634,248,55.6,263.7916284,9.541787873,25.89468143,0,24.38857879,93.94384739,2.181,4.093429949
4,25,8,167.3943662,352.6,77.4,388.4259113,12.63642178,25.86499236,0,24.74090496,92.64462397,2.369,4.093429949
4,25,8.5,292.0422535,396,90.8,379.448018,14.44162489,25.93426687,0,25.1234305,89.64641608,3.291,4.093429949
4,25,9,387.3239437,432.8,111.2,587.523897,17.53625879,26.11240133,0,25.81801637,85.04916397,3.354,4.075441329
4,25,9.5,495.0704225,640,130.4,699.7475628,20.6308927,26.35981029,0,26.65353269,81.25143397,2.936,4.075441329
4,25,10,566.1971831,719.6,144.4,781.6048248,22.43609581,26.70618285,0,27.53938133,77.01396681,2.603,4.075441329
4,25,10.5,533.2394366,653.4,130,718.2314607,20.6308927,27.11193356,0,28.01250503,74.55543633,2.661,4.057207964
4,25,11,588.7323944,736.2,146.2,806.1620034,22.95186813,27.35934252,0,28.66682505,71.96698352,2.626,4.057207964
4,25,11.5,590.8450704,705.2,140.8,773.4190986,22.17820965,27.65623328,0,29.41174322,69.07870991,2.676,4.038724253
4,25,12,661.2676056,797.4,160.4,865.838588,25.0149574,27.94322769,0,29.74393646,66.88002412,2.592,4.038724253
4,25,12.5,526.9014085,629.8,129.2,692.3540036,20.6308927,27.98281312,0,30.06606324,65.05111731,2.945,4.019984414
4,25,13,576.056338,719,149.6,785.0375487,23.7255266,28.07188035,0,30.17679432,62.93238373,3.31,4.019984414
4,25,13.5,521.4084507,633,134.8,704.5005651,21.66243733,28.05208763,0,30.5492534,61.0635008,2.743,4.000982477
4,25,14,384.7183099,485.8,105.4,549.2358229,17.53625879,28.12136214,0,30.58951925,60.31394883,3.162,4.000982477
4,25,14.5,470.915493,591.8,132.8,663.571934,21.92032349,28.0125022,0,31.04251003,57.86541238,3.172,3.981712275
4,25,15,388.5915493,504.6,119.4,569.8321662,20.11512038,27.86405682,0,31.13310819,57.17582457,3.256,3.981712275
4,25,15.5,297.3239437,408,103.4,464.4739483,17.53625879,27.82447138,0,31.1029088,54.86720449,3.264,3.962167436
4,25,16,201.9014085,305.2,85.2,350.9300041,14.44162489,27.79478231,0,31.05257649,57.80544823,3.527,3.962167436
4,25,16.5,109.5070423,201.4,63.8,233.4252247,11.34699098,27.74530051,0,30.5492534,61.03351873,4.042,3.962167436
4,25,17,28.94366197,103.6,37,120.6734476,6.447153968,27.81457502,0,29.91506631,63.67194167,3.22,3.962167436
4,25,17.5,-23.87323944,21,4,28.51801388,1.031544635,27.91353861,0,29.06948352,67.61958207,2.627,3.962167436
4,25,18,-41.76056338,1,0.2,1.056222736,0,28.16094758,0,27.85144165,73.48607552,2.732,3.962167436
4,25,18.5,-41.4084507,0,0,0,0,28.22032573,0,27.00585886,77.68356657,2.843,3.962167436
4,25,19,-40.84507042,0,0,0,0,28.02239856,0,26.58306746,80.3519716,2.496,3.962167436
4,25,19.5,-39.22535211,0,0,0,0,27.77498959,0,26.18040899,82.2508366,2.74,3.962167436
4,25,20,-39.01408451,0,0,0,0,27.5572697,0,25.98914622,82.55065739,2.833,3.962167436
4,25,20.5,-40.63380282,0,0,0,0,27.35934252,0,26.12001022,82.85047818,3.408,3.962167436
4,25,21,-41.33802817,0,0,0,0,27.24058622,0,26.17034253,83.05035871,3.549,3.962167436
4,25,21.5,-41.54929577,0,0,0,0,27.17131171,0,26.16027607,82.65059765,3.826,3.962167436
4,25,22,-42.11267606,0,0,0,0,27.12182991,0,26.07974437,82.85047818,3.841,3.962167436
4,25,22.5,-43.16901408,0,0,0,0,27.11193356,0,25.83814929,83.35017949,3.652,3.962167436
4,25,23,-43.09859155,0,0,0,0,27.08224448,0,25.65695298,84.04976134,3.166,3.962167436
4,25,23.5,-43.23943662,0,0,0,0,27.06245176,0,25.3348262,85.34898476,2.968,3.962167436
4,26,0,-42.46478873,0,0,0,0,27.0525554,0,25.06303173,86.54826792,2.695,3.962167436
4,26,0.5,-43.30985915,0,0,0,0,27.02286633,0,24.76103788,87.84749134,2.937,3.942341374
4,26,1,-43.73239437,0,0,0,0,26.99317725,0,24.47917695,89.24665502,1.995,3.942341374
4,26,1.5,-43.16901408,0,0,0,0,26.97338453,0,24.12685079,90.44593818,1.511,3.942341374
4,26,2,-41.1971831,0,0,0,0,26.91400638,0,23.91545509,91.64522134,1.917,3.942341374
4,26,2.5,-39.08450704,0,0,0,0,26.83483551,0,23.68392647,92.14492265,1.85,3.942341374
4,26,3,-28.23943662,0,0,0,0,26.765561,0,23.46246431,92.74456423,2.117,3.942341374
4,26,3.5,-38.09859155,0,0,0,0,26.67649377,0,23.412132,92.74456423,2.541,3.942341374
4,26,4,-33.30985915,0,0,0,0,26.62701198,0,23.03967292,92.54468371,2.338,3.942341374
4,26,4.5,-32.32394366,0,0,0,0,26.58742654,0,22.81821076,92.64462397,2.019,3.942341374
4,26,5,-33.23943662,0,0,0,0,26.54784111,0,22.74774552,93.34420581,1.904,3.942341374
4,26,5.5,-42.04225352,0,0,0,0,26.50825567,0,22.52628336,93.54408634,1.705,3.942341374
4,26,6,-40.42253521,2.2,0.4,2.640556841,0,26.4290848,0,22.23435597,93.6440266,2.447,3.942341374
4,26,6.5,-27.25352113,17.6,3,26.93367977,1.031544635,26.34001758,0,22.15382428,93.94384739,2.005,3.942341374
4,26,7,37.88732394,135.6,30.8,138.6292341,5.157723175,26.24105399,0,22.71754614,94.04378766,1.621,3.942341374
4,26,7.5,80.28169014,240.8,55.6,256.9261806,9.541787873,26.11240133,0,23.51279662,92.04498239,2.565,3.942341374
4,26,8,208.5915493,343.2,76.6,372.3185145,12.63642178,26.05302317,0,23.91545509,89.14671476,3.189,3.942341374
4,26,8.5,301.6197183,398.4,95.6,373.9028486,15.47316952,26.09260861,0,24.53957572,85.74874581,2.641,3.942341374
4,26,9,390.9859155,449.8,112,585.1473959,18.05203111,26.24105399,0,25.21402866,80.15209107,2.743,3.922227279
4,26,9.5,455.5633803,594.6,121.2,653.0097067,19.59934806,26.43898116,0,26.0193456,76.9739907,2.63,3.922227279
4,26,10,530.7746479,683.4,137.2,747.0135302,21.92032349,26.80514644,0,26.66359916,73.81587839,2.681,3.901818108
4,26,10.5,602.1126761,748.8,148.2,818.0445092,22.69398197,27.20100078,0,27.35818502,71.85704923,2.358,3.901818108
4,26,11,625.3521127,775.8,152.8,849.4671356,24.49918508,27.42861703,0,27.99237211,69.73831565,2.686,3.901818108
4,26,11.5,648.5915493,794.8,156.8,872.1759245,25.0149574,27.75519687,0,28.47556228,66.32035865,2.743,3.881106577
4,26,12,641.5492958,768.2,152.2,846.0344117,24.24129892,28.06198399,0,29.07954998,65.52083654,2.092,3.881106577
4,26,12.5,642.2535211,777.6,156,859.7653073,25.0149574,28.02239856,0,29.36141091,63.58199544,2.63,3.860085144
4,26,13,620.4225352,749.2,153.4,825.7021241,25.0149574,28.05208763,0,29.82446815,61.50323796,2.868,3.860085144
4,26,13.5,570.4225352,704.8,148,792.1670522,24.49918508,28.06198399,0,30.25732601,59.87421167,2.26,3.838746003
4,26,14,531.1267606,648.6,140,727.7374653,23.7255266,28.05208763,0,30.35799063,60.96356054,3.253,3.838746003
4,26,14.5,440.2816901,551.4,124.2,625.5479155,21.14666502,28.07188035,0,30.50898756,59.68432517,2.47,3.817081071
4,26,15,382.6056338,490.4,116.6,557.9496604,20.11512038,27.95312405,0,30.63985156,58.62495838,2.692,3.817081071
4,26,15.5,295.4929577,400.4,102.4,458.6647232,17.79414495,27.88384953,0,30.59958571,59.24458801,2.952,3.817081071
4,26,16,149.7183099,229.6,63.2,272.2414103,11.60487714,27.88384953,0,30.40832294,60.78366807,3.142,3.795081971
4,26,16.5,86.76056338,163.6,49.2,192.4965937,9.026015556,28.00260584,0,29.98553154,62.3527302,2.933,3.795081971
4,26,17,-6.126760563,39.8,9.8,50.69869134,1.805203111,28.16094758,0,28.97888537,66.20043033,2.82,3.795081971
4,26,17.5,-25.77464789,16.8,4.2,19.54012062,0.773658476,28.40835655,0,28.33463181,71.62718662,2.127,3.795081971
4,26,18,-36.54929577,1.6,0.4,1.056222736,0,28.35887475,0,27.4689161,75.73473144,2.202,3.795081971
4,26,18.5,-36.90140845,0,0,0,0,28.20053301,0,27.15685578,78.89284376,1.293,3.795081971
4,26,19,-39.50704225,0,0,0,0,27.99270948,0,26.32133946,81.35137423,1.363,3.795081971
4,26,19.5,-36.76056338,0,0,0,0,27.80467867,0,25.7576176,83.35017949,1.163,3.817081071
4,26,20,-35.98591549,0,0,0,0,27.61664785,0,25.82808283,86.24844713,1.446,3.817081071
4,26,20.5,-35.77464789,0,0,0,0,27.46820247,0,25.1234305,86.44832765,0.947,3.817081071
4,26,21,-34.29577465,0,0,0,0,27.34944616,0,25.18382927,88.84689397,1.343,3.817081071
4,26,21.5,-36.12676056,0,0,0,0,27.25048258,0,24.81137019,88.84689397,0.914,3.817081071
4,26,22,-34.57746479,0,0,0,0,27.15151899,0,24.80130373,89.44653555,0.14,3.817081071
4,26,22.5,-35.49295775,0,0,0,0,27.08224448,0,24.5194428,90.04617713,1.401,3.795081971
4,26,23,-36.05633803,0,0,0,0,27.00307361,0,24.46911049,91.14552002,1.157,3.795081971
4,26,23.5,-36.33802817,0,0,0,0,26.94369546,0,24.08658494,91.94504213,1.048,3.795081971
4,27,0,-36.4084507,0,0,0,0,26.8843173,0,23.85505632,91.54528108,0.017,3.795081971
4,27,0.5,-36.61971831,0,0,0,0,26.80514644,0,23.87518924,92.14492265,0.064,3.795081971
4,27,1,-38.09859155,0,0,0,0,26.73587192,0,23.69399293,92.24486292,0.152,3.795081971
4,27,1.5,-29.08450704,0,0,0,0,26.66659741,0,23.60339478,92.94444476,0.132,3.795081971
4,27,2,-20.56338028,0,0,0,0,26.60721926,0,23.59332831,92.94444476,1.215,3.795081971
4,27,2.5,-27.04225352,0,0,0,0,26.57753018,0,23.7543917,93.34420581,1.396,3.795081971
4,27,3,-34.36619718,0,0,0,0,26.56763383,0,23.43226492,93.44414608,1.461,3.795081971
4,27,3.5,-27.3943662,0,0,0,0,26.55773747,0,23.26113507,93.6440266,1.877,3.795081971
4,27,4,-30.63380282,0,0,0,0,26.53794475,0,23.16047046,93.6440266,1.504,3.795081971
4,27,4.5,-31.76056338,0,0,0,0,26.48846296,0,23.18060338,93.74396687,1.135,3.795081971
4,27,5,-37.81690141,0,0,0,0,26.46867024,0,22.94907476,93.84390713,1.044,3.795081971
4,27,5.5,-37.04225352,0,0,0,0,26.41918845,0,22.84841014,93.94384739,1.222,3.795081971
4,27,6,-36.54929577,1.8,0.4,2.112445473,0,26.35981029,0,22.64708091,93.94384739,1.064,3.795081971
4,27,6.5,-16.12676056,28.2,6.2,31.68668209,1.031544635,26.29053578,0,22.61688152,94.44354871,0.731,3.795081971
4,27,7,44.71830986,133.2,29.6,134.6683989,5.157723175,26.20146855,0,23.86512278,94.7433695,0.25,3.795081971
4,27,7.5,110.4225352,236.6,53.6,248.212343,9.283901714,26.07281589,0,25.00263296,93.34420581,0.409,3.795081971
4,27,8,171.1267606,338.4,75.2,367.3014565,12.63642178,26.07281589,0,25.06303173,91.7451616,0.879,3.795081971
4,27,8.5,301.6901408,357.6,92,381.0323521,14.95739721,26.16188312,0,25.69721883,89.74635634,1.229,3.795081971
4,27,9,394.084507,482.8,109.8,574.8492242,17.79414495,26.3103285,0,26.16027607,86.94802897,1.458,3.795081971
4,27,9.5,467.1126761,606.4,124.4,658.5548761,18.82568959,26.60721926,0,27.08639055,84.24964186,1.057,3.772740025
4,27,10,466.8309859,587.6,121.6,626.0760269,17.02048648,26.94369546,0,27.7306441,80.65179239,1.164,3.772740025
4,27,10.5,630.2816901,783.6,155.6,842.0735765,25.53072971,27.30986073,0,28.47556228,74.22563347,2.124,3.750046232
4,27,11,620.4225352,758.4,149.2,825.4380684,22.69398197,27.56716606,0,29.36141091,70.12808268,2.201,3.750046232
4,27,11.5,657.7464789,784.6,156.4,852.6358038,25.53072971,27.85416046,0,30.26739247,64.76129054,2.947,3.726991262
4,27,12,520.4929577,615.8,123.8,682.847999,20.88877886,28.14115486,0,30.8915131,61.83304083,1.848,3.726991262
4,27,12.5,408.8028169,481.8,98.8,546.8593217,17.02048648,28.23022209,0,30.92171249,61.00353665,1.886,3.726991262
4,27,13,390.7746479,482.4,99,538.4095398,17.02048648,28.32918568,0,31.1834405,59.5444088,2.475,3.703565429
4,27,13.5,501.4788732,617.6,129.4,681.7917763,21.66243733,28.35887475,0,31.8679599,57.73549004,1.698,3.703565429
4,27,14,456.056338,553.4,120.4,612.3451313,20.6308927,28.25001481,0,32.36121652,54.91717462,2.491,3.703565429
4,27,14.5,500.915493,608.4,137,672.0217159,23.46764044,28.21042937,0,32.56254576,53.18820807,2.376,3.679758684
4,27,15,397.2535211,496.2,117.4,553.1966581,20.37300654,28.14115486,0,33.08600177,52.38868596,1.46,3.679758684
4,27,15.5,278.8732394,372.4,94,425.9218184,16.76260032,28.19063665,0,32.75380853,53.11824988,2.199,3.65556059
4,27,16,200.5633803,289.2,80.4,331.3898835,13.92585257,28.27970388,0,32.56254576,53.40807665,1.87,3.65556059
4,27,16.5,110.2112676,187,58.8,215.2053825,10.57333251,28.15105122,0,32.5524793,53.0882678,1.494,3.65556059
4,27,17,36.69014085,93,31.8,107.7347191,5.673495492,28.16094758,0,32.39141591,56.3163383,1.385,3.65556059
4,27,17.5,-21.69014085,16.8,3.4,23.2369002,1.031544635,28.31928932,0,31.88809282,65.53083057,1.463,3.65556059
4,27,18,-38.52112676,0.6,0.2,0.792167052,0,28.77452182,0,29.85466754,74.15567528,2.144,3.65556059
4,27,18.5,-36.1971831,0,0,0,0,28.89327812,0,28.32456535,78.95280791,2.508,3.65556059
4,27,19,-34.71830986,0,0,0,0,28.64586916,0,27.67024533,79.68237184,2.151,3.65556059
4,27,19.5,-28.45070423,0,0,0,0,28.32918568,0,27.26758686,82.2508366,1.147,3.65556059
4,27,20,-28.73239437,0,0,0,0,28.07188035,0,27.17698871,83.35017949,2.633,3.65556059
4,27,20.5,-34.92957746,0,0,0,0,27.87395318,0,26.99579239,83.45011976,2.186,3.65556059
4,27,21,-32.6056338,0,0,0,0,27.77498959,0,26.67366562,85.34898476,1.301,3.679758684
4,27,21.5,-34.29577465,0,0,0,0,27.73540415,0,26.30120653,86.84808871,0.917,3.679758684
4,27,22,-34.78873239,0,0,0,0,27.65623328,0,26.05961145,87.74755107,0.824,3.679758684
4,27,22.5,-27.3943662,0,0,0,0,27.5572697,0,25.69721883,89.54647581,1.242,3.679758684
4,27,23,-26.1971831,0,0,0,0,27.46820247,0,25.55628836,90.44593818,0.602,3.679758684
4,27,23.5,-30.63380282,0,0,0,0,27.39892796,0,25.56635482,90.84569923,0.864,3.65556059
4,28,0,-31.05633803,0,0,0,0,27.31975709,0,25.49588959,91.04557976,1.266,3.679758684
4,28,0.5,-28.09859155,0,0,0,0,27.27027529,0,25.08316466,91.94504213,1.201,3.65556059
4,28,1,-29.78873239,0,0,0,0,27.2207935,0,24.98250004,91.84510187,0.908,3.65556059
4,28,1.5,-25.63380282,0,0,0,0,27.16141535,0,25.05296527,92.44474344,1.219,3.65556059
4,28,2,-30.70422535,0,0,0,0,27.12182991,0,24.87176896,92.54468371,0.663,3.65556059
4,28,2.5,-36.26760563,0,0,0,0,27.09214084,0,24.66037326,92.74456423,0.833,3.65556059
4,28,3,-35,0,0,0,0,27.04265904,0,24.5194428,93.04438502,0.754,3.65556059
4,28,3.5,-33.66197183,0,0,0,0,26.99317725,0,24.26778125,93.44414608,0.953,3.65556059
4,28,4,-33.09859155,0,0,0,0,26.92390274,0,24.10671786,93.74396687,1.207,3.679758684
4,28,4.5,-34.01408451,0,0,0,0,26.85462823,0,24.04631909,94.04378766,0.395,3.679758684
4,28,5,-34.08450704,0,0,0,0,26.78535372,0,23.89532217,94.34360844,2.318,3.679758684
4,28,5.5,-38.09859155,0,0,0,0,26.77545736,0,23.64366062,94.54348897,1.736,3.679758684
4,28,6,-33.8028169,2.4,0.4,2.640556841,0,26.765561,0,23.51279662,94.44354871,1.007,3.679758684
4,28,6.5,-10.63380282,39,9,40.40051966,1.547316952,26.70618285,0,23.68392647,94.7433695,0.824,3.679758684
4,28,7,39.01408451,128.8,29.6,129.3872852,5.157723175,26.62701198,0,24.73083849,94.64342923,1.452,3.679758684
4,28,7.5,101.6901408,228.2,52.6,238.178227,9.283901714,26.58742654,0,25.09323112,94.44354871,1.202,3.679758684
4,28,8,173.7323944,347.4,77.4,374.43096,13.1521941,26.56763383,0,26.06967791,93.24426555,0.957,3.679758684
4,28,8.5,304.084507,356.2,94.2,420.6407047,15.98894184,26.63690834,0,26.33140592,90.84569923,1.598,3.65556059
4,28,9,360.0704225,482.4,101.8,536.8252057,17.27837264,26.91400638,0,26.97565947,87.34779002,0.845,3.65556059
4,28,9.5,460.3521127,598.2,121.8,654.3299851,13.92585257,27.14162263,0,27.65011241,82.75053792,0.941,3.65556059
4,28,10,531.4084507,670.2,133.4,734.0748017,10.57333251,27.46820247,0,28.91848659,74.71534076,1.925,3.630960307
4,28,10.5,589.4366197,719.8,142.4,789.2624397,24.24129892,27.77498959,0,30.26739247,68.29917586,2.558,3.630960307
4,28,11,573.943662,708.4,140.8,772.3628759,22.69398197,27.94322769,0,31.24383927,64.16164896,3.039,3.605946568
4,28,11.5,552.0422535,662.2,132.8,722.1922959,22.69398197,28.19063665,0,31.70689651,61.56320212,3.269,3.605946568
4,28,12,532.6760563,663.6,133.8,730.1139664,22.69398197,28.42814926,0,31.85789343,61.84303486,2.101,3.580507661
4,28,12.5,643.6619718,769.6,153.4,851.3155254,26.56227435,28.47763106,0,32.46188114,60.09408025,2.596,3.580507661
4,28,13,602.1126761,714.6,145.8,788.4702726,25.53072971,28.52711285,0,32.96520423,58.81484488,2.703,3.554631403
4,28,13.5,463.6619718,599.2,124.8,668.588992,22.17820965,28.7547291,0,33.04573592,56.30634428,2.688,3.554631403
4,28,14,552.6760563,669.4,143.6,731.6983005,25.0149574,28.86358905,0,33.40812855,54.49742551,3.261,3.528305116
4,28,14.5,324.8591549,410.6,92,464.738004,16.76260032,28.90317448,0,33.04573592,56.15643388,2.627,3.528305116
4,28,15,318.0985915,408.4,94.2,451.5352197,16.50471416,28.99224171,0,33.1061347,56.2763622,2.379,3.501515604
4,28,15.5,161.6197183,225,54.2,270.6570762,10.57333251,28.99224171,0,32.85447315,56.75607546,2.693,3.501515604
4,28,16,77.88732394,121.4,29.2,147.079016,5.931381651,28.99224171,0,32.42161529,55.49682815,3.79,3.501515604
4,28,16.5,14.22535211,57.8,12.4,72.61531312,2.578861587,29.20006524,0,30.27745894,59.63435504,3.243,3.501515604
4,28,17,10.56338028,46.8,10.2,55.45169365,1.805203111,29.27923611,0,28.64669213,58.33513162,2.046,3.501515604
4,28,17.5,-33.38028169,10.2,2.4,12.14656147,0.257886159,29.07141258,0,27.93197334,66.79007789,1.791,3.501515604
4,28,18,-28.87323944,0.2,0,0.264055684,0,28.78441818,0,27.39845087,68.94878757,3.569,3.501515604
4,28,18.5,-29.36619718,0,0,0,0,28.48752742,0,27.19712163,76.06453431,2.328,3.501515604
4,28,19,-28.66197183,0,0,0,0,28.28960024,0,26.18040899,77.15388318,2.537,3.501515604
4,28,19.5,-35.28169014,0,0,0,0,28.16094758,0,25.68715236,78.13329776,2.038,3.501515604
4,28,20,-35.07042254,0,0,0,0,28.02239856,0,25.49588959,80.55185213,1.747,3.501515604
4,28,20.5,-35.35211268,0,0,0,0,27.89374589,0,25.09323112,82.15089634,2.604,3.501515604
4,28,21,-34.36619718,0,0,0,0,27.73540415,0,24.91203481,80.75173265,2.589,3.528305116
4,28,21.5,-29.01408451,0,0,0,0,27.60675149,0,24.62010741,81.45131449,0.616,3.528305116
4,28,22,-24.64788732,0,0,0,0,27.54737334,0,24.4389111,83.35017949,1.143,3.528305116
4,28,22.5,-29.29577465,0,0,0,0,27.46820247,0,24.56977511,85.84868607,0.165,3.528305116
4,28,23,-32.3943662,0,0,0,0,27.36923888,0,24.28791418,86.94802897,0.457,3.528305116
4,28,23.5,-25.98591549,0,0,0,0,27.29996437,0,24.10671786,87.74755107,1.245,3.528305116
4,29,0,-28.5915493,0,0,0,0,27.2207935,0,24.42884464,88.84689397,0.723,3.528305116
4,29,0.5,-28.66197183,0,0,0,0,27.16141535,0,24.27784771,89.14671476,0.568,3.528305116
4,29,1,-30.14084507,0,0,0,0,27.12182991,0,24.19731602,90.24605765,1.079,3.528305116
4,29,1.5,-34.15492958,0,0,0,0,27.06245176,0,24.11678433,90.24605765,1.76,3.528305116
4,29,2,-32.46478873,0,0,0,0,26.98328089,0,23.95572094,90.44593818,1.554,3.528305116
4,29,2.5,-31.4084507,0,0,0,0,26.95359182,0,23.84498986,90.84569923,1.027,3.528305116
4,29,3,-33.45070423,0,0,0,0,26.9337991,0,23.76445816,90.9456395,1.352,3.528305116
4,29,3.5,-32.74647887,0,0,0,0,26.8843173,0,23.58326185,91.54528108,1.423,3.528305116
4,29,4,-33.16901408,0,0,0,0,26.84473187,0,23.25106861,92.04498239,1.047,3.528305116
4,29,4.5,-32.25352113,0,0,0,0,26.80514644,0,23.14033753,92.04498239,1.42,3.528305116
4,29,5,-26.05633803,0,0,0,0,26.73587192,0,23.17053692,92.14492265,1.41,3.528305116
4,29,5.5,-29.85915493,0,0,0,0,26.68639013,0,23.17053692,92.8445045,0.325,3.528305116
4,29,6,-34.29577465,2.2,0.4,2.376501157,0,26.66659741,0,22.99940707,93.14432529,0.864,3.528305116
4,29,6.5,-11.76056338,41.8,8.8,39.60835261,1.547316952,26.62701198,0,23.12020461,93.54408634,0.973,3.528305116
4,29,7,39.57746479,134.2,30.8,134.4043432,5.673495492,26.49835931,0,24.16711663,93.04438502,1.159,3.528305116
4,29,7.5,80.98591549,229.6,53,247.6842317,10.05756019,26.40929209,0,25.17376281,91.44534081,0.929,3.528305116
4,29,8,204.5070423,332.4,73.4,359.1157303,13.1521941,26.43898116,0,25.81801637,88.94683423,1.048,3.528305116
4,29,8.5,297.6760563,389.8,91.8,457.6085005,16.246828,26.57753018,0,26.64346623,85.74874581,1.084,3.528305116
4,29,9,378.7323944,520.6,107.2,568.2478321,19.08357575,26.82493915,0,27.47898256,81.85107555,1.401,3.501515604
4,29,9.5,460.7042254,599.6,120.4,654.0659294,20.88877886,27.1020372,0,28.56616043,75.28500026,1.622,3.501515604
4,29,10,536.1267606,667.6,131.2,731.4342449,19.59934806,27.39892796,0,29.59293953,67.56961194,2.621,3.474249121
4,29,10.5,583.0985915,724,140.6,794.5435533,25.27284356,27.68592236,0,30.63985156,63.12227023,3.457,3.474249121
4,29,11,611.2676056,737.8,143.2,810.1228387,20.11512038,27.85416046,0,31.32437096,61.18342912,3.068,3.446491342
4,29,11.5,619.7183099,756.2,149.6,824.6459013,25.53072971,28.05208763,0,31.84782697,59.63435504,3.66,3.418227335
4,29,12,623.943662,722,144.4,788.7343283,25.53072971,28.24011845,0,32.09948852,57.85541836,3.27,3.418227335
4,29,12.5,497.5352113,619,125.8,670.1733262,22.43609581,28.26980752,0,32.52227991,56.37630246,3.424,3.389441522
4,29,13,547.1830986,665.4,136.4,729.5858551,25.0149574,28.41825291,0,32.44174822,54.2275868,3.332,3.389441522
4,29,13.5,471.971831,590.8,122.4,665.9484352,23.20975429,28.47763106,0,32.90480546,52.69850078,3.443,3.360117648
4,29,14,478.0985915,590,125.8,662.5157113,23.7255266,28.61618008,0,33.14640054,51.57916983,2.953,3.360117648
4,29,14.5,431.6901408,541.8,121,611.81702,22.95186813,28.64586916,0,33.32759685,51.00951033,3.45,3.330238739
4,29,15,363.8028169,469,110.8,533.6565375,21.40455117,28.66566187,0,33.47859378,50.21998225,3.572,3.330238739
4,29,15.5,290.1408451,389.8,98.8,445.9900504,19.08357575,28.67555823,0,33.38799562,50.13003601,3.717,3.299787062
4,29,16,190.2112676,280.6,77.4,322.6760459,14.69951105,28.66566187,0,33.27726455,51.35930125,2.583,3.299787062
4,29,16.5,107.4647887,182.4,53,209.6602131,10.05756019,28.62607644,0,32.85447315,51.73907425,2.858,3.299787062
4,29,17,48.8028169,102.8,28.8,112.7517771,5.415609333,28.71514367,0,32.40148237,54.65732993,1.96,3.299787062
4,29,17.5,-16.54929577,21.6,4.8,24.02906725,0.773658476,28.90317448,0,30.85124726,63.83184609,3.162,3.299787062
4,29,18,-30.49295775,0.4,0,0.528111368,0,29.19016888,0,28.98895183,70.44789152,2.834,3.299787062
4,29,18.5,-30.91549296,0,0,0,0,29.14068709,0,28.10310319,74.17566333,2.911,3.299787062
4,29,19,-24.43661972,0,0,0,0,28.87348541,0,27.65011241,76.29439691,2.736,3.299787062
4,29,19.5,-35.49295775,0,0,0,0,28.61618008,0,27.18705517,78.8728557,2.871,3.299787062
4,29,20,-34.08450704,0,0,0,0,28.41825291,0,26.67366562,80.25203134,2.844,3.299787062
4,29,20.5,-33.23943662,0,0,0,0,28.25991117,0,26.46226992,80.75173265,1.797,3.330238739
4,29,21,-34.71830986,0,0,0,0,28.16094758,0,26.0193456,83.05035871,1.304,3.330238739
4,29,21.5,-38.52112676,0,0,0,0,28.04219127,0,25.69721883,85.14910423,2.763,3.330238739
4,29,22,-40,0,0,0,0,27.90364225,0,25.47575667,85.14910423,2.766,3.330238739
4,29,22.5,-39.43661972,0,0,0,0,27.77498959,0,25.35495912,84.64940292,1.557,3.330238739
4,29,23,-41.12676056,0,0,0,0,27.69581872,0,25.13349697,84.94922371,1.693,3.330238739
4,29,23.5,-38.38028169,0,0,0,0,27.60675149,0,24.83150311,86.0485666,2.138,3.330238739
4,30,0,-41.97183099,0,0,0,0,27.51768426,0,24.4389111,86.34838739,1.823,3.330238739
4,30,0.5,-38.02816901,0,0,0,0,27.42861703,0,24.11678433,87.44773029,1.18,3.330238739
4,30,1,-37.46478873,0,0,0,0,27.34944616,0,23.89532217,88.94683423,1.52,3.330238739
4,30,1.5,-37.18309859,0,0,0,0,27.27027529,0,23.61346124,89.74635634,1.545,3.330238739
4,30,2,-36.61971831,0,0,0,0,27.18120807,0,23.45239785,89.74635634,2.088,3.330238739
4,30,2.5,-38.5915493,0,0,0,0,27.07234812,0,23.33160031,88.34719265,2.347,3.330238739
4,30,3,-40.63380282,0,0,0,0,26.96348817,0,23.281268,87.44773029,1.768,3.330238739
4,30,3.5,-40.28169014,0,0,0,0,26.92390274,0,22.95914122,87.84749134,0.229,3.330238739
4,30,4,-39.01408451,0,0,0,0,26.90411002,0,22.5967486,89.44653555,0.98,3.330238739
4,30,4.5,-42.11267606,0,0,0,0,26.84473187,0,22.35515351,90.54587844,0.928,3.330238739
4,30,5,-41.76056338,0,0,0,0,26.77545736,0,22.06322612,91.04557976,1.072,3.330238739
4,30,5.5,-41.69014085,0,0,0,0,26.69628649,0,21.80149812,91.7451616,0.531,3.330238739
4,30,6,-41.83098592,2.2,0.4,2.640556841,0,26.60721926,0,21.7008335,91.64522134,0.779,3.330238739
4,30,6.5,-16.4084507,49.6,9.6,44.62541061,1.805203111,26.51815203,0,21.82163104,92.24486292,1.29,3.330238739
4,30,7,3.591549296,147.4,33.2,146.5509047,6.18926781,26.34991393,0,23.07993876,90.44593818,1.786,3.330238739
4,30,7.5,108.943662,241.2,56.2,256.1340135,10.57333251,26.21136491,0,23.93558801,86.94802897,1.854,3.330238739
4,30,8,207.3943662,345.8,77.6,371.5263475,14.18373873,26.23115763,0,25.02276589,81.85107555,2.292,3.330238739
4,30,8.5,298.7323944,444.4,96.6,480.8454007,17.53625879,26.32022486,0,26.48240284,70.99756297,3.022,3.330238739
4,30,9,384.6478873,537.8,113.2,583.0349504,20.6308927,26.4785666,0,28.20376781,59.48444465,4.43,3.299787062
4,30,9.5,448.1690141,612.4,126.2,663.571934,23.46764044,26.69628649,0,29.17014814,54.01771225,5.284,3.299787062
4,30,10,523.028169,686.8,138.2,742.2605279,24.75707124,26.99317725,0,29.97546508,51.64912801,5.09,3.26874408
4,30,10.5,576.056338,741.6,147.2,801.9371125,26.30438819,27.25048258,0,30.42845586,49.57037054,4.96,3.26874408
4,30,11,614.084507,780.8,153.4,845.5063004,28.1095913,27.47809883,0,30.87138018,47.12183409,5.097,3.237090405
4,30,11.5,623.2394366,791.2,155.4,859.2371959,27.85170514,27.71561144,0,31.26397219,46.45223433,4.731,3.204805749
4,30,12,640.1408451,788.2,155.6,858.9731403,26.56227435,28.03229492,0,31.6565642,47.26175046,4.255,3.171868865
4,30,12.5,627.4647887,772.6,154.4,844.1860219,28.36747746,28.04219127,0,31.88809282,44.43344101,4.893,3.171868865
4,30,13,590.1408451,728,148.8,798.2403329,27.85170514,28.15105122,0,32.15988729,44.75324985,4.946,3.138257493
4,30,13.5,552.5352113,695.2,145.2,773.4190986,26.82016051,28.31928932,0,32.40148237,46.90196551,4.322,3.103948293
4,30,14,487.1830986,609.6,131.2,678.8871637,24.49918508,28.45783834,0,32.48201406,46.77204317,3.795,3.103948293
4,30,14.5,460.2816901,577.4,129.8,644.8239805,25.0149574,28.57659464,0,32.6833433,45.72267041,4.466,3.068916779
4,30,15,373.5915493,487.8,116,549.2358229,22.69398197,28.586491,0,32.62294453,46.20238367,4.051,3.033137246
4,30,15.5,287.8873239,388.8,99.6,442.2932708,19.59934806,28.55680193,0,32.69340976,46.55217459,3.868,3.033137246
4,30,16,196.056338,295.8,83.4,336.9350529,16.246828,28.49742377,0,32.56254576,47.63152943,3.459,2.996582688
4,30,16.5,97.11267606,188.6,60,216.2616052,11.8627633,28.40835655,0,32.36121652,48.88078272,2.751,2.996582688
4,30,17,13.23943662,82.8,27.6,97.17249174,5.673495492,28.39846019,0,31.76729528,51.1494267,2.503,2.996582688
4,30,17.5,-34.01408451,13,2.8,17.95578652,0.773658476,28.56669829,0,30.50898756,58.24518538,1.739,2.996582688
4,30,18,-43.5915493,0.4,0,0.528111368,0,28.91307084,0,28.44536289,67.4396896,1.562,3.033137246
4,30,18.5,-42.32394366,0,0,0,0,28.98234535,0,26.71393147,74.35555581,2.182,3.033137246
4,30,19,-39.29577465,0,0,0,0,28.70524731,0,26.2307413,78.19326191,2.073,3.033137246
4,30,19.5,-42.11267606,0,0,0,0,28.38856383,0,25.72741821,81.45131449,1.774,3.033137246
4,30,20,-50,0,0,0,0,28.07188035,0,25.4153579,77.6935606,2.928,3.033137246
4,30,20.5,-46.26760563,0,0,0,0,27.77498959,0,25.72741821,74.78529894,2.597,3.033137246
4,30,21,-47.88732394,0,0,0,0,27.61664785,0,25.48582313,75.80468962,1.769,3.033137246
4,30,21.5,-51.97183099,0,0,0,0,27.60675149,0,24.54964218,78.77291544,2.508,3.033137246
4,30,22,-51.54929577,0,0,0,0,27.45830611,0,24.44897756,75.0351496,2.593,3.033137246
4,30,22.5,-48.23943662,0,0,0,0,27.25048258,0,24.63017388,73.73592618,2.318,3.068916779
4,30,23,-54.92957746,0,0,0,0,27.14162263,0,24.42884464,71.40731804,3.438,3.068916779
4,30,23.5,-52.88732394,0,0,0,0,27.01296997,0,24.56977511,68.86883536,2.645,3.068916779
5,1,0,-51.97183099,0,0,0,0,26.96348817,0,24.18724956,70.52784373,2.564,3.068916779
5,1,0.5,-51.61971831,0,0,0,0,26.91400638,0,23.91545509,71.17745544,2.234,3.068916779
5,1,1,-45.63380282,0,0,0,0,26.87442095,0,23.09000522,76.30439094,1.944,3.068916779
5,1,1.5,-43.45070423,0,0,0,0,26.8843173,0,22.2544889,80.25203134,1.622,3.068916779
5,1,2,-48.02816901,0,0,0,0,26.78535372,0,21.74109935,83.55006002,1.493,3.068916779
5,1,2.5,-45.63380282,0,0,0,0,26.65670105,0,21.30824149,83.84988081,2.423,3.068916779
5,1,3,-46.83098592,0,0,0,0,26.4785666,0,21.23777626,84.84928344,2.213,3.068916779
5,1,3.5,-47.53521127,0,0,0,0,26.35981029,0,20.97604825,86.94802897,2.576,3.068916779
5,1,4,-46.33802817,0,0,0,0,26.27074306,0,20.78478548,87.44773029,2.639,3.068916779
5,1,4.5,-47.04225352,0,0,0,0,26.19157219,0,20.66398794,86.94802897,2.648,3.068916779
5,1,5,-47.04225352,0,0,0,0,26.11240133,0,20.57338978,86.94802897,1.802,3.068916779
5,1,5.5,-44.85915493,0,0,0,0,26.07281589,0,20.3317947,87.84749134,1.845,3.068916779
5,1,6,-43.38028169,2.2,0.4,2.376501157,0,26.0233341,0,20.23113008,88.44713292,1.89,3.068916779
5,1,6.5,-18.02816901,50.8,10.2,47.00191176,1.805203111,25.93426687,0,20.49285809,89.0467745,1.659,3.068916779
5,1,7,2.253521127,146.4,34.2,150.2476842,6.447153968,25.75613241,0,21.60016888,88.54707318,1.176,3.068916779
5,1,7.5,114.3661972,241.2,56.4,254.5496794,10.83121867,25.62747975,0,22.71754614,86.14850686,1.616,3.068916779
5,1,8,208.8732394,344.6,77,368.621735,14.44162489,25.65716882,0,23.58326185,83.74994055,2.042,3.068916779
5,1,8.5,299.4366197,443.2,95.2,477.4126768,17.79414495,25.79571785,0,24.8617025,79.66238378,2.134,3.068916779
5,1,9,392.0422535,532,110.6,576.4335583,20.88877886,26.01343774,0,26.32133946,73.8958306,2.346,3.068916779
5,1,9.5,461.8309859,607.6,123,660.6673215,23.46764044,26.26084671,0,27.83130872,66.5302332,3.771,3.033137246
5,1,10,525,676.6,133.8,737.5075256,25.53072971,26.56763383,0,29.35134445,59.11466567,5.042,2.996582688
5,1,10.5,580.2816901,725,141,791.6389408,27.07804667,26.82493915,0,30.37812355,54.89718657,4.194,2.996582688
5,1,11,614.7887324,753.6,145.6,825.7021241,28.36747746,27.02286633,0,30.8915131,52.06887712,4.332,2.959224716
5,1,11.5,643.6619718,780.8,151,858.1809732,29.3990221,27.36923888,0,31.37470327,51.47922957,4.241,2.921033461
5,1,12,664.7887324,803.4,157.4,882.7381518,30.68845289,27.68592236,0,31.58609897,52.11884725,4.521,2.881977479
5,1,12.5,642.9577465,788.8,155.8,858.4450289,30.17268057,27.70571508,0,31.89815928,52.10885322,3.952,2.881977479
5,1,13,513.8732394,644.2,131.8,707.1411219,25.53072971,27.90364225,0,31.85789343,53.2381782,3.754,2.842023636
5,1,13.5,383.0985915,468.8,98.8,523.0943101,19.08357575,28.1312585,0,32.20015313,52.95834546,2.71,2.801136995
5,1,14,299.7183099,385.4,84,432.2591548,16.50471416,28.37866747,0,31.95855805,53.56798107,2.368,2.801136995
5,1,14.5,396.4084507,500.2,110.8,565.0791639,22.43609581,28.47763106,0,32.45181468,52.05888309,2.672,2.759280685
5,1,15,275.915493,362,83.6,419.8485377,17.27837264,28.32918568,0,32.24041898,52.95834546,3.017,2.759280685
5,1,15.5,215.4225352,304,74.2,349.6097257,14.95739721,28.37866747,0,31.95855805,53.55798704,3.159,2.716415763
5,1,16,107.9577465,173.6,42,205.4353222,9.026015556,28.41825291,0,31.75722882,54.71729409,2.837,2.716415763
5,1,16.5,52.95774648,111.4,26.8,129.3872852,5.673495492,28.56669829,0,31.03244357,58.47504799,2.728,2.716415763
5,1,17,15.49295775,64.6,15.8,73.14342449,3.352520064,28.6359728,0,30.55931986,59.75428336,2.447,2.716415763
5,1,17.5,-22.3943662,12.2,3,14.25900694,0.515772317,28.62607644,0,29.89493339,63.09228815,2.277,2.716415763
5,1,18,-31.05633803,0.2,0,0.264055684,0,28.64586916,0,28.84802136,68.50905041,0.802,2.716415763
5,1,18.5,-33.02816901,0,0,0,0,28.62607644,0,27.77090995,75.97458807,1.06,2.759280685
5,1,19,-23.45070423,0,0,0,0,28.48752742,0,27.11658994,80.85167292,1.67,2.759280685
5,1,19.5,-27.25352113,0,0,0,0,28.25001481,0,26.61326685,81.55125476,2.058,2.759280685
5,1,20,-24.29577465,0,0,0,0,28.05208763,0,26.25087422,81.85107555,2.081,2.759280685
5,1,20.5,-22.18309859,0,0,0,0,27.90364225,0,26.18040899,82.45071713,2.128,2.759280685
5,1,21,-17.74647887,0,0,0,0,27.81457502,0,26.05961145,83.94982107,2.7,2.759280685
5,1,21.5,-24.92957746,0,0,0,0,27.70571508,0,26.16027607,84.74934318,3.085,2.759280685
5,1,22,-23.94366197,0,0,0,0,27.61664785,0,25.97907976,85.64880555,3.281,2.759280685
5,1,22.5,-19.85915493,0,0,0,0,27.59685513,0,25.7576176,85.2490445,2.58,2.759280685
5,1,23,-19.71830986,0,0,0,0,27.57706241,0,25.57642128,84.84928344,2.703,2.759280685
5,1,23.5,-16.61971831,0,0,0,0,27.56716606,0,25.4153579,84.44952239,2.578,2.759280685
5,2,0,-14.71830986,0,0,0,0,27.49789154,0,25.30462682,84.24964186,2.246,2.759280685
5,2,0.5,-16.83098592,0,0,0,0,27.44840975,0,25.21402866,84.84928344,3.854,2.759280685
5,2,1,-36.47887324,0,0,0,0,27.43851339,0.1,24.53957572,89.34659529,4.896,2.801136995
5,2,1.5,-21.26760563,0,0,0,0,27.47809883,0.1,24.07651848,91.34540055,2.21,2.801136995
5,2,2,-17.95774648,0,0,0,0,27.37913524,0,24.02618617,91.24546029,1.428,2.801136995
5,2,2.5,-17.81690141,0,0,0,0,27.26037894,0.1,24.03625263,91.64522134,1.321,2.801136995
5,2,3,-19.01408451,0,0,0,0,27.19110442,0,24.05638556,92.14492265,1.844,2.801136995
5,2,3.5,-20.07042254,0,0,0,0,27.13172627,0,23.94565448,92.64462397,2.248,2.801136995
5,2,4,-24.57746479,0,0,0,0,27.09214084,0,23.80472401,93.14432529,4.155,2.801136995
5,2,4.5,-31.26760563,0,0,0,0,27.01296997,0,23.80472401,92.74456423,4.695,2.801136995
5,2,5,-27.3943662,0,0,0,0,26.92390274,0,23.76445816,91.54528108,3.969,2.801136995
5,2,5.5,-24.22535211,0,0,0,0,26.91400638,0,23.53292954,93.14432529,3.857,2.801136995
5,2,6,-23.8028169,2.2,0.6,1.056222736,0,26.95359182,0,22.89874245,93.24426555,4.421,2.801136995
5,2,6.5,-21.26760563,11.8,2.8,12.41061715,0,26.96348817,0,22.66721383,93.14432529,2.206,2.801136995
5,2,7,-3.943661972,36,8,38.28807419,1.547316952,26.92390274,0,22.7276126,93.24426555,0.905,2.801136995
5,2,7.5,35.35211268,84.8,18,93.47571216,3.352520064,26.87442095,0,23.07993876,93.34420581,1.015,2.801136995
5,2,8,99.85915493,165,35.6,185.1030345,6.962926286,26.85462823,0,23.48259723,92.14492265,1.51,2.801136995
5,2,8.5,199.3661972,289.6,62.8,318.9792663,11.8627633,26.85462823,0,24.25771479,90.64581871,1.004,2.801136995
5,2,9,212.5352113,307.2,67,333.502329,12.63642178,26.94369546,0,25.28449389,87.24784976,1.241,2.801136995
5,2,9.5,300.4929577,406.6,86.2,442.8213822,15.98894184,27.0525554,0,26.06967791,82.35077686,1.17,2.801136995
5,2,10,357.1830986,476.8,98.6,522.8302544,18.56780343,27.21089714,0,26.80452962,76.90403252,1.752,2.759280685
5,2,10.5,501.4788732,625,123.6,681.5277206,23.46764044,27.36923888,0,28.01250503,68.77888912,2.731,2.759280685
5,2,11,637.3239437,778.2,150,854.7482493,29.3990221,27.48799519,0,29.1802146,62.67253904,3.273,2.716415763
5,2,11.5,652.8169014,782.4,150.2,864.2542539,29.65690825,27.7255078,0,30.27745894,58.32513759,3.592,2.672501059
5,2,12,650,783.2,150.2,865.046421,29.65690825,28.03229492,0,31.07270942,55.72669075,3.235,2.627493012
5,2,12.5,640.8450704,763,147.2,848.1468572,29.3990221,28.03229492,0,31.47536789,53.14823196,3.235,2.581345488
5,2,13,612.6760563,728.8,143.8,811.1790614,28.88324978,28.15105122,0,31.94849159,51.26935501,2.876,2.581345488
5,2,13.5,530.5633803,650.4,132.2,728.793688,26.82016051,28.35887475,0,32.24041898,50.0101077,2.943,2.534009579
5,2,14,489.6478873,603.6,126.8,672.813883,25.53072971,28.57659464,0,32.56254576,48.35109933,1.88,2.485433389
5,2,14.5,333.3098592,431,94.8,487.4467928,19.08357575,28.62607644,0,33.07593531,47.28173851,1.675,2.485433389
5,2,15,258.3802817,348.6,79,393.1789136,15.73105568,28.79431454,0,32.5524793,50.44984485,1.638,2.435561791
5,2,15.5,257.9577465,355.2,86.8,401.1005841,17.53625879,28.88338176,0,32.5524793,50.07007185,1.629,2.435561791
5,2,16,152.7464789,238.4,62.6,272.2414103,12.89430794,28.70524731,0,32.57261222,50.31992251,1.424,2.384336168
5,2,16.5,68.38028169,141.6,38.8,161.0739673,8.252357079,28.76462546,0,31.85789343,55.85661309,1.688,2.384336168
5,2,17,3.23943662,57,14.2,65.48580965,3.094633905,28.95265628,0,30.61971864,62.39270631,2.028,2.384336168
5,2,17.5,-32.11267606,10,2.4,11.6184501,0.257886159,29.20006524,0,29.24061337,68.27918781,2.225,2.384336168
5,2,18,-33.52112676,0.2,0,0.264055684,0,29.18027253,0,28.16350196,73.25621291,2.194,2.384336168
5,2,18.5,-34.15492958,0,0,0,0,28.95265628,0,27.67024533,77.30379357,1.762,2.435561791
5,2,19,-35.07042254,0,0,0,0,28.67555823,0,26.86492839,79.71235391,1.594,2.435561791
5,2,19.5,-34.43661972,0,0,0,0,28.40835655,0,26.43207054,81.95101581,2.63,2.435561791
5,2,20,-36.97183099,0,0,0,0,28.17084394,0,26.03947853,81.75113528,2.651,2.435561791
5,2,20.5,-35.49295775,0,0,0,0,28.00260584,0,25.92874745,82.75053792,1.127,2.435561791
5,2,21,-33.73239437,0,0,0,0,27.90364225,0,25.45562374,84.54946265,1.341,2.435561791
5,2,21.5,-31.76056338,0,0,0,0,27.82447138,0,25.27442743,86.94802897,1.48,2.435561791
5,2,22,-32.11267606,0,0,0,0,27.71561144,0,24.92210127,87.04796923,0.197,2.435561791
5,2,22.5,-32.88732394,0,0,0,0,27.61664785,0,24.85163604,88.34719265,0.645,2.435561791
5,2,23,-30.98591549,0,0,0,0,27.51768426,0,24.71070557,89.44653555,0.595,2.435561791
5,2,23.5,-29.50704225,0,0,0,0,27.41872068,0,24.4389111,90.74575897,0.77,2.435561791
5,3,0,-29.22535211,0,0,0,0,27.33954981,0,24.22751541,91.14552002,1.468,2.435561791
5,3,0.5,-33.5915493,0,0,0,0,27.28017165,0,24.11678433,91.64522134,1.116,2.435561791
5,3,1,-33.45070423,0,0,0,0,27.2207935,0,23.94565448,92.24486292,1.468,2.435561791
5,3,1.5,-29.85915493,0,0,0,0,27.17131171,0,23.81479047,92.44474344,0.51,2.435561791
5,3,2,-29.78873239,0,0,0,0,27.11193356,0,23.71412585,92.74456423,0.951,2.485433389
5,3,2.5,-32.32394366,0,0,0,0,27.0525554,0,23.45239785,92.8445045,1.194,2.485433389
5,3,3,-33.23943662,0,0,0,0,26.98328089,0,23.79465755,93.34420581,0.944,2.485433389
5,3,3.5,-31.1971831,0,0,0,0,26.9337991,0,23.47253077,93.34420581,0.294,2.485433389
5,3,4,-37.04225352,0,0,0,0,26.90411002,0,23.31146738,93.74396687,1.043,2.485433389
5,3,4.5,-37.88732394,0,0,0,0,26.87442095,0,23.23093569,93.94384739,1.115,2.485433389
5,3,5,-41.69014085,0,0,0,0,26.81504279,0,22.99940707,94.04378766,1.318,2.485433389
5,3,5.5,-38.73239437,0,0,0,0,26.75566464,0,22.79807783,94.24366818,1.37,2.485433389
5,3,6,-39.29577465,2.2,0.4,2.112445473,0,26.67649377,0,23.03967292,94.84330976,1.673,2.485433389
5,3,6.5,-16.4084507,40,9,40.13646398,1.805203111,26.55773747,0,23.18060338,94.7433695,0.927,2.485433389
5,3,7,34.29577465,133.8,29,137.8370671,5.931381651,26.4785666,0,23.71412585,94.84330976,1.399,2.485433389
5,3,7.5,104.3661972,239.4,53,251.6450669,10.83121867,26.40929209,0,24.16711663,93.6440266,1.445,2.485433389
5,3,8,152.8169014,335.8,72.8,364.6608997,14.18373873,26.40929209,0,24.45904403,91.64522134,2.339,2.485433389
5,3,8.5,296.056338,434.2,90.8,469.7550619,18.05203111,26.51815203,0,24.93216773,89.0467745,2.096,2.485433389
5,3,9,385.6338028,527.6,106.8,570.6243333,20.88877886,26.68639013,0,25.93881391,84.64940292,1.976,2.435561791
5,3,9.5,459.4366197,608,119.8,657.4986533,23.7255266,26.90411002,0,27.07632409,75.9845821,2.672,2.435561791
5,3,10,524.7183099,671.4,129.2,724.5687971,25.27284356,27.20100078,0,28.67689151,65.66075291,2.323,2.384336168
5,3,10.5,573.2394366,713,135.4,770.5144861,26.82016051,27.46820247,0,29.97546508,59.5444088,2.407,2.33169412
5,3,11,599.2957746,746,140.2,806.4260591,27.85170514,27.65623328,0,30.88144664,55.68671465,1.545,2.33169412
5,3,11.5,621.8309859,768,143.8,833.0956832,28.62536362,27.88384953,0,31.42503558,52.07887114,1.79,2.277569142
5,3,12,644.3661972,778.6,146.6,848.1468572,29.65690825,28.14115486,0,31.82769405,50.71968357,2.713,2.221890279
5,3,12.5,636.6197183,773.4,146.2,845.2422447,29.65690825,28.25001481,0,32.10955498,49.34050793,2.453,2.221890279
5,3,13,600,732.2,141,804.049558,28.88324978,28.40835655,0,32.60281161,48.59095596,2.419,2.164581728
5,3,13.5,560,685,135.8,755.7273678,28.1095913,28.57659464,0,33.2369987,47.63152943,2.01,2.164581728
5,3,14,501.3380282,623.6,126.6,691.2977809,26.56227435,28.85369269,0,33.45846086,45.82261067,1.642,2.105562403
5,3,14.5,456.7605634,567,120.6,631.6211963,25.53072971,28.95265628,0,33.58932486,44.39346491,2.309,2.04474546
5,3,15,366.7605634,477.6,108.2,537.0892614,22.95186813,28.98234535,0,33.70005594,43.15420564,2.802,2.04474546
5,3,15.5,276.9014085,380.2,92.8,432.2591548,19.85723422,28.90317448,0,33.7101224,43.11422954,2.516,2.04474546
5,3,16,179.9295775,278.4,75.2,319.5073777,15.98894184,28.77452182,0,33.68998948,43.47401448,2.194,1.982037751
5,3,16.5,91.1971831,179,55,207.283712,11.8627633,28.68545459,0,33.48866024,44.83320206,1.654,1.982037751
5,3,17,19.29577465,85,27.2,99.81304858,6.18926781,28.65576551,0,33.18666639,48.1512188,1.136,1.982037751
5,3,17.5,-29.15492958,14,2.6,19.54012062,0.773658476,28.84379633,0,32.13975436,61.93298109,0.204,1.982037751
5,3,18,-42.32394366,0.4,0,0.264055684,0,29.44747421,0,28.88828721,71.92700741,0.556,1.982037751
5,3,18.5,-39.50704225,0,0,0,0,29.5464378,0,27.22732102,76.96399668,0.828,1.982037751
5,3,19,-37.18309859,0,0,0,0,29.19016888,0,26.84479547,80.65179239,1.499,1.982037751
5,3,19.5,-35,0,0,0,0,28.79431454,0,26.15020961,83.25023923,2.072,1.982037751
5,3,20,-34.92957746,0,0,0,0,28.4677347,0,25.83814929,84.04976134,2.443,2.04474546
5,3,20.5,-35.28169014,0,0,0,0,28.20053301,0,25.45562374,85.74874581,2.516,2.04474546
5,3,21,-33.45070423,0,0,0,0,28.0125022,0,25.38515851,85.84868607,2.592,2.04474546
5,3,21.5,-49.22535211,0,0,0,0,27.83436774,0,25.4656902,85.04916397,2.46,2.04474546
5,3,22,-38.94366197,0,0,0,0,27.68592236,0,25.51602251,85.04916397,2.475,2.04474546
5,3,22.5,-38.30985915,0,0,0,0,27.60675149,0,25.21402866,85.94862634,1.352,2.04474546
5,3,23,-36.61971831,0,0,0,0,27.57706241,0,24.73083849,86.34838739,0.984,2.04474546
5,3,23.5,-35.49295775,0,0,0,0,27.53747698,0,24.25771479,88.14731213,0.046,2.04474546
5,4,0,-35.21126761,0,0,0,0,27.44840975,0,24.06645202,89.54647581,0.501,2.04474546
5,4,0.5,-35.49295775,0,0,0,0,27.35934252,0,23.58326185,90.24605765,0.29,2.04474546
5,4,1,-36.76056338,0,0,0,0,27.26037894,0,23.47253077,90.84569923,0,2.04474546
5,4,1.5,-36.54929577,0,0,0,0,27.17131171,0,23.150404,91.24546029,0,2.04474546
5,4,2,-36.76056338,0,0,0,0,27.08224448,0,23.00947353,91.7451616,0.023,2.04474546
5,4,2.5,-35.77464789,0,0,0,0,27.00307361,0,22.90880891,92.24486292,0.012,2.04474546
5,4,3,-37.81690141,0,0,0,0,26.91400638,0,22.73767906,92.54468371,0.803,2.04474546
5,4,3.5,-36.26760563,0,0,0,0,26.83483551,0,22.53634983,92.8445045,0.184,2.04474546
5,4,4,-36.47887324,0,0,0,0,26.77545736,0,22.2544889,93.34420581,0.131,2.04474546
5,4,4.5,-37.95774648,0,0,0,0,26.70618285,0,22.32495413,93.54408634,1.196,2.04474546
5,4,5,-37.04225352,0,0,0,0,26.63690834,0,22.11355843,93.74396687,0.923,2.04474546
5,4,5.5,-39.36619718,0,0,0,0,26.57753018,0,21.85183043,93.74396687,1.51,2.04474546
5,4,6,-38.66197183,1.8,0.2,1.848389788,0,26.48846296,0,22.20415659,93.94384739,1.398,2.04474546
5,4,6.5,-16.1971831,36.2,8.4,36.70374008,1.805203111,26.39939573,0,22.16389074,93.94384739,0.952,2.04474546
5,4,7,36.97183099,131.2,28.6,135.7246216,5.673495492,26.32022486,0,23.26113507,94.34360844,1.094,2.04474546
5,4,7.5,80.70422535,196.4,43.2,210.4523802,9.283901714,26.25095035,0,23.56312893,93.14432529,1.828,2.04474546
5,4,8,159.7183099,338.4,73.2,364.1327883,14.69951105,26.24105399,0,24.07651848,91.44534081,2.507,2.04474546
5,4,8.5,301.971831,440.8,92.2,473.7158972,18.56780343,26.3103285,0,24.9925665,88.04737186,2.568,2.04474546
5,4,9,391.5492958,529.6,106.8,570.3602776,21.14666502,26.52804839,0,25.99921268,83.45011976,2.538,2.04474546
5,4,9.5,460.4225352,610.4,119.4,657.2345976,23.98341276,26.79525008,0,27.29778625,76.12449847,2.479,1.982037751
5,4,10,527.1830986,678,129.2,730.3780221,26.04650203,27.13172627,0,28.86815429,65.53083057,2.849,1.982037751
5,4,10.5,585.915493,730.2,136.8,788.2062169,27.85170514,27.40882432,0,30.51905402,57.78546017,3.099,1.91733923
5,4,11,599.2957746,733.6,136,796.6559988,27.85170514,27.63644057,0,31.72702943,53.4680408,2.937,1.91733923
5,4,11.5,616.9014085,758.4,140.6,824.909957,28.88324978,27.94322769,0,32.37128299,49.83021522,3.292,1.91733923
5,4,12,619.0140845,765.8,143,831.5113491,29.65690825,28.31928932,0,32.74374207,48.44104556,3.05,1.850542278
5,4,12.5,676.056338,810,152.4,880.6257063,31.97788368,28.38856383,0,33.156467,47.57156528,3.635,1.850542278
5,4,13,582.3943662,703.8,135.6,777.6439896,29.14113594,28.60628372,0,33.25713162,46.90196551,3.737,1.781530951
5,4,13.5,539.0140845,659.8,130,729.3217994,27.85170514,28.9229672,0,33.38799562,46.4422403,3.605,1.781530951
5,4,14,509.9295775,640,129.4,712.950347,28.36747746,29.11099802,0,33.67992302,44.40345893,3.541,1.781530951
5,4,14.5,424.9295775,539.2,114.4,608.3842961,25.27284356,29.22975432,0,33.7101224,45.53278391,3.45,1.781530951
5,4,15,355.0704225,450.2,100.2,512.2680271,22.43609581,29.29902883,0,33.68998948,46.13242549,2.961,1.710180135
5,4,15.5,281.4084507,382.6,92.2,439.1246026,20.6308927,29.29902883,0,33.43832793,46.24235977,3.131,1.710180135
5,4,16,184.5070423,277.2,74.2,321.8838789,16.50471416,29.20006524,0,33.48866024,45.92255093,3.227,1.710180135
5,4,16.5,95.70422535,179,54.4,209.3961575,12.12064946,29.12089437,0,33.33766332,47.94134425,2.359,1.710180135
5,4,17,23.30985915,86.2,27,102.1895497,6.18926781,29.07141258,0,33.28733101,51.34930722,1.25,1.710180135
5,4,17.5,-27.25352113,13.8,2.4,19.54012062,0.773658476,29.17037617,0,32.54241284,58.06529291,1.188,1.710180135
5,4,18,-39.43661972,0.6,0,0.528111368,0,29.70477954,0,29.57280661,70.10809462,0.645,1.710180135
5,4,18.5,-38.16901408,0,0,0,0,29.8334322,0,27.97223919,78.56304089,0.006,1.710180135
5,4,19,-35.77464789,0,0,0,0,29.50685236,0,26.65353269,81.35137423,0.853,1.710180135
5,4,19.5,-32.25352113,0,0,0,0,29.11099802,0,26.06967791,83.55006002,1.089,1.710180135
5,4,20,-34.64788732,0,0,0,0,28.77452182,0,25.7576176,84.64940292,0,1.710180135
5,4,20.5,-32.18309859,0,0,0,0,28.50732013,0,25.34489266,85.94862634,0.661,1.710180135
5,4,21,-30.84507042,0,0,0,0,28.30939296,0,25.1234305,87.04796923,1.115,1.710180135
5,4,21.5,-32.74647887,0,0,0,0,28.1807403,0,24.80130373,87.24784976,1.496,1.710180135
5,4,22,-33.16901408,0,0,0,0,28.06198399,0,24.68050619,87.64761081,1.695,1.710180135
5,4,22.5,-33.45070423,0,0,0,0,27.95312405,0,24.44897756,88.54707318,1.999,1.710180135
5,4,23,-31.4084507,0,0,0,0,27.8442641,0,24.35837941,89.54647581,1.903,1.710180135
5,4,23.5,-32.67605634,0,0,0,0,27.73540415,0,24.14698371,89.94623686,1.371,1.710180135
5,5,0,-32.53521127,0,0,0,0,27.63644057,0,24.00605325,90.24605765,1.633,1.710180135
5,5,0.5,-32.67605634,0,0,0,0,27.53747698,0,24.00605325,90.74575897,2.443,1.710180135
5,5,1,-34.85915493,0,0,0,0,27.43851339,0,24.01611971,90.74575897,1.149,1.710180135
5,5,1.5,-34.92957746,0,0,0,0,27.37913524,0,23.66379355,91.04557976,0.761,1.710180135
5,5,2,-33.52112676,0,0,0,0,27.32965345,0,23.43226492,91.54528108,0.841,1.710180135
5,5,2.5,-33.66197183,0,0,0,0,27.27027529,0,23.21080277,91.84510187,1.625,1.710180135
5,5,3,-33.94366197,0,0,0,0,27.20100078,0,23.22086923,92.44474344,1.152,1.710180135
5,5,3.5,-33.73239437,0,0,0,0,27.13172627,0,23.0698723,92.54468371,0.667,1.710180135
5,5,4,-34.50704225,0,0,0,0,27.06245176,0,22.89874245,93.04438502,0,1.710180135
5,5,4.5,-32.67605634,0,0,0,0,27.01296997,0,22.58668214,93.24426555,0.669,1.710180135
5,5,5,-33.23943662,0,0,0,0,26.9337991,0,22.5162169,93.54408634,1.55,1.710180135
5,5,5.5,-32.25352113,0,0,0,0,26.86452459,0,22.42561875,93.6440266,1.3,1.710180135
5,5,6,-30.56338028,1.6,0.2,1.584334104,0,26.79525008,0,22.35515351,93.6440266,0.977,1.710180135
5,5,6.5,-11.1971831,31,6.6,31.95073777,1.289430794,26.72597557,0,22.45581813,94.24366818,1.603,1.710180135
5,5,7,37.95774648,125.8,26.8,130.1794522,5.673495492,26.65670105,0,23.81479047,94.24366818,0.685,1.710180135
5,5,7.5,106.3380282,228.6,49.4,244.7796191,10.83121867,26.53794475,0,24.70063911,92.64462397,1.023,1.710180135
5,5,8,144.7183099,305.2,65.2,337.7272199,13.92585257,26.53794475,0,25.16369635,91.14552002,1.4,1.710180135
5,5,8.5,288.3802817,410.2,84.6,452.3273868,18.05203111,26.70618285,0,25.91868098,88.84689397,1.534,1.710180135
5,5,9,383.0985915,512.8,101.8,564.8151082,21.14666502,26.91400638,0,26.84479547,85.04916397,1.597,1.710180135
5,5,9.5,452.6760563,584.4,112.6,642.4474793,23.7255266,27.21089714,0,28.04270442,79.01277207,1.349,1.710180135
5,5,10,514.0140845,647.6,121.6,712.4222356,25.78861587,27.57706241,0,29.45200907,70.1380767,1.843,1.710180135
5,5,10.5,486.4788732,587.8,109.8,654.8580965,23.46764044,27.86405682,0,30.7606491,62.28277202,2.483,1.636354589
5,5,11,608.4507042,740.4,137.2,809.858783,29.14113594,28.05208763,0,31.84782697,58.92477917,2.366,1.636354589
5,5,11.5,628.1690141,740.6,137.2,812.7633955,29.3990221,28.31928932,0,32.56254576,57.34572301,2.325,1.636354589
5,5,12,388.028169,473.2,88,538.1454841,19.85723422,28.72504003,0,32.5524793,55.99652946,2.893,1.636354589
5,5,12.5,553.8028169,665.4,125.6,733.018579,27.07804667,29.00213807,0,32.90480546,55.97654141,1.926,1.559907867
5,5,13,656.3380282,767.6,147.4,842.8657435,32.23576984,28.94275992,0,33.63965717,52.34870986,2.854,1.559907867
5,5,13.5,570.4225352,680.2,134,752.0305882,29.65690825,29.10110166,0,33.82085348,50.52979707,3.218,1.559907867
5,5,14,435.7042254,539.6,109,610.2326859,24.75707124,29.50685236,0,33.74032179,49.17060949,2.512,1.559907867
5,5,14.5,396.9014085,496,104.4,561.64644,23.46764044,29.64540139,0,34.02218272,49.20059157,2.131,1.559907867
5,5,15,324.4366197,421,92.4,476.6205097,20.88877886,29.57612687,0,34.12284733,47.95133828,1.955,1.559907867
5,5,15.5,178.3802817,257.6,58.8,297.0626446,13.41008025,29.58602323,0,33.81078702,51.27934904,1.43,1.559907867
5,5,16,159.3661972,237.8,57,269.0727421,12.63642178,29.69488318,0,33.72018886,51.05948046,0.919,1.559907867
5,5,16.5,75.98591549,143.6,36.6,163.9785798,8.510243238,29.59591959,0,33.54905901,51.95894283,1.2,1.559907867
5,5,17,9.154929577,61.2,16.4,71.55909038,3.868292381,29.73446861,0,32.37128299,60.63375767,1.708,1.559907867
5,5,17.5,-30.21126761,8.2,2,10.29817168,0.515772317,30.06104845,0,31.37470327,69.35854265,1.196,1.559907867
5,5,18,-31.4084507,0.2,0,0,0,30.22928655,0,30.01573093,75.65477923,1.133,1.559907867
5,5,18.5,-32.46478873,0,0,0,0,30.06104845,0,28.55609397,81.05155344,1.733,1.559907867
5,5,19,-32.25352113,0,0,0,0,29.7146759,0,27.90177396,82.95041844,0.926,1.559907867
5,5,19.5,-29.22535211,0,0,0,0,29.3781997,0,27.44878318,85.34898476,0.572,1.559907867
5,5,20,-27.81690141,0,0,0,0,29.11099802,0,26.98572593,86.74814844,1.196,1.559907867
5,5,20.5,-30.84507042,0,0,0,0,28.88338176,0,26.703865,87.64761081,1.548,1.559907867
5,5,21,-32.81690141,0,0,0,0,28.72504003,0,26.34147238,88.34719265,2.117,1.559907867
5,5,21.5,-29.85915493,0,0,0,0,28.60628372,0,26.21060838,88.24725239,2.242,1.559907867
5,5,22,-29.22535211,0,0,0,0,28.48752742,0,26.28107361,88.84689397,1.859,1.559907867
5,5,22.5,-29.57746479,0,0,0,0,28.37866747,0,25.81801637,89.74635634,2.211,1.559907867
5,5,23,-28.94366197,0,0,0,0,28.27970388,0,25.8079499,90.14611739,1.28,1.559907867
5,5,23.5,-29.08450704,0,0,0,0,28.17084394,0,25.51602251,90.54587844,1.317,1.559907867
5,6,0,-30.28169014,0,0,0,0,28.10156943,0,25.19389574,90.44593818,2.851,1.559907867
5,6,0.5,-38.02816901,0,0,0,0,27.98281312,0,25.09323112,88.74695371,1.964,1.559907867
5,6,1,-33.23943662,0,0,0,0,27.91353861,0,24.95230065,89.24665502,1.522,1.559907867
5,6,1.5,-31.69014085,0,0,0,0,27.89374589,0,24.44897756,90.44593818,0.672,1.559907867
5,6,2,-31.26760563,0,0,0,0,27.86405682,0,24.21744894,90.9456395,0.403,1.559907867
5,6,2.5,-29.78873239,0,0,0,0,27.78488595,0,23.90538863,91.64522134,1.036,1.559907867
5,6,3,-30.21126761,0,0,0,0,27.69581872,0,23.76445816,92.14492265,0.652,1.559907867
5,6,3.5,-30.70422535,0,0,0,0,27.60675149,0,23.65372708,92.64462397,0.788,1.559907867
5,6,4,-25.84507042,0,0,0,0,27.51768426,0,23.76445816,93.04438502,1.771,1.559907867
5,6,4.5,-15.63380282,0,0,0,0,27.42861703,0,23.88525571,93.34420581,0.832,1.559907867
5,6,5,-10.49295775,0,0,0,0,27.3890316,0,24.08658494,93.74396687,0.402,1.559907867
5,6,5.5,-12.25352113,0,0,0,0,27.34944616,0,24.28791418,93.6440266,1.447,1.559907867
5,6,6,-18.45070423,1.6,0.4,1.32027842,0,27.34944616,0,24.46911049,93.44414608,1.471,1.559907867
5,6,6.5,-2.183098592,29.4,6.6,27.19773546,1.031544635,27.32965345,0,24.53957572,93.24426555,1.996,1.559907867
5,6,7,1.971830986,62.6,13,72.35125743,3.094633905,27.30986073,0,24.48924341,92.8445045,1.816,1.559907867
5,6,7.5,74.08450704,153.4,32.8,172.9564731,7.478698603,27.30986073,0,24.81137019,92.54468371,1.497,1.559907867
5,6,8,122.9577465,205,43.4,231.5768349,10.05756019,27.32965345,0,25.50595605,91.64522134,1.227,1.559907867
5,6,8.5,233.2394366,337.6,69.2,377.8636839,15.21528337,27.3890316,0,26.0193456,89.64641608,1.186,1.559907867
5,6,9,363.3098592,484.4,96,535.2408716,20.6308927,27.45830611,0,26.85486193,84.84928344,1.737,1.559907867
5,6,9.5,411.6197183,533.8,102.4,591.2206766,22.43609581,27.63644057,0,27.99237211,76.31438497,2.152,1.559907867
5,6,10,518.6619718,658.4,122,726.1531312,21.40455117,27.90364225,0,29.62313892,65.36093212,3.261,1.480681097
5,6,10.5,567.6056338,689,125.6,761.5365928,28.1095913,28.17084394,0,31.13310819,59.09467762,3.875,1.480681097
5,6,11,600.7042254,737.4,132.8,816.7242308,29.91479441,28.37866747,0,31.9988239,52.75846493,4.862,1.480681097
5,6,11.5,624.6478873,763.4,136.8,847.8828015,31.46211137,28.74483274,0,32.69340976,50.33991057,4.681,1.480681097
5,6,12,575.3521127,687.2,123.8,768.930152,28.36747746,29.21985796,0,33.14640054,49.28054378,4.302,1.480681097
5,6,12.5,678.8732394,805,148,885.3787087,33.52520064,29.41778514,0,33.14640054,48.60094999,5.769,1.480681097
5,6,13,274.2957746,349.6,65.8,384.9931874,14.95739721,29.57612687,0,33.37792916,49.09065728,3.663,1.480681097
5,6,13.5,26.61971831,57,11.2,70.50286764,2.578861587,30.17980476,0,31.97869098,53.71789146,2.248,1.480681097
5,6,14,5.774647887,26.6,5.2,35.38346166,1.289430794,30.44700644,0,28.56616043,67.69953428,5.647,1.480681097
5,6,14.5,-22.04225352,3,0.2,6.337336418,0,30.93192802,2.6,23.31146738,87.84749134,6.919,1.480681097
5,6,15,-8.661971831,3.6,0,8.44978189,0,30.04125573,12.6,22.42561875,92.64462397,5.015,1.850542278
5,6,15.5,-11.54929577,5.2,0.4,9.77006031,0,28.1807403,3.2,22.11355843,93.84390713,5.361,3.237090405
5,6,16,-6.338028169,12.8,2.2,18.2198422,0.515772317,27.60675149,2.4,21.95249504,94.7433695,4.721,3.726991262
5,6,16.5,-10.70422535,10.2,1.8,13.2027842,0.257886159,27.23068986,1.5,21.99276089,95.14313055,4.733,3.901818108
5,6,17,-18.73239437,7.2,1.2,8.713837574,0,27.04265904,0.2,22.01289381,95.14313055,4.274,3.981712275
5,6,17.5,-17.04225352,0.8,0,0.792167052,0,26.98328089,0.1,22.03302674,95.34301108,2.889,4.000982477
5,6,18,-17.32394366,0,0,0,0,26.96348817,0.6,22.0430932,95.64283187,3.176,4.000982477
5,6,18.5,-15.63380282,0,0,0,0,26.92390274,1.1,21.90216273,95.84271239,2.83,4.019984414
5,6,19,-14.71830986,0,0,0,0,26.85462823,1,21.89209627,96.14253318,3.135,4.057207964
5,6,19.5,-11.97183099,0,0,0,0,26.765561,1.7,21.89209627,96.14253318,1.981,4.093429949
5,6,20,-13.5915493,0,0,0,0,26.66659741,0.8,21.81156458,96.14253318,1.701,4.128694494
5,6,20.5,-13.5915493,0,0,0,0,26.61711562,0.4,21.80149812,96.14253318,2.76,4.145980777
5,6,21,-13.5915493,0,0,0,0,26.57753018,0.1,21.74109935,96.14253318,3.619,4.145980777
5,6,21.5,-18.87323944,0,0,0,0,26.52804839,0.1,21.7008335,96.14253318,3.88,4.128694494
5,6,22,-20.84507042,0,0,0,0,26.4785666,0.1,21.67063411,96.14253318,3.426,4.111179251
5,6,22.5,-21.1971831,0,0,0,0,26.44887752,0,21.74109935,96.14253318,2.224,4.111179251
5,6,23,-20.63380282,0,0,0,0,26.41918845,0,21.77129873,96.14253318,1.552,4.093429949
5,6,23.5,-19.43661972,0,0,0,0,26.40929209,0,21.8316975,96.34241371,1.771,4.075441329
5,7,0,-19.57746479,0,0,0,0,26.38949937,0,21.76123227,96.44235397,1.372,4.075441329
5,7,0.5,-19.57746479,0,0,0,0,26.38949937,0,21.69076704,96.44235397,1.803,4.057207964
5,7,1,-17.95774648,0,0,0,0,26.35981029,0,21.73103288,96.54229423,1.828,4.057207964
5,7,1.5,-15.91549296,0,0,0,0,26.34991393,0.1,21.74109935,96.6422345,2.608,4.038724253
5,7,2,-18.30985915,0,0,0,0,26.32022486,0,21.74109935,96.74217476,3.596,4.038724253
5,7,2.5,-20.42253521,0,0,0,0,26.30043214,0.1,21.74109935,96.6422345,2.734,4.019984414
5,7,3,-22.04225352,0,0,0,0,26.27074306,0,21.71089996,96.6422345,2.246,4.019984414
5,7,3.5,-23.94366197,0,0,0,0,26.25095035,0,21.68070058,96.6422345,2.812,4.000982477
5,7,4,-23.87323944,0,0,0,0,26.22126127,0,21.77129873,96.74217476,3.062,4.000982477
5,7,4.5,-21.76056338,0,0,0,0,26.18167584,0,21.79143165,96.74217476,3.088,4.000982477
5,7,5,-21.4084507,0,0,0,0,26.15198676,0,21.82163104,96.6422345,2.53,3.981712275
5,7,5.5,-16.12676056,0,0,0,0,26.1420904,0,21.85183043,96.6422345,2.126,3.981712275
5,7,6,-10.77464789,0.2,0,0.264055684,0,26.13219404,0,21.90216273,96.84211502,3.383,3.981712275
5,7,6.5,-8.169014085,8.8,1.6,10.29817168,0.257886159,26.10250497,0,21.97262797,96.84211502,3.001,3.981712275
5,7,7,11.05633803,36.6,7,41.72079808,1.547316952,26.09260861,0,22.10349197,96.74217476,2.089,3.962167436
5,7,7.5,40.28169014,72.4,13,83.44159616,2.578861587,26.11240133,0,22.35515351,96.74217476,1.937,3.962167436
5,7,8,88.87323944,125.6,22.8,145.2306262,5.157723175,26.17177948,0,22.69741322,96.54229423,0.995,3.962167436
5,7,8.5,123.8732394,161.4,30,181.406255,6.705040127,26.24105399,0,23.12020461,96.14253318,1.178,3.942341374
5,7,9,76.4084507,107.8,21.2,123.3140045,4.641950857,26.34991393,0,23.19066984,95.64283187,1.701,3.942341374
5,7,9.5,120.2112676,157.8,31.2,182.7265334,6.705040127,26.44887752,0,23.45239785,95.24307081,1.367,3.942341374
5,7,10,214.8591549,266.6,50.4,313.1700413,11.08910483,26.57753018,0,23.73425878,94.54348897,0.55,3.942341374
5,7,10.5,226.9014085,281.4,55,327.6931039,11.8627633,26.77545736,0,24.0966514,92.54468371,0.678,3.942341374
5,7,11,315,385,75.4,425.1296513,15.47316952,26.9337991,0,23.95572094,89.44653555,2.307,3.922227279
5,7,11.5,499.5774648,591.8,110,681.2636649,23.20975429,27.20100078,0,24.92210127,86.14850686,2.515,3.922227279
5,7,12,320.2816901,386.6,74.8,451.0071084,15.73105568,27.54737334,0,25.89854806,83.74994055,2.097,3.901818108
5,7,12.5,391.6901408,470.4,89.4,549.4998785,18.82568959,27.75519687,0,26.60320039,80.25203134,2.362,3.901818108
5,7,13,624.6478873,744.8,143.8,833.3597389,28.1095913,28.00260584,0,27.61991303,75.89463586,3.088,3.881106577
5,7,13.5,542.7464789,666.4,131.2,744.6370291,27.59381898,28.07188035,0,28.19370135,72.34675652,3.053,3.881106577
5,7,14,516.5492958,635.6,126,714.2706254,23.20975429,28.25991117,0,28.90842013,70.42790347,2.819,3.860085144
5,7,14.5,400.4225352,502.2,104.2,579.6022265,20.88877886,28.48752742,0,28.37489766,72.76650562,3.365,3.860085144
5,7,15,339.7183099,440.6,96.2,514.9085839,16.246828,28.60628372,0,28.27423304,72.81647576,3.344,3.838746003
5,7,15.5,188.1690141,257.2,58,315.5465425,13.41008025,28.42814926,0,28.24403366,72.15687002,2.897,3.838746003
5,7,16,192.1126761,278,70.8,320.2995448,9.541787873,28.32918568,0,28.34469827,72.21683418,2.974,3.817081071
5,7,16.5,105.2816901,173.8,47.6,200.1542085,9.026015556,28.14115486,0,27.98230565,74.60540647,4.216,3.817081071
5,7,17,11.05633803,62.2,18.4,77.36831543,4.384064698,28.12136214,0,27.3883844,77.3137876,3.263,3.817081071
5,7,17.5,-33.09859155,7.6,1.8,10.56222736,0.257886159,28.24011845,0,26.68373208,80.55185213,1.981,3.817081071
5,7,18,-36.83098592,0.2,0,0.264055684,0,28.26980752,0,26.2307413,83.05035871,1.259,3.795081971
5,7,18.5,-36.76056338,0,0,0,0,28.09167307,0,25.8079499,85.84868607,2.23,3.795081971
5,7,19,-31.76056338,0,0,0,0,27.89374589,0,25.4656902,87.54767055,1.699,3.795081971
5,7,19.5,-28.23943662,0,0,0,0,27.71561144,0,25.3348262,87.9474316,0.849,3.795081971
5,7,20,-24.92957746,0,0,0,0,27.56716606,0,25.13349697,89.24665502,0.812,3.795081971
5,7,20.5,-30.63380282,0,0,0,0,27.44840975,0,24.92210127,89.94623686,0.719,3.795081971
5,7,21,-29.50704225,0,0,0,0,27.34944616,0,24.7811708,90.74575897,1.131,3.795081971
5,7,21.5,-24.01408451,0,0,0,0,27.26037894,0,24.56977511,91.94504213,1.238,3.772740025
5,7,22,-20.35211268,0,0,0,0,27.19110442,0,24.48924341,91.94504213,1.106,3.772740025
5,7,22.5,-21.4084507,0,0,0,0,27.13172627,0,24.45904403,92.34480318,1.553,3.772740025
5,7,23,-22.25352113,0,0,0,0,27.09214084,0,24.3080471,92.54468371,1.669,3.772740025
5,7,23.5,-23.23943662,0,0,0,0,27.0525554,0,24.33824649,92.8445045,1.254,3.772740025
5,8,0,-23.16901408,0,0,0,0,27.01296997,0,24.28791418,93.04438502,1.331,3.772740025
5,8,0.5,-18.87323944,0,0,0,0,26.97338453,0,24.21744894,93.34420581,1.373,3.772740025
5,8,1,-20.49295775,0,0,0,0,26.91400638,0,24.1771831,93.74396687,1.155,3.772740025
5,8,1.5,-20.70422535,0,0,0,0,26.89421366,0,24.16711663,93.84390713,1.205,3.772740025
5,8,2,-20.63380282,0,0,0,0,26.85462823,0,24.06645202,94.04378766,1.327,3.772740025
5,8,2.5,-17.81690141,0,0,0,0,26.82493915,0,24.08658494,94.24366818,0.966,3.772740025
5,8,3,-21.90140845,0,0,0,0,26.80514644,0,24.06645202,94.14372792,0.42,3.750046232
5,8,3.5,-18.23943662,0,0,0,0,26.78535372,0,24.00605325,94.34360844,0.865,3.750046232
5,8,4,-21.47887324,0,0,0,0,26.765561,0,23.9657874,94.64342923,0.484,3.750046232
5,8,4.5,-19.22535211,0,0,0,0,26.74576828,0,23.87518924,94.84330976,0.808,3.750046232
5,8,5,-18.02816901,0,0,0,0,26.71607921,0,23.92552155,95.24307081,1.188,3.750046232
5,8,5.5,-17.32394366,0,0,0,0,26.70618285,0,23.84498986,95.44295134,0.868,3.750046232
5,8,6,-16.33802817,1,0.2,0.792167052,0,26.69628649,0,23.81479047,95.24307081,0.372,3.750046232
5,8,6.5,-1.901408451,20.4,4.6,20.59634336,0.773658476,26.68639013,0,23.90538863,95.44295134,0.177,3.750046232
5,8,7,27.81690141,56.2,11.4,61.78903007,2.320975429,26.67649377,0,24.05638556,95.64283187,0.201,3.750046232
5,8,7.5,58.09859155,91,18,103.7738838,3.868292381,26.68639013,0,24.21744894,95.5428916,0.656,3.750046232
5,8,8,71.61971831,128.6,25.8,145.4946819,5.415609333,26.73587192,0,24.3080471,95.04319029,1.271,3.750046232
5,8,8.5,81.33802817,125,25.6,142.8541251,5.157723175,26.80514644,0,24.40871172,94.64342923,1.442,3.750046232
5,8,9,153.943662,201.6,40.6,232.1049463,8.252357079,26.95359182,0,24.6503068,93.44414608,1.337,3.726991262
5,8,9.5,215.5633803,279,56.2,315.8105981,11.34699098,27.11193356,0,24.87176896,92.94444476,0.988,3.726991262
5,8,10,294.9295775,374.6,74.2,423.8093729,14.44162489,27.29006801,0,25.28449389,90.74575897,1.489,3.726991262
5,8,10.5,285.2816901,363.2,72.2,414.567424,14.44162489,27.40882432,0,25.53615544,87.24784976,2.565,3.726991262
5,8,11,296.4788732,377.6,74.8,428.2983196,14.69951105,27.56716606,0,26.17034253,84.1497016,3.193,3.726991262
5,8,11.5,370.7042254,469.2,91.8,525.734867,18.05203111,27.75519687,0,26.53273515,81.35137423,3.453,3.703565429
5,8,12,374.5774648,485.6,95.4,543.9547092,19.08357575,27.97291676,0,26.94546009,78.95280791,3.005,3.703565429
5,8,12.5,347.2535211,453.6,90,504.8744679,17.53625879,28.1312585,0,27.36825148,76.67416991,2.705,3.703565429
5,8,13,380,490.4,97,549.2358229,19.34146191,28.27970388,0,27.80110934,74.98517947,3.259,3.679758684
5,8,13.5,292.1126761,395.8,80,442.8213822,15.47316952,28.36877111,0,28.08297027,74.78529894,3.288,3.679758684
5,8,14,266.6197183,369,75.2,414.0393126,14.69951105,28.49742377,0,28.20376781,73.49606954,3.332,3.679758684
5,8,14.5,212.8873239,301.2,62,338.519387,12.37853562,28.55680193,0,28.22390073,74.24562152,3.336,3.679758684
5,8,15,181.5492958,263.6,54.8,297.0626446,11.08910483,28.6359728,0,28.03263796,75.94460599,3.258,3.65556059
5,8,15.5,131.056338,200,42.8,233.161169,9.283901714,28.60628372,0,27.91184042,76.5942177,3.32,3.65556059
5,8,16,77.95774648,136.4,29.2,160.5458559,6.447153968,28.51721649,0,27.78097641,77.3137876,2.609,3.65556059
5,8,16.5,35.70422535,87.8,18.8,104.3019952,4.12617854,28.42814926,0,27.65011241,78.71295128,1.973,3.65556059
5,8,17,31.4084507,89.2,24.6,102.4536054,5.157723175,28.30939296,0,27.77090995,79.46250326,1.501,3.65556059
5,8,17.5,-34.01408451,9,2,13.46683989,0.257886159,28.04219127,0,27.44878318,80.25203134,1.266,3.65556059
5,8,18,-41.83098592,0.2,0,0.264055684,0,28.1807403,0,26.93539362,83.55006002,1.346,3.65556059
5,8,18.5,-33.02816901,0,0,0,0,28.16094758,0,26.18040899,85.74874581,0.885,3.65556059
5,8,19,-27.74647887,0,0,0,0,27.99270948,0,25.83814929,86.14850686,0.431,3.630960307
5,8,19.5,-19.92957746,0,0,0,0,27.80467867,0,25.82808283,88.04737186,0.54,3.630960307
5,8,20,-20.77464789,0,0,0,0,27.65623328,0,25.74755113,89.8462966,1.942,3.630960307
5,8,20.5,-21.69014085,0,0,0,0,27.53747698,0,25.49588959,89.94623686,2.411,3.630960307
5,8,21,-29.29577465,0,0,0,0,27.44840975,0,25.43549082,90.24605765,1.951,3.630960307
5,8,21.5,-42.6056338,0,0,0,0,27.37913524,0,25.11336404,90.84569923,1.956,3.630960307
5,8,22,-43.94366197,0,0,0,0,27.30986073,0,24.66037326,90.9456395,1.031,3.630960307
5,8,22.5,-43.02816901,0,0,0,0,27.21089714,0,24.32818002,90.84569923,0.663,3.630960307
5,8,23,-41.90140845,0,0,0,0,27.07234812,0,24.10671786,91.7451616,1.326,3.630960307
5,8,23.5,-36.97183099,0,0,0,0,26.94369546,0,24.05638556,92.74456423,0.925,3.630960307
5,9,0,-32.74647887,0,0,0,0,26.82493915,0,24.01611971,93.04438502,1.355,3.630960307
5,9,0.5,-31.47887324,0,0,0,0,26.73587192,0,23.92552155,93.24426555,1.413,3.630960307
5,9,1,-30.28169014,0,0,0,0,26.68639013,0,23.78459109,93.34420581,0.618,3.630960307
5,9,1.5,-26.69014085,0,0,0,0,26.63690834,0,23.7543917,93.44414608,0.572,3.630960307
5,9,2,-34.29577465,0,0,0,0,26.60721926,0,23.73425878,93.44414608,0.122,3.630960307
5,9,2.5,-36.76056338,0,0,0,0,26.56763383,0,23.47253077,94.04378766,0.823,3.630960307
5,9,3,-36.4084507,0,0,0,0,26.51815203,0,23.30140092,94.04378766,0.649,3.630960307
5,9,3.5,-22.04225352,0,0,0,0,26.44887752,0,23.14033753,94.34360844,0.065,3.630960307
5,9,4,-19.01408451,0,0,0,0,26.39939573,0,23.11013815,94.64342923,0.621,3.605946568
5,9,4.5,-14.92957746,0,0,0,0,26.38949937,0,23.29133446,95.24307081,0.948,3.605946568
5,9,5,-11.47887324,0,0,0,0,26.37960301,0,23.44233139,95.44295134,0.457,3.605946568
5,9,5.5,-31.4084507,0,0,0,0,26.37960301,0,23.40206554,95.44295134,0.204,3.605946568
5,9,6,-13.16901408,1,0.2,1.056222736,0,26.38949937,0,23.150404,95.64283187,0.254,3.605946568
5,9,6.5,-20.77464789,21.2,4.2,25.87745704,1.031544635,26.37960301,0,23.24100215,95.5428916,1.25,3.605946568
5,9,7,-2.887323944,45.8,8.6,61.2609187,2.320975429,26.33012122,0,23.46246431,95.44295134,1.019,3.605946568
5,9,7.5,93.87323944,175.8,35.6,194.8730948,7.220812445,26.30043214,0,23.7543917,95.84271239,0.905,3.605946568
5,9,8,135.915493,229.2,46.6,251.9091226,9.283901714,26.28063942,0,24.41877818,94.94325002,1.37,3.605946568
5,9,8.5,150.1408451,257.4,51.6,292.5736979,10.31544635,26.29053578,0,24.55970864,94.04378766,1.84,3.605946568
5,9,9,324.7887324,422.2,82.6,455.7601107,15.73105568,26.4785666,0,24.82143665,93.14432529,1.708,3.605946568
5,9,9.5,317.0422535,400.6,78.8,436.4840458,15.21528337,26.74576828,0,25.40529143,90.04617713,1.772,3.605946568
5,9,10,332.8169014,416,81.4,454.9679436,15.47316952,26.96348817,0,25.77775052,87.74755107,2.052,3.580507661
5,9,10.5,412.1830986,512.8,95,569.3040548,18.82568959,27.2207935,0,26.31127299,84.74934318,2.257,3.580507661
5,9,11,652.8169014,799.2,145.6,867.9510335,28.36747746,27.47809883,0,27.15685578,81.35137423,1.99,3.580507661
5,9,11.5,595.7746479,715.8,132,779.2283237,26.04650203,27.76509323,0,28.00243857,76.56423562,2.328,3.554631403
5,9,12,662.6760563,801.4,146.4,873.2321472,29.3990221,28.25001481,0,28.76748967,72.23682223,2.059,3.554631403
5,9,12.5,480.5633803,585.8,108.6,653.5378181,22.43609581,28.56669829,0,29.09968291,69.53843512,2.508,3.554631403
5,9,13,529.7183099,642.6,120.6,719.0236277,25.0149574,28.71514367,0,29.81440169,67.93939091,2.477,3.528305116
5,9,13.5,556.4788732,678,130.4,752.2946439,27.07804667,28.71514367,0,30.24725955,65.25099783,2.797,3.528305116
5,9,14,500.4225352,619.2,121.8,693.4102263,25.53072971,28.67555823,0,30.55931986,63.76188791,3.084,3.501515604
5,9,14.5,228.3098592,305.2,61.4,350.9300041,13.41008025,28.71514367,0,30.43852232,61.83304083,3.252,3.501515604
5,9,15,288.4507042,388.4,83.8,439.1246026,17.79414495,28.99224171,0,30.24725955,63.51203725,2.62,3.501515604
5,9,15.5,261.971831,356.2,82.4,408.2300876,17.79414495,28.60628372,0,30.82104787,60.81365015,2.895,3.501515604
5,9,16,134.9295775,207.8,52,246.0998975,11.60487714,28.30939296,0,30.63985156,61.90299902,2.469,3.501515604
5,9,16.5,43.73239437,84.2,19.2,104.0379395,4.641950857,28.42814926,0,29.56274015,65.86063344,3.501,3.501515604
5,9,17,-18.02816901,22.2,4.4,35.38346166,1.547316952,28.96255263,0,26.0998773,76.68416394,4.781,3.474249121
5,9,17.5,-33.8028169,5.2,0.8,8.977893258,0,28.99224171,0,25.27442743,78.48308868,3.728,3.474249121
5,9,18,-39.50704225,0.2,0,0.264055684,0,28.586491,0,24.87176896,79.14269441,2.332,3.474249121
5,9,18.5,-39.92957746,0,0,0,0,28.21042937,0,24.70063911,80.75173265,1.063,3.474249121
5,9,19,-38.66197183,0,0,0,0,27.92343497,0,24.59997449,83.65000028,1.163,3.474249121
5,9,19.5,-38.66197183,0,0,0,0,27.7255078,0,24.06645202,85.94862634,0.546,3.474249121
5,9,20,-37.11267606,0,0,0,0,27.52758062,0,23.94565448,87.64761081,0.398,3.474249121
5,9,20.5,-38.30985915,0,0,0,0,27.35934252,0,23.60339478,88.94683423,0.844,3.474249121
5,9,21,-39.50704225,0,0,0,0,27.23068986,0,23.39199908,89.94623686,1.282,3.474249121
5,9,21.5,-38.23943662,0,0,0,0,27.12182991,0,23.281268,90.84569923,1.693,3.474249121
5,9,22,-38.52112676,0,0,0,0,27.04265904,0,23.18060338,91.24546029,1.24,3.474249121
5,9,22.5,-36.61971831,0,0,0,0,26.96348817,0,23.0698723,91.04557976,0.55,3.474249121
5,9,23,-36.1971831,0,0,0,0,26.86452459,0,23.0698723,91.7451616,0.317,3.474249121
5,9,23.5,-35.56338028,0,0,0,0,26.79525008,0,22.89874245,92.14492265,0.096,3.474249121
5,10,0,-35.56338028,0,0,0,0,26.72597557,0,22.74774552,92.94444476,0.006,3.474249121
5,10,0.5,-35.63380282,0,0,0,0,26.6468047,0,22.53634983,93.54408634,0.033,3.474249121
5,10,1,-39.08450704,0,0,0,0,26.56763383,0,22.46588459,93.44414608,0.367,3.474249121
5,10,1.5,-40.14084507,0,0,0,0,26.48846296,0,22.27462182,93.6440266,1.438,3.474249121
5,10,2,-40.49295775,0,0,0,0,26.41918845,0,22.1739572,93.94384739,1.068,3.474249121
5,10,2.5,-39.22535211,0,0,0,0,26.34991393,0,22.03302674,94.24366818,1.74,3.474249121
5,10,3,-35.28169014,0,0,0,0,26.28063942,0,22.13369136,94.24366818,1.559,3.474249121
5,10,3.5,-39.78873239,0,0,0,0,26.20146855,0,22.09342551,94.34360844,1.617,3.474249121
5,10,4,-38.73239437,0,0,0,0,26.15198676,0,21.99276089,94.7433695,2.032,3.474249121
5,10,4.5,-38.5915493,0,0,0,0,26.09260861,0,21.77129873,94.54348897,1.157,3.474249121
5,10,5,-40.63380282,0,0,0,0,26.03323046,0,21.54983657,94.64342923,0.515,3.474249121
5,10,5.5,-39.85915493,0,0,0,0,25.9738523,0,21.77129873,94.94325002,0.932,3.474249121
5,10,6,-39.08450704,1.2,0.2,1.584334104,0,25.88478507,0,21.79143165,94.7433695,1.399,3.474249121
5,10,6.5,-18.52112676,30,6,31.95073777,1.289430794,25.80561421,0,21.86189689,94.94325002,0.767,3.474249121
5,10,7,36.1971831,122.8,25,127.010784,5.157723175,25.71654698,0,23.11013815,94.84330976,0.272,3.474249121
5,10,7.5,102.6056338,218.6,45.6,235.0095588,9.541787873,25.65716882,0,23.56312893,93.14432529,1.102,3.446491342
5,10,8,141.1971831,318.4,64.8,350.9300041,13.1521941,25.60768703,0,23.71412585,91.14552002,1.858,3.446491342
5,10,8.5,283.028169,413,81.6,454.1757766,16.246828,25.71654698,0,24.34831295,89.34659529,1.463,3.446491342
5,10,9,368.028169,501.2,96,551.8763797,19.08357575,25.95405959,0,24.95230065,85.84868607,1.575,3.446491342
5,10,9.5,437.6056338,577,107.8,635.0539202,21.66243733,26.24105399,0,25.64688652,82.45071713,1.335,3.446491342
5,10,10,508.8028169,642.2,117.2,705.8208435,23.7255266,26.66659741,0,26.74413085,77.40373384,1.086,3.418227335
5,10,10.5,555.1408451,693.8,125,763.3849826,25.27284356,27.02286633,0,27.74071057,71.05752712,1.246,3.418227335
5,10,11,592.9577465,731.2,130.6,805.3698364,26.56227435,27.17131171,0,28.53596105,63.55201336,1.699,3.418227335
5,10,11.5,614.084507,750.4,134,827.8145695,27.59381898,27.52758062,0,29.5224743,58.89479709,1.847,3.389441522
5,10,12,629.5774648,755,135.4,832.5675719,28.36747746,28.04219127,0,30.12646201,56.8859978,1.645,3.389441522
5,10,12.5,619.0140845,744.2,134.6,823.0615672,28.36747746,28.15105122,0,30.48885463,55.42686996,1.55,3.360117648
5,10,13,590.1408451,711,130.8,786.6218828,27.59381898,28.21042937,0,30.91164603,54.0377003,1.784,3.360117648
5,10,13.5,557.8873239,675,129.2,754.1430337,27.33593283,28.34897839,0,31.35457035,52.63853662,1.512,3.330238739
5,10,14,305.6338028,386.4,75.2,445.461939,16.76260032,28.47763106,0,31.1834405,58.35511967,2.199,3.330238739
5,10,14.5,423.2394366,530.2,108.8,598.6142358,23.46764044,28.65576551,0,30.8915131,57.36571107,2.414,3.330238739
5,10,15,353.5211268,456,99,520.717809,21.66243733,28.35887475,0,31.07270942,53.37809457,3.186,3.330238739
5,10,15.5,265,365.4,85.4,419.0563706,18.56780343,28.16094758,0,31.20357342,53.06827975,2.643,3.299787062
5,10,16,173.943662,267.2,69.2,310.0013731,14.95739721,27.98281312,0,31.00224418,54.65732993,2.894,3.299787062
5,10,16.5,83.87323944,168.6,50,197.249596,11.08910483,27.89374589,0,30.61971864,56.38629649,2.455,3.299787062
5,10,17,15.42253521,76.8,22.4,91.89137805,5.157723175,27.88384953,0,29.91506631,59.74428933,2.371,3.299787062
5,10,17.5,-35.63380282,9.8,1.8,15.05117399,0.515772317,28.03229492,0,29.06948352,65.04112328,1.678,3.299787062
5,10,18,-43.45070423,0.2,0,0.264055684,0,28.39846019,0,27.67024533,74.20564541,2.185,3.299787062
5,10,18.5,-41.54929577,0,0,0,0,28.42814926,0,26.38173823,77.08392499,2.534,3.299787062
5,10,19,-42.18309859,0,0,0,0,28.11146579,0,25.78781698,79.79230613,2.839,3.299787062
5,10,19.5,-42.6056338,0,0,0,0,27.79478231,0,25.25429451,81.95101581,3.583,3.299787062
5,10,20,-41.97183099,0,0,0,0,27.52758062,0,24.93216773,82.35077686,2.738,3.299787062
5,10,20.5,-41.26760563,0,0,0,0,27.31975709,0,24.68050619,83.25023923,2.248,3.299787062
5,10,21,-40.70422535,0,0,0,0,27.18120807,0,24.42884464,84.1497016,2.082,3.299787062
5,10,21.5,-40.14084507,0,0,0,0,27.06245176,0,24.21744894,84.84928344,2.479,3.299787062
5,10,22,-43.87323944,0,0,0,0,26.92390274,0,24.10671786,85.44892502,2.383,3.299787062
5,10,22.5,-42.11267606,0,0,0,0,26.81504279,0,24.07651848,85.94862634,1.378,3.299787062
5,10,23,-42.81690141,0,0,0,0,26.73587192,0,24.00605325,86.54826792,0.271,3.299787062
5,10,23.5,-44.15492958,0,0,0,0,26.66659741,0,23.76445816,86.64820818,0.356,3.299787062
5,11,0,-41.76056338,0,0,0,0,26.58742654,0,23.4926637,86.94802897,0.275,3.299787062
5,11,0.5,-41.61971831,0,0,0,0,26.54784111,0,23.11013815,87.34779002,0.219,3.299787062
5,11,1,-41.1971831,0,0,0,0,26.50825567,0,22.8584766,88.74695371,0.383,3.299787062
5,11,1.5,-41.12676056,0,0,0,0,26.35981029,0,22.7276126,88.54707318,0.485,3.299787062
5,11,2,-40.63380282,0,0,0,0,26.26084671,0,22.3853529,88.54707318,0.413,3.299787062
5,11,2.5,-41.1971831,0,0,0,0,26.20146855,0,22.26455536,89.54647581,0.204,3.299787062
5,11,3,-40.35211268,0,0,0,0,26.16188312,0,21.94242858,89.8462966,0.557,3.299787062
5,11,3.5,-39.01408451,0,0,0,0,26.10250497,0,21.76123227,91.14552002,1.004,3.299787062
5,11,4,-38.73239437,0,0,0,0,26.0233341,0,21.49950426,91.54528108,1.406,3.299787062
5,11,4.5,-38.73239437,0,0,0,0,25.95405959,0,21.44917195,91.64522134,1.145,3.299787062
5,11,5,-39.50704225,0,0,0,0,25.86499236,0,21.36864026,91.7451616,1.069,3.299787062
5,11,5.5,-39.43661972,0,0,0,0,25.78582149,0,21.3585738,92.04498239,1.2,3.299787062
5,11,6,-34.57746479,1.6,0.4,1.32027842,0,25.72644334,0,21.30824149,92.44474344,1.4,3.299787062
5,11,6.5,0.211267606,36.2,7.6,32.47884914,1.031544635,25.6868579,0,21.38877318,92.74456423,1.16,3.299787062
5,11,7,38.38028169,96.2,20.2,94.79599058,3.610406222,25.65716882,0,22.01289381,92.44474344,0.903,3.299787062
5,11,7.5,106.3380282,207,43.2,215.9975496,8.768129397,25.64727247,0,22.20415659,92.24486292,1.27,3.299787062
5,11,8,188.6619718,311,63.8,339.311554,13.1521941,25.70665062,0,23.31146738,91.14552002,0.951,3.299787062
5,11,8.5,279.5774648,405.4,80.2,444.1416606,16.246828,25.79571785,0,23.93558801,88.94683423,1.11,3.299787062
5,11,9,368.4507042,499,95.6,547.1233774,19.34146191,26.00354138,0,24.80130373,86.14850686,1.248,3.26874408
5,11,9.5,446.056338,577.2,107.8,632.4133633,21.92032349,26.24105399,0,25.79788344,81.55125476,1.3,3.26874408
5,11,10,505.7746479,642,117.2,702.6521753,23.98341276,26.63690834,0,26.92532716,74.37554386,0.965,3.26874408
5,11,10.5,560.915493,692.6,124.4,758.6319803,25.53072971,26.89421366,0,28.19370135,66.8700301,1.441,3.237090405
5,11,11,595.7746479,729.6,130.2,797.9762772,26.82016051,27.09214084,0,29.43187615,63.1122762,1.288,3.237090405
5,11,11.5,616.9014085,748.2,133.4,819.6288433,28.1095913,27.45830611,0,30.26739247,59.29455815,1.375,3.204805749
5,11,12,628.1690141,752.8,134.8,824.6459013,28.36747746,27.93333133,0,31.1834405,57.9853407,1.314,3.204805749
5,11,12.5,618.3098592,733.4,133,809.858783,28.36747746,28.0125022,0,31.27403865,59.09467762,2.373,3.171868865
5,11,13,590.8450704,701.6,129.2,770.2504304,27.85170514,28.25991117,0,31.54583312,58.87480904,2.249,3.171868865
5,11,13.5,544.084507,655.6,125.4,730.6420778,27.07804667,28.36877111,0,31.89815928,58.10526901,1.553,3.171868865
5,11,14,486.7605634,605.6,118.2,676.2466069,25.78861587,28.35887475,0,32.07935559,57.19581262,1.834,3.138257493
5,11,14.5,440.2112676,548.4,112.4,613.4013541,24.75707124,28.39846019,0,32.02902328,57.06589028,2.114,3.138257493
5,11,15,315.0704225,406.6,87.6,460.7771687,19.34146191,28.36877111,0,32.25048544,56.53620688,2.214,3.103948293
5,11,15.5,92.32394366,151.2,34.8,188.7998141,8.510243238,28.53700921,0,31.47536789,59.82424154,1.503,3.103948293
5,11,16,53.8028169,101,23,132.2918977,5.931381651,28.62607644,0,31.35457035,60.53381741,1.934,3.103948293
5,11,16.5,31.90140845,74.4,18.6,92.68354511,4.641950857,28.66566187,0,30.50898756,65.23100978,2.762,3.103948293
5,11,17,35.91549296,75,18,68.91853354,3.094633905,28.8042109,0,26.63339977,65.65075888,6.366,3.103948293
5,11,17.5,-90.28169014,33.4,7.6,24.29312293,0.773658476,28.93286356,1.7,24.48924341,74.89523323,6.211,3.103948293
5,11,18,-49.78873239,0.4,0,0.264055684,0,28.78441818,0.1,23.57319539,79.62240768,3.476,3.103948293
5,11,18.5,-43.16901408,0,0,0,0,28.10156943,0,23.7543917,81.95101581,2.529,3.103948293
5,11,19,-41.4084507,0,0,0,0,27.61664785,0,23.412132,83.65000028,1.651,3.138257493
5,11,19.5,-38.02816901,0,0,0,0,27.37913524,0,23.36179969,85.74874581,2.01,3.103948293
5,11,20,-38.87323944,0,0,0,0,27.23068986,0,23.25106861,86.44832765,2.502,3.103948293
5,11,20.5,-40.70422535,0,0,0,0,27.07234812,0,23.10007169,86.84808871,2.489,3.103948293
5,11,21,-39.08450704,0,0,0,0,26.92390274,0,23.150404,87.9474316,1.968,3.138257493
5,11,21.5,-37.74647887,0.2,0,0,0,26.83483551,0,23.04973938,88.14731213,0.66,3.138257493
5,11,22,-35.42253521,0.6,0,0,0,26.75566464,0,22.95914122,89.64641608,1.165,3.138257493
5,11,22.5,-34.50704225,0.6,0,0,0,26.68639013,0,22.81821076,90.44593818,0.636,3.138257493
5,11,23,-34.01408451,0.6,0,0,0,26.58742654,0,22.65714737,90.9456395,0.271,3.138257493
5,11,23.5,-34.15492958,0.4,0,0,0,26.50825567,0,22.63701444,91.54528108,0.335,3.138257493
5,12,0,-34.29577465,0.2,0,0,0,26.4290848,0,22.70747968,91.84510187,0.369,3.138257493
5,12,0.5,-33.8028169,0.2,0,0,0,26.36970665,0,22.65714737,92.34480318,1.112,3.138257493
5,12,1,-33.73239437,0.6,0,0,0,26.3103285,0,22.37528644,92.64462397,1.192,3.138257493
5,12,1.5,-36.12676056,0.6,0,0,0,26.26084671,0,22.24442244,92.54468371,0.706,3.138257493
5,12,2,-35.70422535,0.4,0,0,0,26.20146855,0,22.19409013,92.64462397,1.227,3.138257493
5,12,2.5,-32.32394366,0.4,0,0,0,26.1420904,0,21.98269443,92.74456423,1.487,3.138257493
5,12,3,-28.38028169,0.6,0,0,0,26.07281589,0,22.16389074,93.44414608,0.671,3.138257493
5,12,3.5,-35.56338028,0.6,0,0,0,26.04312681,0,22.10349197,93.74396687,1.396,3.138257493
5,12,4,-38.38028169,0.6,0,0,0,25.99364502,0,22.0430932,93.34420581,0.847,3.138257493
5,12,4.5,-37.74647887,0.6,0,0,0,25.93426687,0,21.89209627,93.6440266,0.206,3.138257493
5,12,5,-37.6056338,0.6,0,0,0,25.88478507,0,21.61023534,94.04378766,0.636,3.138257493
5,12,5.5,-38.52112676,0.6,0,0,0,25.82540692,0,21.42903903,94.24366818,0.808,3.138257493
5,12,6,-37.53521127,1.8,0.2,1.32027842,0,25.75613241,0,21.3585738,94.54348897,0.07,3.138257493
5,12,6.5,-17.46478873,31.4,5.8,31.68668209,1.031544635,25.69675426,0,21.50957073,94.7433695,0,3.138257493
5,12,7,32.32394366,112.6,24,114.8642226,4.641950857,25.60768703,0,22.48601752,94.54348897,0.864,3.138257493
5,12,7.5,95.07042254,205.2,43.8,217.317828,9.026015556,25.53841252,0,23.17053692,93.94384739,0.797,3.138257493
5,12,8,160.3521127,306,62.4,329.8055494,12.63642178,25.53841252,0,23.84498986,91.94504213,0.772,3.138257493
5,12,8.5,288.5211268,404.6,79.2,442.0292151,15.98894184,25.59779067,0,24.61004095,88.44713292,1.242,3.103948293
5,12,9,366.9014085,492.6,93.6,540.2579296,18.82568959,25.78582149,0,25.53615544,83.35017949,1.499,3.103948293
5,12,9.5,452.0422535,572,106.2,626.6041383,21.40455117,26.10250497,0,26.81459608,78.85286765,1.069,3.103948293
5,12,10,509.5774648,637.4,115.8,698.1632287,23.46764044,26.61711562,0,28.13330258,74.02575294,0.83,3.103948293
5,12,10.5,562.8873239,689.4,123.4,754.1430337,25.27284356,27.06245176,0,29.03928414,69.06871589,1.103,3.068916779
5,12,11,603.5211268,724.2,128.6,792.9592192,26.56227435,27.24058622,0,30.14659493,65.37092615,1.108,3.068916779
5,12,11.5,620.4225352,742.2,131.8,814.875841,27.59381898,27.62654421,0,30.88144664,61.11347094,1.661,3.033137246
5,12,12,623.2394366,743.8,132.8,820.1569547,28.1095913,28.09167307,0,31.32437096,58.90479112,1.925,3.033137246
5,12,12.5,623.2394366,742.6,133.8,815.6680081,28.1095913,28.37866747,0,32.05922267,57.32573496,1.496,2.996582688
5,12,13,625.3521127,737.6,135.4,796.6559988,28.36747746,28.51721649,0,32.79407438,54.36750317,2.447,2.996582688
5,12,13.5,510.9859155,618.4,118,683.640166,24.75707124,28.7547291,0,32.76387499,53.2781543,2.352,2.959224716
5,12,14,324.5070423,403.4,78.4,447.5743845,16.76260032,28.93286356,0,32.95513777,54.01771225,2.074,2.959224716
5,12,14.5,188.3098592,256.8,52.6,302.3437583,11.8627633,29.28913247,0,30.56938633,57.12585444,3.278,2.959224716
5,12,15,331.6197183,425.2,92,476.0923984,19.59934806,29.11099802,0,32.10955498,51.40927138,1.439,2.959224716
5,12,15.5,266.1971831,355.4,82.6,403.2130296,17.53625879,28.40835655,0,33.14640054,49.38048404,1.188,2.921033461
5,12,16,169.8591549,251.6,64.2,286.5004172,13.41008025,28.1807403,0,33.13633408,49.56037651,1.357,2.921033461
5,12,16.5,27.18309859,74.4,18.2,99.28493721,4.641950857,28.39846019,0,32.85447315,54.86720449,0.963,2.921033461
5,12,17,22.3943662,73.2,20.2,81.32915069,4.384064698,28.8042109,0,31.75722882,64.90120691,1.768,2.921033461
5,12,17.5,-29.50704225,9.2,1.8,12.93872852,0.515772317,28.88338176,0,30.46872171,68.96877562,2.025,2.921033461
5,12,18,-37.32394366,0.2,0,0,0,29.10110166,0,28.98895183,75.66477326,2.128,2.921033461
5,12,18.5,-37.46478873,0,0,0,0,28.98234535,0,28.0225715,79.36256299,2.163,2.959224716
5,12,19,-36.76056338,0,0,0,0,28.6359728,0,27.53938133,81.45131449,1.937,2.959224716
5,12,19.5,-35,0,0,0,0,28.32918568,0,26.76426377,83.05035871,1.978,2.959224716
5,12,20,-37.25352113,0,0,0,0,28.07188035,0,26.28107361,84.24964186,2.57,2.959224716
5,12,20.5,-35.28169014,0,0,0,0,27.8442641,0,26.10994376,83.15029897,2.645,2.959224716
5,12,21,-35.63380282,0,0,0,0,27.64633693,0,26.14014314,83.45011976,2.285,2.959224716
5,12,21.5,-36.12676056,0,0,0,0,27.5077879,0,25.86834868,84.54946265,2.008,2.959224716
5,12,22,-35.56338028,0,0,0,0,27.44840975,0,25.3348262,86.34838739,1.083,2.959224716
5,12,22.5,-34.15492958,0,0,0,0,27.39892796,0,24.91203481,87.44773029,1.672,2.959224716
5,12,23,-39.01408451,0,0,0,0,27.27027529,0,24.91203481,86.54826792,2.501,2.959224716
5,12,23.5,-33.30985915,0,0,0,0,27.13172627,0,24.83150311,86.44832765,1.103,2.959224716
5,13,0,-32.04225352,0,0,0,0,27.07234812,0,24.35837941,87.34779002,0.005,2.959224716
5,13,0.5,-34.36619718,0,0,0,0,27.01296997,0,24.07651848,88.74695371,1.003,2.959224716
5,13,1,-30.84507042,0,0,0,0,26.9337991,0,23.95572094,89.64641608,0.752,2.959224716
5,13,1.5,-29.15492958,0,0,0,0,26.85462823,0,23.92552155,90.44593818,0.049,2.959224716
5,13,2,-36.12676056,0,0,0,0,26.78535372,0,23.7543917,91.24546029,0.221,2.959224716
5,13,2.5,-28.73239437,0,0,0,0,26.71607921,0,23.56312893,91.44534081,0.788,2.959224716
5,13,3,-22.46478873,0,0,0,0,26.65670105,0,23.69399293,91.84510187,1.511,2.959224716
5,13,3.5,-19.15492958,0,0,0,0,26.60721926,0,23.82485693,92.44474344,0.718,2.959224716
5,13,4,-30.21126761,0,0,0,0,26.5973229,0,23.81479047,92.64462397,1.049,2.959224716
5,13,4.5,-35.21126761,0,0,0,0,26.56763383,0,23.74432524,92.74456423,0.976,2.959224716
5,13,5,-35.28169014,0,0,0,0,26.53794475,0,23.42219846,93.04438502,0.739,2.959224716
5,13,5.5,-31.4084507,0,0,0,0,26.49835931,0,23.2007363,93.84390713,0.633,2.959224716
5,13,6,-29.29577465,1.6,0.4,1.056222736,0,26.44887752,0,23.10007169,93.84390713,0.658,2.959224716
5,13,6.5,-21.97183099,16,3.4,17.16361946,0.515772317,26.37960301,0,23.18060338,93.74396687,1.487,2.959224716
5,13,7,16.33802817,72.2,14.4,79.21670522,3.094633905,26.30043214,0,23.23093569,93.74396687,1.466,2.959224716
5,13,7.5,103.5211268,219,45.2,229.2003338,9.283901714,26.24105399,0,23.99598678,93.14432529,1.422,2.959224716
5,13,8,190.5633803,304.2,61.8,330.3336608,12.37853562,26.23115763,0,24.94223419,91.34540055,2.226,2.959224716
5,13,8.5,273.7323944,385.8,77,423.5453172,15.47316952,26.34991393,0,25.85828221,88.04737186,2.806,2.959224716
5,13,9,320.915493,425,82.8,470.8112847,17.02048648,26.52804839,0,26.68373208,82.85047818,3.297,2.959224716
5,13,9.5,402.4647887,525,100,578.5460038,20.37300654,26.765561,0,27.70044472,76.39433718,3.737,2.921033461
5,13,10,391.8309859,501.2,94.6,554.7809922,19.34146191,27.09214084,0,28.77755613,71.17745544,3.113,2.921033461
5,13,10.5,464.5070423,573.8,106.2,633.4695861,21.92032349,27.32965345,0,29.44194261,67.57960596,2.871,2.921033461
5,13,11,529.7183099,644.6,116.6,714.2706254,24.75707124,27.5077879,0,30.23719309,64.83124873,3.244,2.881977479
5,13,11.5,609.8591549,729.8,131.6,805.8979478,27.85170514,27.83436774,0,30.92171249,61.86302291,3.825,2.881977479
5,13,12,623.2394366,734.2,133.6,809.3306717,28.36747746,28.16094758,0,31.32437096,59.58438491,4.36,2.842023636
5,13,12.5,521.1971831,621,115.4,684.4323331,24.24129892,28.31928932,0,31.7874282,57.58557965,4.155,2.842023636
5,13,13,552.3943662,679.4,126.6,747.2775859,27.07804667,28.55680193,0,32.20015313,56.13644583,4.456,2.801136995
5,13,13.5,569.0140845,679,131.4,759.9522587,28.36747746,28.65576551,0,32.57261222,55.3669058,4.095,2.801136995
5,13,14,433.3802817,549.8,108,618.9465234,23.7255266,28.87348541,0,32.37128299,53.57797509,4.42,2.759280685
5,13,14.5,388.5211268,492.4,100.4,553.9888252,21.66243733,29.06151622,0,32.3410836,54.5673837,3.516,2.759280685
5,13,15,237.1126761,316.6,67.2,364.9249554,14.95739721,29.06151622,0,32.3410836,54.25756888,3.213,2.716415763
5,13,15.5,231.3380282,321.4,71.8,362.2843985,15.21528337,29.18027253,0,31.98875744,56.10646375,2.449,2.716415763
5,13,16,56.76056338,110.6,22.2,128.0670068,4.899837016,29.14068709,0,31.81762759,57.0758843,1.874,2.716415763
5,13,16.5,23.52112676,67.8,13.8,76.04803701,3.094633905,29.36830334,0,31.28410511,61.85302888,1.097,2.716415763
5,13,17,-7.535211268,27,6.2,29.04612525,1.289430794,29.43757785,0,30.61971864,70.57781386,1.309,2.716415763
5,13,17.5,-24.29577465,6,1.2,6.601392102,0,29.42768149,0,29.37147737,73.41611733,1.053,2.716415763
5,13,18,-30.49295775,0,0,0,0,29.32871791,0,28.40509704,79.49248534,1.629,2.716415763
5,13,18.5,-26.61971831,0,0,0,0,29.08130894,0,27.72057764,81.45131449,2.067,2.716415763
5,13,19,-31.05633803,0,0,0,0,28.8042109,0,27.21725455,81.75113528,2.537,2.759280685
5,13,19.5,-27.74647887,0,0,0,0,28.53700921,0,26.77433024,82.95041844,3.167,2.759280685
5,13,20,-26.90140845,0,0,0,0,28.35887475,0,26.16027607,81.1514937,3.634,2.759280685
5,13,20.5,-22.25352113,0,0,0,0,28.22032573,0,25.71735175,80.95161318,3.024,2.716415763
5,13,21,-19.92957746,0,0,0,0,28.11146579,0,25.45562374,82.2508366,2.806,2.759280685
5,13,21.5,-18.52112676,0,0,0,0,28.02239856,0,25.32475974,83.84988081,1.619,2.759280685
5,13,22,-21.4084507,0,0,0,0,27.90364225,0,25.24422805,84.24964186,1.495,2.759280685
5,13,22.5,-17.67605634,0,0,0,0,27.81457502,0,25.09323112,85.04916397,0.312,2.759280685
5,13,23,-14.78873239,0,0,0,0,27.74530051,0,24.9925665,87.04796923,1.421,2.759280685
5,13,23.5,-11.90140845,0,0,0,0,27.676026,0,24.77110434,87.44773029,1.857,2.759280685
5,14,0,-25.98591549,0,0,0,0,26.71607921,7.8,24.22751541,89.94623686,5.015,3.726991262
5,14,0.5,-18.66197183,0,0,0,0,25.95405959,4.7,23.86512278,92.54468371,4.459,4.463715554
5,14,1,-20.21126761,0,0,0,0,26.05302317,2.5,23.73425878,93.54408634,5.355,4.436710259
5,14,1.5,-16.90140845,0,0,0,0,26.11240133,1.5,22.92894184,94.44354871,5.74,4.450287922
5,14,2,-16.12676056,0,0,0,0,26.0233341,1.1,22.81821076,94.94325002,4.757,4.541279556
5,14,2.5,-16.61971831,0,0,0,0,25.96395594,0.9,22.60681506,95.24307081,4.392,4.515979605
5,14,3,-15.84507042,0,0,0,0,25.95405959,0.8,22.57661567,95.5428916,3.969,4.49013163
5,14,3.5,-18.8028169,0,0,0,0,25.93426687,0.7,22.44575167,95.64283187,4.1,4.463715554
5,14,4,-15.91549296,0,0,0,0,25.92437051,0.5,22.46588459,95.74277213,3.546,4.436710259
5,14,4.5,-20.77464789,0,0,0,0,25.91447415,0.5,22.45581813,95.5428916,4.071,4.395048566
5,14,5,-21.54929577,0,0,0,0,25.90457779,0.4,22.44575167,95.64283187,3.968,4.36647031
5,14,5.5,-23.38028169,0,0,0,0,25.91447415,0.4,22.37528644,95.74277213,4.24,4.351930654
5,14,6,-23.30985915,0.2,0,0.264055684,0,25.91447415,0.3,22.34508705,95.74277213,4.416,4.337219607
5,14,6.5,-18.09859155,7.8,1.4,8.44978189,0,25.89468143,0.3,22.35515351,95.84271239,3.487,4.307269667
5,14,7,-3.028169014,36.6,6.6,40.92863103,1.289430794,25.88478507,0.2,22.52628336,95.74277213,3.054,4.292023697
5,14,7.5,15.70422535,72.2,12.4,80.27292796,2.320975429,25.88478507,0.2,22.86854307,95.44295134,3.466,4.276592177
5,14,8,90.56338028,146.8,25.6,165.5629139,5.157723175,25.88478507,0.1,23.37186615,95.04319029,1.607,4.260971312
5,14,8.5,242.7464789,314.4,56.2,346.1770018,11.8627633,25.92437051,0.2,24.05638556,94.34360844,1.881,4.245157198
5,14,9,271.4788732,343.8,62.2,382.0885748,13.1521941,26.12229768,0.1,24.58990803,93.34420581,2.012,4.229145817
5,14,9.5,248.8028169,308.4,58,345.9129461,12.12064946,26.40929209,0.1,25.00263296,91.94504213,2.027,4.212933033
5,14,10,368.5211268,462.8,87,519.6615862,17.27837264,26.67649377,0,25.49588959,89.94623686,2.371,4.196514589
5,14,10.5,410.3521127,492.2,93.2,551.8763797,18.30991727,26.91400638,0.1,26.28107361,86.84808871,2.688,4.1798861
5,14,11,351.4084507,429,82.8,480.3172893,15.98894184,27.15151899,0,27.00585886,84.1497016,2.262,4.163043047
5,14,11.5,462.3943662,558.6,106.4,621.3230246,20.6308927,27.46820247,0,27.70044472,80.95161318,1.891,4.145980777
5,14,12,456.9014085,552.2,105.8,617.0981337,20.88877886,27.74530051,0.1,28.46549581,77.53365618,1.438,4.128694494
5,14,12.5,419.7887324,502.2,97.4,566.663498,19.34146191,27.91353861,0,29.11981583,72.9463981,2.309,4.111179251
5,14,13,419.4366197,514.6,99.8,579.0741151,19.85723422,28.15105122,0,29.48220845,71.07751518,2.09,4.093429949
5,14,13.5,432.1830986,515.8,102.4,578.5460038,20.37300654,28.34897839,0,30.13652847,69.96817825,2.286,4.075441329
5,14,14,242.6760563,304.6,61.8,346.7051132,12.63642178,28.49742377,0.1,30.40832294,68.51904444,1.54,4.075441329
5,14,14.5,236.1971831,304.6,61.6,347.4972802,12.37853562,28.67555823,0,30.36805709,67.36973141,1.713,4.057207964
5,14,15,157.3943662,223.6,46,255.0777908,9.541787873,28.82400361,0,30.22712663,68.36913404,1.401,4.038724253
5,14,15.5,293.8732394,390.2,86.4,430.9388764,16.76260032,28.84379633,0,30.49892109,67.26979115,1.173,4.038724253
5,14,16,77.25352113,128.4,27.6,151.8320183,5.931381651,28.53700921,0,30.59958571,66.84004802,0.56,4.019984414
5,14,16.5,57.3943662,112.2,26.4,127.8029511,5.415609333,28.71514367,0,30.05599678,70.57781386,1.416,4.019984414
5,14,17,18.16901408,63,15.4,71.2950347,3.094633905,28.7547291,0.1,29.43187615,75.32497636,2.25,4.000982477
5,14,17.5,-26.47887324,9.6,2.2,11.09033873,0.257886159,28.79431454,0,28.42522997,80.05215081,2.364,4.000982477
5,14,18,-35,0,0,0,0,28.76462546,0,27.76084349,83.74994055,2.389,4.000982477
5,14,18.5,-34.15492958,0,0,0,0,28.54690557,0,27.22732102,85.74874581,2.584,3.981712275
5,14,19,-28.38028169,0,0,0,0,28.28960024,0,26.93539362,88.14731213,2.382,3.981712275
5,14,19.5,-31.05633803,0,0,0,0,28.10156943,0,26.56293454,89.54647581,1.809,3.981712275
5,14,20,-27.74647887,0,0,0,0,27.97291676,0,26.21060838,90.54587844,1.489,3.962167436
5,14,20.5,-23.5915493,0,0,0,0,27.85416046,0,26.0998773,91.14552002,1.285,3.962167436
5,14,21,-22.46478873,0,0,0,0,27.76509323,0,25.92874745,91.14552002,1.364,3.962167436
5,14,21.5,-28.02816901,0,0,0,0,27.68592236,0,25.78781698,91.24546029,1.503,3.962167436
5,14,22,-31.54929577,0,0,0,0,27.60675149,0,25.57642128,91.14552002,0.793,3.942341374
5,14,22.5,-28.94366197,0,0,0,0,27.52758062,0,25.44555728,91.34540055,0.334,3.942341374
5,14,23,-30.70422535,0,0,0,0,27.44840975,0.1,25.29456035,91.84510187,0.929,3.942341374
5,14,23.5,-29.43661972,0,0,0,0,27.37913524,0,25.05296527,92.44474344,0.821,3.942341374
5,15,0,-28.52112676,0,0,0,0,27.29996437,0,24.94223419,92.8445045,1.412,3.942341374
5,15,0.5,-31.76056338,0,0,0,0,27.21089714,0,24.94223419,93.44414608,1.032,3.942341374
5,15,1,-29.57746479,0,0,0,0,27.13172627,0,24.76103788,93.34420581,0.266,3.922227279
5,15,1.5,-28.66197183,0,0,0,0,27.07234812,0,24.63017388,93.54408634,0.766,3.922227279
5,15,2,-30.21126761,0,0,0,0,27.00307361,0,24.62010741,93.74396687,0.656,3.922227279
5,15,2.5,-29.64788732,0,0,0,0,26.9337991,0,24.66037326,93.84390713,0.184,3.922227279
5,15,3,-29.85915493,0,0,0,0,26.89421366,0,24.44897756,94.14372792,0.825,3.922227279
5,15,3.5,-29.08450704,0,0,0,0,26.85462823,0,24.35837941,94.54348897,1.538,3.922227279
5,15,4,-28.5915493,0,0,0,0,26.83483551,0,24.22751541,94.84330976,1.447,3.901818108
5,15,4.5,-27.6056338,0,0,0,0,26.78535372,0.1,24.02618617,94.94325002,0.814,3.901818108
5,15,5,-24.71830986,0,0,0,0,26.73587192,0,23.89532217,94.84330976,0.146,3.901818108
5,15,5.5,-28.94366197,0,0,0,0,26.68639013,0,23.94565448,94.94325002,0,3.901818108
5,15,6,-26.12676056,0.6,0,0.528111368,0,26.63690834,0,23.88525571,95.14313055,0,3.901818108
5,15,6.5,-11.26760563,14.6,3,15.57928536,0.257886159,26.5973229,0,23.77452463,95.24307081,0,3.901818108
5,15,7,12.3943662,54.6,10.8,61.52497439,2.06308927,26.57753018,0,24.20738248,95.44295134,0,3.901818108
5,15,7.5,36.69014085,87.4,17,102.7176611,3.352520064,26.5973229,0,24.89190188,95.44295134,0.005,3.881106577
5,15,8,156.2676056,218.4,44,245.0436748,8.510243238,26.61711562,0,25.45562374,95.44295134,0.173,3.881106577
5,15,8.5,270.0704225,321.4,64.4,357.0032849,12.12064946,26.68639013,0.1,26.14014314,94.14372792,0.842,3.881106577
5,15,9,229.7887324,307.6,60.4,351.1940598,11.8627633,26.86452459,0,26.04954499,92.24486292,1.276,3.881106577
5,15,9.5,360.4929577,448,87.2,502.4979668,16.246828,27.16141535,0,26.47233638,87.04796923,1.459,3.881106577
5,15,10,425.915493,525.4,100,595.4455676,19.34146191,27.40882432,0,27.29778625,82.65059765,1.016,3.860085144
5,15,10.5,459.2957746,555.2,103.2,635.8460872,20.37300654,27.61664785,0,28.37489766,77.21384734,1.409,3.860085144
5,15,11,581.6901408,692.6,127.2,777.9080452,24.75707124,27.85416046,0,29.30101214,70.8976227,1.157,3.838746003
5,15,11.5,612.6760563,715,131,801.1449454,26.04650203,28.1807403,0,30.39825648,66.75010178,2.344,3.838746003
5,15,12,444.084507,524.2,98.8,604.1594051,19.85723422,28.48752742,0,30.86131372,63.51203725,2.511,3.838746003
5,15,12.5,476.3380282,556.2,105,636.90231,21.14666502,28.586491,0.1,31.48543435,61.98295123,1.478,3.817081071
5,15,13,571.1267606,666.8,125.6,748.3338086,25.27284356,28.62607644,0,32.03908975,59.52442075,1.571,3.817081071
5,15,13.5,526.6197183,613.2,120,703.4443423,24.49918508,28.62607644,0,32.43168176,58.09527499,1.969,3.795081971
5,15,14,509.7887324,617.4,122.8,696.5788946,24.75707124,28.8042109,0,32.65314392,57.10586638,1.54,3.795081971
5,15,14.5,477.3239437,568,117.4,634.7898645,23.46764044,28.81410725,0,33.13633408,56.22639207,1.446,3.772740025
5,15,15,344.8591549,435,92.2,479.7891779,18.05203111,28.97244899,0,33.26719808,56.53620688,1.46,3.772740025
5,15,15.5,116.056338,172,35.8,197.7777074,7.478698603,29.19016888,0,32.39141591,59.78426544,2.053,3.772740025
5,15,16,43.30985915,76.2,15.2,87.66648711,3.094633905,29.7146759,0,30.02579739,71.2374196,3.087,3.750046232
5,15,16.5,20.63380282,48.2,9.6,55.71574934,2.06308927,29.87301764,0,28.51582812,75.47488676,2.876,3.750046232
5,15,17,-3.661971831,18.4,4,21.12445473,0.515772317,29.59591959,0,27.7306441,76.7441281,2.418,3.750046232
5,15,17.5,-60.14084507,3.4,0.6,3.696779577,0,29.21985796,0,27.05619117,77.99338139,2.969,3.750046232
5,15,18,-27.67605634,0,0,0,0,28.90317448,0,26.45220346,82.95041844,2.057,3.750046232
5,15,18.5,-34.50704225,0,0,0,0,28.55680193,0,26.64346623,85.2490445,1.572,3.750046232
5,15,19,-28.87323944,0,0,0,0,28.26980752,0,26.30120653,86.74814844,1.002,3.750046232
5,15,19.5,-25.84507042,0,0,0,0,28.09167307,0.1,26.20054191,87.74755107,1.135,3.750046232
5,15,20,-27.25352113,0,0,0,0,27.95312405,0,26.29114007,89.0467745,1.257,3.750046232
5,15,20.5,-31.1971831,0,0,0,0,27.85416046,0,26.14014314,89.34659529,0.932,3.750046232
5,15,21,-30.77464789,0,0,0,0,27.77498959,0,26.02941206,89.8462966,1.602,3.750046232
5,15,21.5,-27.95774648,0,0,0,0,27.69581872,0,25.78781698,90.34599792,2.095,3.750046232
5,15,22,-29.29577465,0,0,0,0,27.61664785,0,25.71735175,90.54587844,1.647,3.750046232
5,15,22.5,-30,0,0,0,0,27.54737334,0,25.44555728,90.9456395,0.688,3.750046232
5,15,23,-28.73239437,0,0,0,0,27.48799519,0,25.38515851,91.94504213,1.445,3.750046232
5,15,23.5,-28.30985915,0,0,0,0,27.41872068,0,25.3348262,91.84510187,1.471,3.750046232
5,16,0,-28.94366197,0,0,0,0,27.35934252,0,25.0730982,91.84510187,1.274,3.750046232
5,16,0.5,-25.56338028,0,0,0,0,27.29996437,0,24.82143665,91.94504213,0.293,3.750046232
5,16,1,-27.04225352,0,0,0,0,27.24058622,0,24.82143665,92.8445045,0,3.750046232
5,16,1.5,-30,0,0,0,0,27.20100078,0,24.55970864,92.8445045,0.194,3.750046232
5,16,2,-30.35211268,0,0,0,0,27.14162263,0,24.48924341,93.04438502,0.407,3.750046232
5,16,2.5,-29.57746479,0,0,0,0,27.08224448,0,24.31811356,93.14432529,1.298,3.750046232
5,16,3,-25.98591549,0,0,0,0,27.01296997,0,24.41877818,93.34420581,0.314,3.750046232
5,16,3.5,-33.8028169,0,0,0,0,26.96348817,0.1,24.36844587,93.54408634,0.397,3.750046232
5,16,4,-33.8028169,0,0,0,0,26.89421366,0,24.32818002,93.74396687,1.39,3.750046232
5,16,4.5,-30.63380282,0,0,0,0,26.81504279,0,24.53957572,94.04378766,1.803,3.750046232
5,16,5,-30,0,0,0,0,26.75566464,0,24.74090496,94.14372792,1.82,3.750046232
5,16,5.5,-36.76056338,0,0,0,0,26.74576828,0,24.61004095,94.14372792,1.447,3.726991262
5,16,6,-26.97183099,1,0.2,1.056222736,0,26.73587192,0,24.45904403,94.24366818,0.822,3.726991262
5,16,6.5,-7.253521127,32.4,6,29.8382923,0.773658476,26.72597557,0,24.4389111,94.44354871,0.999,3.726991262
5,16,7,38.66197183,81.8,15.4,87.13837574,2.836747746,26.68639013,0,24.91203481,94.7433695,0.997,3.726991262
5,16,7.5,94.78873239,127,24,140.4776239,4.384064698,26.69628649,0,25.38515851,94.54348897,0.973,3.726991262
5,16,8,121.6901408,141.8,26.6,158.1693548,5.157723175,26.77545736,0,25.58648775,94.34360844,1.576,3.726991262
5,16,8.5,227.3239437,318.8,61,354.8908394,12.12064946,26.94369546,0,26.0998773,93.94384739,1.416,3.726991262
5,16,9,371.6197183,481.2,90.8,534.9768159,17.27837264,27.13172627,0,26.73406439,92.24486292,1.386,3.726991262
5,16,9.5,438.0985915,554,101.8,616.0419109,19.59934806,27.36923888,0,27.13672286,88.54707318,1.164,3.726991262
5,16,10,505.2112676,614.2,110.6,682.3198876,21.40455117,27.70571508,0,27.9420398,82.2508366,1.114,3.726991262
5,16,10.5,539.1549296,649.4,115.6,722.1922959,22.43609581,27.98281312,0,29.05941706,73.12629057,1.606,3.703565429
5,16,11,583.0985915,696.4,123.2,774.739377,23.98341276,28.15105122,0.1,30.40832294,64.4015056,1.828,3.703565429
5,16,11.5,610.5633803,725.8,130.4,805.8979478,25.78861587,28.43804562,0,31.5257002,58.22519733,1.923,3.679758684
5,16,12,627.4647887,736.2,131.6,820.6850661,26.30438819,28.67555823,0,32.2102196,55.65673257,1.908,3.679758684
5,16,12.5,642.9577465,764.8,138.4,846.0344117,27.59381898,28.72504003,0,32.894739,54.07767641,1.8,3.679758684
5,16,13,666.9014085,800.8,147.8,868.4791449,29.14113594,28.78441818,0,33.09606823,52.78844701,2.211,3.65556059
5,16,13.5,604.9295775,729,139,801.4090011,27.59381898,29.0417235,0,33.51885963,52.40867401,1.729,3.65556059
5,16,14,308.8732394,393.8,76.4,432.7872662,15.21528337,29.24954704,0,33.34772978,50.98952228,1.24,3.630960307
5,16,14.5,73.09859155,120.6,23.6,134.1402875,4.899837016,29.70477954,0,32.60281161,57.62555575,1.407,3.630960307
5,16,15,42.18309859,80.4,15.6,92.15543374,3.352520064,30.05115209,0.1,30.57945279,68.68894289,3.286,3.630960307
5,16,15.5,38.87323944,74,14.2,84.76187458,2.836747746,29.99177394,0,29.80433523,72.74651757,2.96,3.630960307
5,16,16,21.97183099,53.8,10.6,61.2609187,2.06308927,29.6651941,0,29.42180968,74.97518544,2.432,3.630960307
5,16,16.5,15.49295775,45.8,9.2,53.86735955,1.805203111,29.39799242,0,28.95875244,74.8452631,2.545,3.630960307
5,16,17,-2.394366197,28.6,6.2,32.21479346,1.547316952,29.20006524,0,28.56616043,78.51307076,2.781,3.630960307
5,16,17.5,-10.91549296,3.8,0.8,4.488946629,0,29.02193079,0,27.96217273,80.75173265,3.094,3.630960307
5,16,18,-16.61971831,0,0,0,0,28.88338176,0,25.85828221,79.7823121,7.006,3.630960307
5,16,18.5,-17.81690141,0,0,0,0,28.73493638,0,24.34831295,81.75113528,4.623,3.630960307
5,16,19,-16.33802817,0,0,0,0,28.50732013,0,23.9657874,84.1497016,1.89,3.605946568
5,16,19.5,-38.16901408,0,0,0,0,28.20053301,0,23.97585386,85.2490445,1.937,3.605946568
5,16,20,-34.64788732,0,0,0,0,27.94322769,0,23.72419232,87.34779002,2.246,3.605946568
5,16,20.5,-25.77464789,0,0,0,0,27.76509323,0,23.542996,87.84749134,1.274,3.605946568
5,16,21,-24.01408451,0,0,0,0,27.63644057,0,23.47253077,89.24665502,1.965,3.605946568
5,16,21.5,-20.28169014,0,0,0,0,27.52758062,0,23.26113507,90.14611739,2.082,3.605946568
5,16,22,-20.07042254,0,0,0,0,27.42861703,0,23.13027107,90.9456395,1.87,3.605946568
5,16,22.5,-25.63380282,0,0,0,0,27.32965345,0,23.07993876,91.04557976,1.831,3.605946568
5,16,23,-23.09859155,0,0,0,0,27.25048258,0.1,22.89874245,91.44534081,1.851,3.605946568
5,16,23.5,-16.97183099,0,0,0,0,27.18120807,0,22.75781199,91.54528108,1.571,3.605946568
5,17,0,-16.97183099,0,0,0,0,27.09214084,0,22.78801137,91.7451616,1.699,3.605946568
5,17,0.5,-16.4084507,0,0,0,0,27.02286633,0,22.7276126,91.84510187,1.39,3.605946568
5,17,1,-18.45070423,0,0,0,0,26.96348817,0,22.71754614,91.84510187,0.844,3.605946568
5,17,1.5,-24.50704225,0,0,0,0,26.87442095,0,22.66721383,92.14492265,1.684,3.605946568
5,17,2,-18.8028169,0,0,0,0,26.82493915,0,22.62694798,92.24486292,0.121,3.605946568
5,17,2.5,-17.25352113,0,0,0,0,26.78535372,0,22.80814429,92.64462397,0.173,3.605946568
5,17,3,-18.52112676,0,0,0,0,26.73587192,0,22.83834368,93.04438502,1.042,3.605946568
5,17,3.5,-20.56338028,0,0,0,0,26.67649377,0,22.73767906,93.04438502,1.224,3.605946568
5,17,4,-20.84507042,0,0,0,0,26.62701198,0,22.55648275,93.44414608,2.072,3.605946568
5,17,4.5,-17.46478873,0,0,0,0,26.58742654,0,22.53634983,93.94384739,1.838,3.605946568
5,17,5,-18.5915493,0,0,0,0,26.55773747,0,22.45581813,94.14372792,2.065,3.605946568
5,17,5.5,-19.22535211,0,0,0,0,26.51815203,0,22.33502059,94.34360844,1.523,3.580507661
5,17,6,-15.98591549,0.6,0,0.264055684,0,26.46867024,0,22.27462182,94.64342923,2.482,3.580507661
5,17,6.5,-18.02816901,9,1.8,10.82628305,0,26.4290848,0,22.05315966,94.84330976,2.704,3.580507661
5,17,7,17.32394366,62.2,11.8,68.39042217,2.06308927,26.37960301,0.1,22.24442244,95.04319029,1.48,3.580507661
5,17,7.5,101.056338,157.6,30.2,163.1864128,5.415609333,26.34991393,0,22.62694798,94.64342923,1.511,3.580507661
5,17,8,54.08450704,78.2,14.4,87.40243142,2.836747746,26.35981029,0,22.55648275,93.84390713,1.807,3.580507661
5,17,8.5,98.23943662,134.4,25,152.3601297,4.899837016,26.40929209,0,22.81821076,93.54408634,1.89,3.580507661
5,17,9,129.7183099,163.8,30.4,187.21548,6.18926781,26.4785666,0,22.94907476,92.64462397,1.767,3.580507661
5,17,9.5,153.1690141,187.8,35,216.7897166,7.220812445,26.61711562,0,23.11013815,91.84510187,1.447,3.580507661
5,17,10,292.6056338,359.4,68.4,395.5554147,12.89430794,26.78535372,0,23.61346124,91.24546029,1.141,3.580507661
5,17,10.5,532.3239437,645.4,117.4,700.8037855,22.17820965,27.01296997,0,24.50937634,89.14671476,1.093,3.580507661
5,17,11,489.1549296,597.8,109.2,665.1562682,21.66243733,27.16141535,0,25.3348262,86.34838739,1.819,3.580507661
5,17,11.5,330.7746479,397.8,74.2,452.5914425,14.69951105,27.5572697,0,25.82808283,83.65000028,2.155,3.580507661
5,17,12,240.3521127,310.6,60,348.8175586,12.12064946,28.00260584,0,26.04954499,81.35137423,2.646,3.580507661
5,17,12.5,368.8732394,468.4,88.2,523.6224215,17.02048648,28.15105122,0,26.59313392,78.29320218,2.507,3.554631403
5,17,13,300.7042254,383.2,72.2,429.8826537,14.44162489,28.1312585,0,27.08639055,75.32497636,2.434,3.554631403
5,17,13.5,134.9295775,192.4,37.4,216.2616052,7.478698603,28.26980752,0,27.16692225,75.61480312,2.111,3.554631403
5,17,14,138.3098592,194.6,38.2,218.9021621,7.736584762,28.43804562,0,27.19712163,77.41372786,2.041,3.554631403
5,17,14.5,213.943662,282.2,56.2,316.6027652,11.34699098,28.47763106,0.1,27.16692225,77.01396681,2.145,3.554631403
5,17,15,356.6901408,462.8,96,512.5320828,18.05203111,28.30939296,0,27.65011241,74.55543633,1.981,3.554631403
5,17,15.5,199.0140845,281,62.4,324.7884914,11.60487714,27.89374589,0,27.79104288,70.43789749,2.554,3.554631403
5,17,16,111.8309859,174.8,39,205.9634336,8.252357079,27.89374589,0,27.75077703,71.71713286,2.483,3.554631403
5,17,16.5,19.01408451,56.2,10.8,71.03097901,2.578861587,28.14115486,0,27.34811856,75.42491662,1.353,3.554631403
5,17,17,-5.492957746,23.8,5,29.04612525,1.289430794,28.28960024,0,27.03605824,79.01277207,1.131,3.554631403
5,17,17.5,-19.78873239,6.6,1.2,7.657614838,0,28.23022209,0,26.74413085,82.05095607,1.108,3.554631403
5,17,18,-24.43661972,0,0,0,0,28.09167307,0,26.18040899,84.84928344,1.849,3.554631403
5,17,18.5,-26.61971831,0,0,0,0,27.92343497,0,25.96901329,86.34838739,1.316,3.554631403
5,17,19,-26.4084507,0,0,0,0,27.76509323,0,25.58648775,87.9474316,1.712,3.554631403
5,17,19.5,-24.22535211,0,0,0,0,27.61664785,0,25.28449389,89.14671476,2.023,3.554631403
5,17,20,-28.87323944,0,0,0,0,27.51768426,0,24.9925665,89.44653555,2.172,3.554631403
5,17,20.5,-29.43661972,0,0,0,0,27.40882432,0,24.66037326,89.94623686,2.753,3.528305116
5,17,21,-27.11267606,0,0,0,0,27.29996437,0,24.72077203,90.64581871,1.674,3.528305116
5,17,21.5,-18.09859155,0,0,0,0,27.2207935,0,24.67043972,91.14552002,2.122,3.528305116
5,17,22,-16.83098592,0,0,0,0,27.14162263,0.1,24.58990803,90.9456395,2.183,3.528305116
5,17,22.5,-17.74647887,0,0,0,0,27.08224448,0,24.58990803,91.24546029,2.093,3.528305116
5,17,23,-19.43661972,0,0,0,0,27.04265904,0,24.63017388,92.14492265,1.613,3.528305116
5,17,23.5,-23.8028169,0,0,0,0,27.03276269,0,24.56977511,92.54468371,1.177,3.528305116
5,18,0,-27.67605634,0,0,0,0,27.00307361,0,24.42884464,92.74456423,1.503,3.528305116
5,18,0.5,-29.64788732,0,0,0,0,26.96348817,0,24.22751541,93.14432529,1.379,3.528305116
5,18,1,-22.3943662,0,0,0,0,26.91400638,0,24.08658494,93.6440266,1.754,3.528305116
5,18,1.5,-12.74647887,0,0,0,0,26.8843173,0,23.99598678,93.84390713,2.105,3.528305116
5,18,2,-15.14084507,0,0,0,0,26.82493915,0,23.91545509,93.54408634,2.428,3.528305116
5,18,2.5,-25.70422535,0,0,0,0,26.74576828,0,23.85505632,93.6440266,2.82,3.528305116
5,18,3,-26.61971831,0,0,0,0,26.72597557,0,23.81479047,93.84390713,2.427,3.528305116
5,18,3.5,-15.77464789,0,0,0,0,26.68639013,0,23.77452463,94.04378766,1.617,3.528305116
5,18,4,-28.45070423,0,0,0,0,26.61711562,0,23.82485693,94.24366818,2.945,3.528305116
5,18,4.5,-23.38028169,0,0,0,0,26.54784111,0,23.81479047,94.24366818,2.48,3.528305116
5,18,5,-14.57746479,0,0,0,0,26.49835931,0,23.87518924,94.24366818,1.918,3.528305116
5,18,5.5,-34.01408451,0,0,0,0,26.48846296,0,23.78459109,94.24366818,2.112,3.528305116
5,18,6,-30.98591549,0.4,0,0.528111368,0,26.50825567,0,23.58326185,94.44354871,1.958,3.528305116
5,18,6.5,-23.94366197,12,2.4,13.99495126,0.257886159,26.49835931,0,23.47253077,94.44354871,1.342,3.528305116
5,18,7,11.47887324,60.6,11.4,67.33419944,2.320975429,26.46867024,0,23.52286308,94.7433695,1.331,3.528305116
5,18,7.5,52.53521127,106.2,20.2,118.0328908,3.352520064,26.44887752,0,23.81479047,94.14372792,1.908,3.528305116
5,18,8,76.90140845,127.8,24.2,148.9274058,4.899837016,26.46867024,0,23.97585386,93.14432529,1.878,3.528305116
5,18,8.5,99.43661972,150,28.4,180.0859765,5.931381651,26.52804839,0,24.10671786,91.7451616,1.599,3.528305116
5,18,9,139.2253521,195,37,230.5206122,7.736584762,26.61711562,0,24.42884464,90.14611739,1.406,3.528305116
5,18,9.5,213.5915493,286.4,52.6,334.5585517,10.57333251,26.72597557,0,24.79123727,88.84689397,1.448,3.528305116
5,18,10,511.5492958,653.8,117.8,714.0065697,22.17820965,26.99317725,0,25.97907976,87.1479095,1.068,3.528305116
5,18,10.5,546.9014085,667.2,118.6,734.0748017,22.69398197,27.28017165,0,26.573001,83.65000028,1.526,3.528305116
5,18,11,523.6619718,622.8,111.2,691.5618366,21.66243733,27.44840975,0.1,27.37831794,80.3519716,1.666,3.501515604
5,18,11.5,473.7323944,580.2,104.2,649.0488714,20.37300654,27.69581872,0,28.33463181,76.62419978,1.681,3.501515604
5,18,12,596.4788732,713.6,126.8,788.2062169,24.49918508,27.99270948,0,28.77755613,73.48607552,1.749,3.501515604
5,18,12.5,588.7323944,707,126.4,781.8688805,24.49918508,28.10156943,0,29.50234138,69.65836344,1.578,3.474249121
5,18,13,568.3098592,689.4,125,755.4633121,24.49918508,28.25001481,0,30.15666139,66.92000023,1.977,3.474249121
5,18,13.5,466.971831,569.4,107.8,642.1834236,21.40455117,28.50732013,0,30.26739247,66.57020931,2.019,3.474249121
5,18,14,449.9295775,552.6,106,612.3451313,20.88877886,28.69535095,0,30.52912048,65.65075888,2.23,3.446491342
5,18,14.5,243.3802817,311.4,61.8,366.5092895,13.41008025,28.7547291,0,30.46872171,65.32095602,1.814,3.446491342
5,18,15,265.9859155,348.4,72.6,401.6286955,14.95739721,28.90317448,0,30.23719309,66.44028696,2.303,3.446491342
5,18,15.5,136.9014085,198.8,43.4,242.403118,9.799674032,28.82400361,0,29.91506631,68.73891302,2.795,3.446491342
5,18,16,172.2535211,257.4,62.8,295.7423662,12.63642178,28.71514367,0,29.87480046,67.35973739,2.949,3.446491342
5,18,16.5,18.16901408,63,14,81.32915069,3.094633905,28.4677347,0,29.49227492,68.92879952,2.226,3.446491342
5,18,17,-7.323943662,31.6,6.6,38.28807419,1.547316952,28.71514367,0,28.66682505,74.25561554,1.712,3.446491342
5,18,17.5,-25.70422535,7.8,1.8,8.44978189,0,28.78441818,0,27.95210626,78.33317828,2.101,3.446491342
5,18,18,-34.15492958,0,0,0,0,28.60628372,0,27.36825148,80.75173265,1.947,3.446491342
5,18,18.5,-30.14084507,0,0,0,0,28.38856383,0,26.9152607,82.85047818,2.62,3.446491342
5,18,19,-34.64788732,0,0,0,0,28.17084394,0,26.42200407,83.55006002,2.091,3.446491342
5,18,19.5,-35.91549296,0,0,0,0,28.0125022,0,26.04954499,85.14910423,1.737,3.446491342
5,18,20,-35.49295775,0,0,0,0,27.88384953,0,25.63682005,86.74814844,1.973,3.446491342
5,18,20.5,-34.85915493,0,0,0,0,27.7255078,0,25.56635482,88.74695371,2.196,3.446491342
5,18,21,-36.97183099,0,0,0,0,27.58695877,0,25.32475974,89.64641608,1.85,3.446491342
5,18,21.5,-36.26760563,0,0,0,0,27.48799519,0,25.0730982,89.94623686,1.059,3.446491342
5,18,22,-34.36619718,0,0,0,0,27.40882432,0,24.8617025,90.34599792,0.873,3.446491342
5,18,22.5,-32.6056338,0,0,0,0,27.32965345,0,24.67043972,90.64581871,0.732,3.446491342
5,18,23,-25.98591549,0,0,0,0,27.25048258,0,24.64024034,91.04557976,0.959,3.446491342
5,18,23.5,-25.49295775,0,0,0,0,27.16141535,0,24.53957572,92.04498239,1.18,3.446491342
5,19,0,-25.07042254,0,0,0,0,27.09214084,0,24.39864526,92.54468371,1.403,3.446491342
5,19,0.5,-27.25352113,0,0,0,0,27.01296997,0,24.23758187,92.24486292,0.252,3.446491342
5,19,1,-22.67605634,0,0,0,0,26.97338453,0,24.14698371,92.34480318,0.13,3.446491342
5,19,1.5,-18.8028169,0,0,0,0,26.92390274,0,24.14698371,93.24426555,1.36,3.446491342
5,19,2,-18.09859155,0,0,0,0,26.89421366,0,24.12685079,93.44414608,1.44,3.446491342
5,19,2.5,-20.84507042,0,0,0,0,26.84473187,0,24.13691725,93.94384739,2.204,3.446491342
5,19,3,-21.1971831,0,0,0,0,26.80514644,0.1,23.99598678,94.44354871,2.361,3.418227335
5,19,3.5,-19.57746479,0,0,0,0,26.79525008,0,23.93558801,94.7433695,1.669,3.418227335
5,19,4,-17.32394366,0,0,0,0,26.78535372,0,23.91545509,95.04319029,1.822,3.418227335
5,19,4.5,-20.98591549,0,0,0,0,26.75566464,0,23.82485693,95.24307081,1.791,3.418227335
5,19,5,-16.4084507,0,0,0,0,26.73587192,0,23.7543917,95.44295134,1.162,3.418227335
5,19,5.5,-10.91549296,0,0,0,0,26.71607921,0,23.74432524,95.5428916,0.705,3.418227335
5,19,6,-18.09859155,0.6,0,0.528111368,0,26.71607921,0,23.71412585,95.5428916,1.327,3.418227335
5,19,6.5,-2.042253521,8.4,1.6,9.241948942,0,26.69628649,0,23.60339478,95.74277213,1.274,3.418227335
5,19,7,18.38028169,42,8.4,46.20974471,1.547316952,26.68639013,0,23.65372708,95.64283187,1.311,3.418227335
5,19,7.5,32.25352113,66.4,12.4,76.57614838,2.320975429,26.70618285,0,23.7543917,95.34301108,0.849,3.418227335
5,19,8,77.11267606,134,26,147.8711831,4.899837016,26.72597557,0,23.94565448,94.94325002,1.262,3.418227335
5,19,8.5,126.6197183,161.6,32,176.1251413,5.931381651,26.765561,0,24.18724956,94.04378766,1.907,3.418227335
5,19,9,169.084507,212.6,40.8,240.0266168,7.994470921,26.91400638,0,24.36844587,93.34420581,1.19,3.418227335
5,19,9.5,227.1126761,283.6,54.8,324.5244357,10.83121867,27.07234812,0,24.71070557,92.34480318,1.283,3.418227335
5,19,10,383.5211268,490,90,537.0892614,16.76260032,27.20100078,0,25.45562374,91.24546029,0.832,3.418227335
5,19,10.5,597.8873239,735.6,131.8,791.9029965,24.49918508,27.44840975,0,26.43207054,87.64761081,1.364,3.389441522
5,19,11,601.4084507,734.4,129.8,801.1449454,24.75707124,27.60675149,0,27.19712163,84.84928344,1.403,3.389441522
5,19,11.5,621.1267606,749,131.4,822.0053445,25.27284356,27.95312405,0,27.85144165,81.1514937,1.507,3.389441522
5,19,12,616.1971831,737.2,129.8,813.8196183,25.0149574,28.34897839,0,28.75742321,77.51366812,1.49,3.360117648
5,19,12.5,619.7183099,734.8,130.6,809.066616,25.53072971,28.49742377,0,29.72380354,72.84645783,1.442,3.360117648
5,19,13,602.8169014,716.2,129.8,782.6610476,25.78861587,28.55680193,0,30.60965217,70.40791541,1.599,3.360117648
5,19,13.5,587.3239437,698,130.6,763.6490383,25.78861587,28.77452182,0,31.07270942,68.71892496,2.111,3.330238739
5,19,14,506.6901408,619.4,117.2,683.9042217,23.46764044,28.97244899,0,31.22370634,66.6801436,1.978,3.330238739
5,19,14.5,422.4647887,513.6,102.4,580.1303379,21.14666502,29.03182715,0,31.34450388,65.26099186,2.373,3.330238739
5,19,15,340.6338028,433.6,92,492.9919621,19.08357575,29.02193079,0,31.39483619,60.93357846,2.066,3.299787062
5,19,15.5,262.3239437,350.2,80.2,398.9881386,16.246828,28.82400361,0,31.81762759,58.70491059,1.71,3.299787062
5,19,16,40.84507042,91.4,21.2,118.0328908,5.157723175,28.78441818,0,31.1029088,63.55201336,1.949,3.299787062
5,19,16.5,101.6901408,173.4,47.6,189.3279255,9.283901714,29.01203443,0,30.55931986,66.20043033,2.351,3.299787062
5,19,17,24.29577465,69.2,18.2,76.04803701,3.610406222,28.8042109,0,30.04593031,68.15925949,3.321,3.299787062
5,19,17.5,-25.77464789,7.2,1.4,8.977893258,0.257886159,28.98234535,0,28.03263796,72.91641602,3.148,3.299787062
5,19,18,-35,0,0,0,0,29.07141258,0,26.97565947,77.05394291,1.66,3.299787062
5,19,18.5,-36.76056338,0,0,0,0,28.84379633,0,26.27100715,80.25203134,2.082,3.299787062
5,19,19,-34.36619718,0,0,0,0,28.52711285,0,25.85828221,81.45131449,1.575,3.299787062
5,19,19.5,-35.42253521,0,0,0,0,28.25991117,0,25.55628836,84.04976134,1.807,3.299787062
5,19,20,-35.35211268,0,0,0,0,28.04219127,0,25.09323112,85.94862634,2.272,3.299787062
5,19,20.5,-32.67605634,0,0,0,0,27.87395318,0,24.89190188,86.84808871,1.46,3.299787062
5,19,21,-26.4084507,0,0,0,0,27.7255078,0,24.68050619,87.44773029,0.465,3.299787062
5,19,21.5,-27.67605634,0,0,0,0,27.61664785,0,24.72077203,88.54707318,1.108,3.299787062
5,19,22,-28.02816901,0,0,0,0,27.51768426,0,24.54964218,89.0467745,1.13,3.299787062
5,19,22.5,-31.76056338,0,0,0,0,27.43851339,0,24.45904403,89.74635634,0.565,3.299787062
5,19,23,-31.97183099,0,0,0,0,27.35934252,0,24.22751541,90.54587844,0.942,3.299787062
5,19,23.5,-30.98591549,0,0,0,0,27.25048258,0,24.18724956,91.34540055,0.892,3.299787062
5,20,0,-33.66197183,0,0,0,0,27.18120807,0,23.88525571,91.64522134,1.389,3.299787062
5,20,0.5,-32.3943662,0,0,0,0,27.1020372,0,23.92552155,91.84510187,0.4,3.299787062
5,20,1,-31.47887324,0,0,0,0,27.03276269,0,23.70405939,92.8445045,1.423,3.299787062
5,20,1.5,-30.21126761,0,0,0,0,26.97338453,0,23.61346124,93.04438502,1.529,3.299787062
5,20,2,-27.53521127,0,0,0,0,26.91400638,0,23.51279662,93.14432529,0.686,3.299787062
5,20,2.5,-27.25352113,0,0,0,0,26.85462823,0,23.542996,93.04438502,0.243,3.299787062
5,20,3,-28.66197183,0,0,0,0,26.79525008,0,23.52286308,93.6440266,0.26,3.299787062
5,20,3.5,-28.5915493,0,0,0,0,26.75566464,0,23.33160031,93.84390713,0.559,3.299787062
5,20,4,-30.28169014,0,0,0,0,26.70618285,0,23.23093569,94.14372792,0.451,3.299787062
5,20,4.5,-28.02816901,0,0,0,0,26.66659741,0,23.11013815,93.94384739,0.195,3.299787062
5,20,5,-23.45070423,0,0,0,0,26.60721926,0,23.281268,94.24366818,0.031,3.299787062
5,20,5.5,-14.36619718,0,0,0,0,26.56763383,0,23.33160031,94.44354871,0,3.299787062
5,20,6,-16.12676056,0.4,0,0.528111368,0,26.55773747,0,23.6235277,94.54348897,0.31,3.299787062
5,20,6.5,-10.49295775,7.6,1.4,8.977893258,0,26.55773747,0,23.68392647,94.54348897,0,3.299787062
5,20,7,2.323943662,36.6,7.2,43.30513219,1.547316952,26.56763383,0,23.8349234,94.94325002,0.285,3.299787062
5,20,7.5,29.85915493,72.8,13.8,85.02593027,2.836747746,26.56763383,0,24.19731602,94.84330976,0.049,3.299787062
5,20,8,101.4084507,171.6,33.8,189.8560368,6.447153968,26.58742654,0,24.76103788,94.7433695,0.573,3.299787062
5,20,8.5,231.2676056,335.2,64.8,362.5484542,12.12064946,26.66659741,0.1,25.66701944,93.84390713,0.518,3.299787062
5,20,9,176.3380282,243.8,46.2,284.6520274,9.541787873,26.83483551,0,25.73748467,92.44474344,0.848,3.299787062
5,20,9.5,256.2676056,341,64,384.7291317,12.63642178,27.01296997,0,26.17034253,91.44534081,1.006,3.26874408
5,20,10,358.5211268,459.6,84.4,511.2118043,16.246828,27.28017165,0,26.74413085,89.54647581,1.131,3.26874408
5,20,10.5,402.5352113,506.8,91.6,563.4948298,17.53625879,27.5077879,0,27.50918195,86.94802897,1.116,3.26874408
5,20,11,577.4647887,708.2,125.4,770.2504304,24.24129892,27.69581872,0,28.23396719,81.25143397,1.429,3.26874408
5,20,11.5,383.5211268,477.2,86.4,531.0159807,16.50471416,27.93333133,0,29.07954998,73.73592618,1.319,3.237090405
5,20,12,554.8591549,677,120.8,744.3729734,23.7255266,28.27970388,0,30.12646201,68.17924754,1.673,3.237090405
5,20,12.5,566.1971831,677,121.2,746.7494745,24.24129892,28.41825291,0,31.11297526,65.43089031,1.741,3.237090405
5,20,13,545.5633803,652,118.2,716.6471265,23.98341276,28.66566187,0,31.66663066,61.05350678,2.119,3.204805749
5,20,13.5,473.7323944,583.4,109,640.5990895,21.66243733,28.71514367,0,32.3410836,55.81663699,2.372,3.204805749
5,20,14,486.8309859,608.6,115.2,668.588992,22.95186813,28.85369269,0,32.60281161,55.16702528,2.28,3.204805749
5,20,14.5,429.9295775,534,106.2,595.1815119,21.66243733,28.83389997,0,33.03566946,53.96774212,1.658,3.171868865
5,20,15,402.6760563,501.8,103.8,542.1063194,20.6308927,28.76462546,0,33.08600177,54.91717462,2.294,3.171868865
5,20,15.5,156.9014085,221.2,47.6,254.5496794,10.05756019,28.98234535,0,32.16995375,60.46385923,2.364,3.171868865
5,20,16,114.5070423,178.6,42.6,205.9634336,9.026015556,29.23965068,0,31.81762759,62.09288552,1.195,3.171868865
5,20,16.5,39.36619718,90.6,20,105.8863293,4.384064698,29.07141258,0,31.7874282,63.95177441,1.245,3.171868865
5,20,17,7.605633803,51,12.4,55.97980502,2.578861587,29.12089437,0,31.34450388,70.57781386,1.497,3.171868865
5,20,17.5,-27.32394366,6.2,1.4,7.657614838,0.257886159,29.18027253,0,30.43852232,75.08511973,1.753,3.171868865
5,20,18,-33.5915493,0,0,0,0,29.24954704,0,28.98895183,77.13389512,2.81,3.171868865
5,20,18.5,-31.47887324,0,0,0,0,29.08130894,0,28.22390073,78.76292141,2.825,3.171868865
5,20,19,-26.54929577,0,0,0,0,28.81410725,0,27.75077703,80.3519716,2.28,3.171868865
5,20,19.5,-31.90140845,0,0,0,0,28.60628372,0,27.20718809,81.25143397,2.934,3.171868865
5,20,20,-31.4084507,0,0,0,0,28.37866747,0,27.07632409,80.45191186,2.653,3.171868865
5,20,20.5,-32.11267606,0,0,0,0,28.19063665,0,26.92532716,82.2508366,2.183,3.171868865
5,20,21,-28.09859155,0,0,0,0,28.10156943,0,26.47233638,83.55006002,1.087,3.171868865
5,20,21.5,-21.69014085,0,0,0,0,28.04219127,0,26.49246931,85.54886528,1.822,3.171868865
5,20,22,-25.91549296,0,0,0,0,27.94322769,0,25.94888037,85.64880555,2.589,3.171868865
5,20,22.5,-31.69014085,0,0,0,0,27.81457502,0,25.73748467,84.44952239,2.732,3.171868865
5,20,23,-29.85915493,0,0,0,0,27.69581872,0,25.56635482,84.84928344,1.018,3.171868865
5,20,23.5,-30.28169014,0,0,0,0,27.64633693,0,25.2039622,86.74814844,1.495,3.171868865
5,21,0,-30.14084507,0,0,0,0,27.57706241,0,25.00263296,88.14731213,1.131,3.171868865
5,21,0.5,-31.4084507,0,0,0,0,27.49789154,0,24.8617025,89.34659529,1.454,3.171868865
5,21,1,-33.16901408,0,0,0,0,27.39892796,0,24.58990803,89.94623686,1.678,3.171868865
5,21,1.5,-31.26760563,0,0,0,0,27.30986073,0,24.37851233,90.44593818,1.699,3.171868865
5,21,2,-32.46478873,0,0,0,0,27.20100078,0,24.27784771,90.64581871,1.599,3.171868865
5,21,2.5,-32.11267606,0,0,0,0,27.12182991,0,24.0966514,90.9456395,0.681,3.171868865
5,21,3,-32.46478873,0,0,0,0,27.04265904,0,24.0966514,91.34540055,1.366,3.171868865
5,21,3.5,-28.09859155,0,0,0,0,26.95359182,0,24.05638556,91.64522134,1.431,3.171868865
5,21,4,-24.50704225,0,0,0,0,26.90411002,0,24.36844587,92.04498239,1.22,3.171868865
5,21,4.5,-28.87323944,0,0,0,0,26.85462823,0,24.23758187,92.04498239,1.408,3.171868865
5,21,5,-22.53521127,0,0,0,0,26.83483551,0,24.21744894,92.44474344,1.512,3.171868865
5,21,5.5,-28.23943662,0,0,0,0,26.81504279,0,24.28791418,92.54468371,1.426,3.171868865
5,21,6,-29.57746479,0.8,0,0.792167052,0,26.77545736,0,24.11678433,92.64462397,1.078,3.171868865
5,21,6.5,-17.6056338,16.2,3,19.8041763,0.515772317,26.765561,0,23.99598678,93.04438502,1.072,3.171868865
5,21,7,33.73239437,100.2,20,104.0379395,3.868292381,26.72597557,0,24.6503068,93.44414608,0.769,3.171868865
5,21,7.5,67.46478873,194.4,39.8,209.1321018,8.252357079,26.62701198,0,25.35495912,90.64581871,1.725,3.171868865
5,21,8,191.9014085,296.2,58.8,318.1870993,11.8627633,26.63690834,0,26.0193456,87.54767055,2.468,3.171868865
5,21,8.5,272.8873239,384.8,73.6,417.2079808,14.44162489,26.77545736,0,27.19712163,82.75053792,3.549,3.138257493
5,21,9,346.056338,464.6,86,504.8744679,17.27837264,26.97338453,0,28.34469827,76.04454626,3.656,3.138257493
5,21,9.5,418.3098592,540.2,97.6,587.2598414,19.59934806,27.24058622,0,29.3916103,70.74771231,4.413,3.138257493
5,21,10,485.7042254,603.4,106.8,655.9143192,21.66243733,27.60675149,0,30.08619616,68.70893094,4.265,3.138257493
5,21,10.5,536.6901408,652.8,114,709.2535674,23.20975429,27.94322769,0,30.55931986,66.21042436,4.393,3.103948293
5,21,11,571.1267606,698.6,121.2,755.7273678,24.75707124,28.15105122,0,31.32437096,64.15165494,3.296,3.103948293
5,21,11.5,614.084507,709.6,124.2,765.2333724,25.78861587,28.41825291,0,31.80756113,62.56260475,3.392,3.068916779
5,21,12,533.8028169,631.2,112.6,672.813883,22.95186813,28.74483274,0,32.28068483,60.99354262,3.696,3.068916779
5,21,12.5,218.8028169,277,51.2,308.1529833,11.08910483,28.9229672,0,32.05922267,59.94416986,4.291,3.068916779
5,21,13,325.2112676,388.8,72.6,407.9660319,14.69951105,29.16047981,0,31.97869098,63.26218659,2.657,3.068916779
5,21,13.5,266.4788732,306.4,58,341.4239995,12.37853562,29.06151622,0,32.44174822,59.70431323,3.767,3.033137246
5,21,14,471.9014085,595.6,115.2,634.7898645,23.98341276,29.03182715,0,32.77394146,58.07528694,4.824,3.033137246
5,21,14.5,395.4929577,498.4,100.6,544.7468762,21.66243733,28.90317448,0,33.07593531,56.51621883,5.08,3.033137246
5,21,15,290.7746479,361,75.4,395.291359,16.246828,28.88338176,0,32.98533715,57.02591417,4.223,2.996582688
5,21,15.5,140.915493,199.2,43.4,224.4473315,9.541787873,29.11099802,0,32.01895682,59.48444465,2.879,2.996582688
5,21,16,129.7183099,197,49.8,221.5427189,10.57333251,29.16047981,0,32.42161529,59.55440283,2.258,2.996582688
5,21,16.5,85.35211268,153,44.4,173.7486401,10.05756019,28.86358905,0,32.59274514,56.83602767,3.739,2.996582688
5,21,17,14.36619718,62.4,17.2,73.93559154,4.12617854,28.7547291,0,32.08942206,57.28575886,3.419,2.996582688
5,21,17.5,-30.35211268,6,1,9.241948942,0.257886159,28.91307084,0,31.09284234,61.69312446,2.163,2.996582688
5,21,18,-31.90140845,0,0,0,0,29.19016888,0,29.71373708,70.17805281,1.619,2.996582688
5,21,18.5,-30.42253521,0,0,0,0,29.23965068,0,28.47556228,77.1638772,0.983,2.996582688
5,21,19,-30.14084507,0,0,0,0,29.0417235,0,27.51924841,79.95221055,0.726,2.996582688
5,21,19.5,-29.57746479,0,0,0,0,28.77452182,0,27.10652347,81.95101581,0.74,2.996582688
5,21,20,-33.23943662,0,0,0,0,28.51721649,0,26.92532716,80.65179239,2.345,2.996582688
5,21,20.5,-31.47887324,0,0,0,0,28.27970388,0,27.17698871,77.77351281,2.57,2.996582688
5,21,21,-31.83098592,0,0,0,0,28.07188035,0,27.3380521,76.33437302,2.706,2.996582688
5,21,21.5,-33.5915493,0,0,0,0,27.98281312,0,27.36825148,75.95460002,2.502,2.996582688
5,21,22,-32.81690141,0,0,0,0,27.90364225,0,27.27765332,76.2144447,2.246,2.996582688
5,21,22.5,-29.22535211,0,0,0,0,27.87395318,0,27.03605824,77.15388318,1.831,2.996582688
5,21,23,-21.54929577,0,0,0,0,27.87395318,0,26.7843967,79.68237184,1.486,2.996582688
5,21,23.5,-29.71830986,0,0,0,0,27.88384953,0,26.30120653,82.05095607,1.322,2.996582688
5,22,0,-27.88732394,0,0,0,0,27.82447138,0,25.7576176,84.54946265,0.934,2.996582688
5,22,0.5,-27.74647887,0,0,0,0,27.74530051,0,25.38515851,86.24844713,1.268,2.996582688
5,22,1,-26.90140845,0,0,0,0,27.64633693,0,25.23416158,87.24784976,1.312,2.996582688
5,22,1.5,-29.43661972,0,0,0,0,27.56716606,0,25.11336404,88.94683423,0.853,2.996582688
5,22,2,-29.57746479,0,0,0,0,27.49789154,0,24.84156957,88.64701344,1.814,2.996582688
5,22,2.5,-47.04225352,0,0,0,0,27.3890316,0,25.05296527,87.44773029,2.679,2.996582688
5,22,3,-37.67605634,0,0,0,0,27.21089714,0,25.47575667,85.2490445,2.685,2.996582688
5,22,3.5,-36.47887324,0,0,0,0,27.11193356,0,25.7576176,83.15029897,3.138,2.996582688
5,22,4,-36.97183099,0,0,0,0,27.12182991,0,25.92874745,81.95101581,3.1,2.996582688
5,22,4.5,-37.25352113,0,0,0,0,27.14162263,0,25.87841514,81.85107555,2.889,2.996582688
5,22,5,-37.04225352,0,0,0,0,27.15151899,0,25.77775052,81.95101581,2.758,2.996582688
5,22,5.5,-37.53521127,0,0,0,0,27.14162263,0,25.73748467,82.15089634,2.804,2.996582688
5,22,6,-36.76056338,0.8,0,0.792167052,0,27.11193356,0,25.55628836,82.55065739,2.947,2.996582688
5,22,6.5,-20.14084507,22.8,4,24.8212343,0.773658476,27.09214084,0,25.47575667,83.15029897,2.577,2.996582688
5,22,7,30.35211268,103,21.8,106.4144407,4.641950857,27.04265904,0,25.94888037,82.85047818,3.182,2.996582688
5,22,7.5,100.4929577,193.8,41.4,206.7556006,8.768129397,26.96348817,0,26.75419731,80.65179239,3.526,2.996582688
5,22,8,117.0422535,184.2,37,206.2274893,8.252357079,26.96348817,0,27.52931487,77.82348294,3.652,2.996582688
5,22,8.5,176.1267606,251.4,48.4,281.2193035,10.57333251,27.08224448,0,27.88164103,76.91402655,3.307,2.996582688
5,22,9,382.5352113,507,96,549.2358229,20.11512038,27.2207935,0,28.91848659,72.64657731,4.75,2.996582688
5,22,9.5,392.9577465,492.6,90.6,542.1063194,19.34146191,27.40882432,0,29.70367061,69.31856654,4.367,2.959224716
5,22,10,329.2957746,411.6,75.2,455.496055,16.246828,27.7255078,0,30.13652847,68.34914599,4.399,2.959224716
5,22,10.5,381.7605634,525,94.2,567.1916094,19.34146191,27.99270948,0,29.88486693,71.19744349,3.827,2.959224716
5,22,11,439.7887324,545.8,98.2,585.4114516,20.37300654,28.17084394,0,30.31772478,71.54723441,3.525,2.921033461
5,22,11.5,308.2394366,383,68.6,430.9388764,15.21528337,28.36877111,0,30.56938633,69.08870394,3.943,2.921033461
5,22,12,300.2816901,429.8,78.4,480.8454007,17.02048648,28.59638736,0,30.9720448,66.98995841,4.373,2.921033461
5,22,12.5,589.4366197,719.4,130,784.773493,27.85170514,28.55680193,0,31.54583312,63.31215673,5.101,2.881977479
5,22,13,450.5633803,566.4,103.4,630.3009179,23.20975429,28.54690557,0,32.20015313,55.90658322,5.564,2.881977479
5,22,13.5,332.9577465,413,78.6,454.703888,17.53625879,28.78441818,0,32.16995375,55.19700736,5.209,2.881977479
5,22,14,273.1690141,347.4,67.6,383.1447976,14.69951105,28.96255263,0,32.14982083,57.10586638,4.735,2.842023636
5,22,14.5,125.4929577,167.6,32.2,188.2717027,6.962926286,29.14068709,0,31.50556727,61.46326186,3.924,2.842023636
5,22,15,113.5915493,156.8,30,178.2375867,6.705040127,29.32871791,0,30.95191187,65.29097394,3.262,2.842023636
5,22,15.5,45.56338028,73.6,14.2,81.59320638,3.094633905,29.30892519,0,30.50898756,67.29977323,2.593,2.842023636
5,22,16,35,66.4,12.6,73.67153585,3.094633905,29.23965068,0,29.99559801,68.18924157,2.718,2.842023636
5,22,16.5,13.02816901,36.6,7.4,39.87240829,1.805203111,29.12089437,0,29.77413585,68.1992356,2.404,2.842023636
5,22,17,2.323943662,23.2,4.8,25.08528999,1.031544635,29.01203443,0,29.57280661,69.54842915,1.838,2.842023636
5,22,17.5,-18.23943662,3.6,0.6,4.224890945,0,28.96255263,0,29.16008168,72.33676249,1.667,2.842023636
5,22,18,-29.15492958,0,0,0,0,28.89327812,0,28.43529643,74.8452631,1.457,2.842023636
5,22,18.5,-29.36619718,0,0,0,0,28.84379633,0,27.70044472,80.55185213,0.581,2.842023636
5,22,19,-25,0,0,0,0,28.73493638,0,26.87499485,84.54946265,0.368,2.842023636
5,22,19.5,-27.67605634,0,0,0,0,28.55680193,0,26.39180469,86.54826792,2.173,2.842023636
5,22,20,-24.08450704,0,0,0,0,28.36877111,0,26.442137,87.44773029,1.404,2.842023636
5,22,20.5,-26.90140845,0,0,0,0,28.24011845,0,26.51260223,87.9474316,0.681,2.842023636
5,22,21,-24.01408451,0,0,0,0,28.16094758,0,26.20054191,88.34719265,0.213,2.842023636
5,22,21.5,-17.53521127,0,0,0,0,28.10156943,0,26.15020961,89.34659529,0.367,2.842023636
5,22,22,-13.30985915,0,0,0,0,28.00260584,0,26.16027607,90.74575897,1.341,2.842023636
5,22,22.5,-15.77464789,0,0,0,0,27.98281312,0,26.08981083,90.54587844,0.571,2.842023636
5,22,23,-19.43661972,0,0,0,0,27.94322769,0,26.04954499,91.14552002,1.721,2.842023636
5,22,23.5,-44.29577465,0,0,0,0,27.88384953,0.6,25.73748467,90.64581871,4.034,2.842023636
5,23,0,-43.8028169,0,0,0,0,27.82447138,1.1,23.86512278,89.74635634,3.66,2.842023636
5,23,0.5,-19.01408451,0,0,0,0,27.74530051,0.6,23.77452463,91.44534081,3.008,2.842023636
5,23,1,-19.22535211,0,0,0,0,27.53747698,0.6,23.542996,92.04498239,2.836,2.842023636
5,23,1.5,-23.09859155,0,0,0,0,27.36923888,0.6,23.30140092,92.34480318,3.045,2.842023636
5,23,2,-21.54929577,0,0,0,0,27.15151899,0.7,23.0698723,92.74456423,2.675,2.842023636
5,23,2.5,-15.91549296,0,0,0,0,27.02286633,0.5,22.99940707,93.24426555,1.366,2.842023636
5,23,3,-19.57746479,0,0,0,0,26.9337991,0.5,23.03967292,94.04378766,2.251,2.842023636
5,23,3.5,-22.88732394,0,0,0,0,26.87442095,0.3,23.04973938,94.24366818,2.28,2.881977479
5,23,4,-30.49295775,0,0,0,0,26.83483551,0.3,22.86854307,94.34360844,2.696,2.881977479
5,23,4.5,-33.52112676,0,0,0,0,26.77545736,0.3,23.04973938,94.54348897,1.596,2.881977479
5,23,5,-36.4084507,0,0,0,0,26.72597557,0.3,23.17053692,94.44354871,0.866,2.881977479
5,23,5.5,-35.91549296,0,0,0,0,26.67649377,0.3,23.16047046,94.64342923,1.612,2.881977479
5,23,6,-31.1971831,0.6,0,0.528111368,0,26.63690834,0.2,23.13027107,94.7433695,1.347,2.881977479
5,23,6.5,-20.98591549,12,2.4,14.25900694,0.257886159,26.62701198,0.2,22.99940707,95.24307081,0.645,2.881977479
5,23,7,40.42253521,91,18,90.04298827,3.352520064,26.5973229,0.2,23.25106861,95.64283187,0.525,2.921033461
5,23,7.5,103.943662,147,29.6,146.8149603,5.415609333,26.54784111,0.2,24.22751541,94.7433695,1.288,2.921033461
5,23,8,160.2112676,210.8,40.6,224.4473315,7.994470921,26.56763383,0.1,24.62010741,94.34360844,1.876,2.921033461
5,23,8.5,159.5774648,204.2,38.2,234.7455031,8.252357079,26.66659741,0.2,24.84156957,93.24426555,1.428,2.959224716
5,23,9,155.7042254,194.4,36.4,223.9192201,7.478698603,26.87442095,0.2,25.27442743,92.24486292,0.991,2.959224716
5,23,9.5,148.5915493,187.6,35.4,215.9975496,7.478698603,27.08224448,0.1,25.44555728,91.34540055,0.767,2.996582688
5,23,10,164.6478873,207.2,38.8,241.8750066,8.510243238,27.29006801,0.1,25.6770859,90.24605765,1.654,2.996582688
5,23,10.5,56.05633803,78,14,98.49277016,3.352520064,27.44840975,0.1,25.36502559,89.74635634,4.549,3.033137246
5,23,11,-12.81690141,34,5.2,50.43463566,1.805203111,27.76509323,0.2,21.19751041,91.04557976,7.357,3.068916779
5,23,11.5,24.71830986,97,16.2,122.2577817,3.610406222,27.51768426,0.1,19.75800638,93.44414608,6.533,3.103948293
5,23,12,35.77464789,127.2,21.6,153.6804081,4.641950857,26.96348817,0.2,19.24461682,93.44414608,6.961,3.330238739
5,23,12.5,42.81690141,138.2,22,174.5408072,5.157723175,26.55773747,0.1,18.90235712,93.6440266,6.849,3.630960307
5,23,13,58.30985915,163.8,27.6,189.5919812,5.673495492,26.23115763,0.1,18.84195835,94.24366818,6.498,3.795081971
5,23,13.5,8.591549296,65.6,10.6,83.70565185,2.578861587,26.03323046,0.1,18.34870173,93.94384739,5.615,3.901818108
5,23,14,10.56338028,57.8,9.2,75.51992564,2.320975429,25.88478507,0.2,18.03664141,94.14372792,5.451,3.962167436
5,23,14.5,-9.295774648,25.8,4.2,35.38346166,1.031544635,25.65716882,0.1,17.42258724,94.04378766,4.375,4.057207964
5,23,15,-5.845070423,33.8,5.4,46.4738004,1.289430794,25.36027806,0.1,17.00986231,94.34360844,5.163,4.1798861
5,23,15.5,-16.69014085,20.4,3.2,28.51801388,0.773658476,24.99411279,0.1,16.54680507,93.94384739,5.022,4.351930654
5,23,16,-20.98591549,13,2,17.69173083,0.773658476,24.73680746,0.2,16.25487768,93.84390713,5.122,4.380841875
5,23,16.5,-14.43661972,18,3,22.44473315,0.773658476,24.43002034,0.1,16.12401367,94.24366818,4.793,4.436710259
5,23,17,-16.54929577,8.8,1.4,10.82628305,0.257886159,24.22219681,0.1,16.23474475,94.54348897,4.441,4.436710259
5,23,17.5,-19.92957746,0.8,0,0.792167052,0,24.13312958,0.1,16.10388075,94.7433695,4.051,4.409093509
5,23,18,-20.98591549,0,0,0,0,24.08364779,0.2,15.98308321,94.84330976,4.169,4.395048566
5,23,18.5,-19.71830986,0,0,0,0,23.99458056,0.1,15.98308321,95.04319029,4.186,4.380841875
5,23,19,-19.43661972,0,0,0,0,23.87582426,0.1,15.97301675,95.24307081,3.711,4.380841875
5,23,19.5,-22.04225352,0,0,0,0,23.8164461,0.2,15.94281736,95.34301108,4.391,4.36647031
5,23,20,-25.77464789,0,0,0,0,23.76696431,0.1,15.89248505,95.14313055,4.354,4.351930654
5,23,20.5,-18.73239437,0,0,0,0,23.73727523,0.2,15.76162105,95.14313055,4.328,4.322333774
5,23,21,-22.53521127,0,0,0,0,23.6976898,0.1,15.76162105,95.14313055,4.164,4.292023697
5,23,21.5,-21.1971831,0,0,0,0,23.65810436,0.2,15.77168751,94.64342923,3.883,4.276592177
5,23,22,-19.64788732,0,0,0,0,23.63831165,0.1,15.78175397,95.04319029,3.022,4.260971312
5,23,22.5,-18.02816901,0,0,0,0,23.61851893,0.2,15.73142166,95.14313055,3.112,4.245157198
5,23,23,-18.8028169,0,0,0,0,23.59872621,0.1,15.60055766,94.54348897,3.785,4.229145817
5,23,23.5,-16.69014085,0,0,0,0,23.57893349,0.2,15.41936135,94.44354871,3.281,4.212933033
5,24,0,-13.87323944,0,0,0,0,23.55914078,0.1,15.42942781,94.34360844,2.962,4.196514589
5,24,0.5,-11.47887324,0,0,0,0,23.5294517,0.2,15.46969366,94.64342923,3.001,4.1798861
5,24,1,-13.87323944,0,0,0,0,23.48986627,0.1,15.33882965,94.64342923,3.455,4.163043047
5,24,1.5,-19.71830986,0,0,0,0,23.45028083,0.2,15.25829796,94.64342923,3.754,4.163043047
5,24,2,-18.38028169,0,0,0,0,23.40079904,0.1,15.27843088,94.7433695,3.679,4.145980777
5,24,2.5,-14.08450704,0,0,0,0,23.3612136,0.1,15.15763334,95.34301108,3.624,4.128694494
5,24,3,-17.3943662,0,0,0,0,23.34142089,0.2,15.07710165,95.5428916,3.453,4.128694494
5,24,3.5,-23.45070423,0,0,0,0,23.29193909,0.1,14.95630411,94.94325002,4.013,4.111179251
5,24,4,-23.66197183,0,0,0,0,23.22266458,0.1,14.86570595,94.44354871,3.905,4.111179251
5,24,4.5,-16.26760563,0,0,0,0,23.17318279,0.2,14.97643703,94.34360844,3.141,4.093429949
5,24,5,-11.97183099,0,0,0,0,23.12370099,0.2,15.01670288,94.44354871,2.884,4.093429949
5,24,5.5,-11.1971831,0,0,0,0,23.10390828,0.1,15.09723457,94.34360844,2.454,4.093429949
5,24,6,-13.45070423,0.4,0,0.264055684,0,23.09401192,0.2,15.04690226,94.64342923,3.269,4.075441329
5,24,6.5,-15.98591549,11.8,2.4,12.14656147,0.257886159,23.08411556,0.1,14.79524072,94.64342923,3.043,4.075441329
5,24,7,11.54929577,36.4,6.8,40.40051966,1.031544635,23.05442648,0.2,14.92610472,94.34360844,2.827,4.057207964
5,24,7.5,54.43661972,78.8,14.2,94.26787921,2.578861587,23.00494469,0.1,15.15763334,93.6440266,3.174,4.057207964
5,24,8,115,148.6,27.2,169.2596935,4.899837016,23.00494469,0.1,15.5099595,92.24486292,3.86,4.057207964
5,24,8.5,70.28169014,89.2,15.8,110.1112203,3.352520064,23.0742192,0.2,15.8018869,91.14552002,3.477,4.038724253
5,24,9,103.7323944,132.4,24.4,155.2647422,4.641950857,23.15339007,0.1,15.98308321,89.54647581,3.732,4.038724253
5,24,9.5,141.1971831,187.8,35.2,212.5648257,6.447153968,23.20287186,0.1,16.16427952,89.14671476,4.161,4.038724253
5,24,10,203.943662,258.4,48.8,289.9331411,9.026015556,23.32162817,0.2,16.41594106,89.34659529,3.185,4.038724253
5,24,10.5,199.8591549,257.8,49,288.8769184,9.026015556,23.44038447,0.1,16.80853307,86.94802897,3.805,4.019984414
5,24,11,111.9014085,144.8,27.2,171.372139,5.157723175,23.54924442,0.2,17.06019462,85.44892502,3.074,4.019984414
5,24,11.5,159.0140845,207.6,39.8,235.0095588,7.478698603,23.66800072,0.1,17.21119155,85.14910423,3.25,4.000982477
5,24,12,166.056338,217,41.6,245.0436748,7.736584762,23.73727523,0.2,17.53331832,83.84988081,3.386,4.000982477
5,24,12.5,129.2957746,169.2,32.2,195.4012062,6.18926781,23.80654974,0.1,17.61385002,83.65000028,2.73,4.000982477
5,24,13,182.6760563,236.2,45.2,267.2243523,8.252357079,23.90551333,0.2,17.6440494,83.35017949,3.113,3.981712275
5,24,13.5,221.4084507,281.6,55,312.1138186,9.799674032,23.96489148,0.1,18.12723957,82.55065739,3.059,3.981712275
5,24,14,212.6056338,267.4,51.4,301.5515912,9.541787873,24.01437328,0.2,18.29836942,81.05155344,2.767,3.981712275
5,24,14.5,86.76056338,120.2,23.2,136.5167887,4.384064698,24.11333687,0.1,18.50976511,81.05155344,3.397,3.981712275
5,24,15,139.5774648,179.8,34.8,208.075879,6.705040127,24.22219681,0.2,18.34870173,81.55125476,2.606,3.962167436
5,24,15.5,73.30985915,101,19.4,116.4485567,3.352520064,24.24198953,0.1,18.34870173,82.45071713,3.013,3.962167436
5,24,16,59.92957746,80.6,15.2,98.22871447,2.836747746,24.25188589,0.2,18.27823649,82.55065739,2.089,3.962167436
5,24,16.5,17.18309859,34.8,7,40.92863103,1.289430794,24.20240409,0.1,18.17757188,83.94982107,2.111,3.942341374
5,24,17,23.5915493,45.6,9,53.33924818,1.547316952,24.13312958,0.2,18.14737249,84.24964186,1.957,3.942341374
5,24,17.5,-6.478873239,5.4,1,6.601392102,0,24.05395871,0.2,18.10710664,84.74934318,1.293,3.942341374
5,24,18,-11.33802817,0,0,0,0,23.9846842,0.1,17.81517925,87.34779002,2.126,3.942341374
5,24,18.5,-14.78873239,0,0,0,0,23.91540969,0.2,17.65411586,88.24725239,1.522,3.922227279
5,24,19,-16.61971831,0,0,0,0,23.8164461,0.1,17.48298601,88.24725239,1.554,3.922227279
5,24,19.5,-32.11267606,0,0,0,0,23.71748252,0.2,17.40245432,88.64701344,0.928,3.922227279
5,24,20,-31.76056338,0,0,0,0,23.62841529,0.2,17.42258724,89.94623686,0.926,3.922227279
5,24,20.5,-20.28169014,0,0,0,0,23.55914078,0.1,17.42258724,90.44593818,0.329,3.922227279
5,24,21,-21.69014085,0,0,0,0,23.47996991,0.1,17.44272017,90.74575897,0.686,3.922227279
5,24,21.5,-19.01408451,0,0,0,0,23.42059176,0.2,17.4326537,90.74575897,0.371,3.901818108
5,24,22,-9.647887324,0,0,0,0,23.38100632,0.1,17.32192262,91.24546029,0.974,3.901818108
5,24,22.5,-9.788732394,0,0,0,0,23.3612136,0.2,17.20112508,91.54528108,1.326,3.901818108
5,24,23,-12.3943662,0,0,0,0,23.32162817,0.1,17.14072631,91.7451616,0.986,3.901818108
5,24,23.5,-14.22535211,0,0,0,0,23.30183545,0.1,17.12059339,92.8445045,0.972,3.901818108
5,25,0,-45.63380282,0,0,0,0,23.28204273,0.2,16.94946354,92.8445045,1.017,3.901818108
5,25,0.5,-38.87323944,0,0,0,0,23.2424573,0.1,16.64746969,93.44414608,0.944,3.901818108
5,25,1,-36.83098592,0,0,0,0,23.18307915,0.1,16.52667214,93.94384739,1.115,3.901818108
5,25,1.5,-24.64788732,0,0,0,0,23.10390828,0.2,16.29514352,94.7433695,1.219,3.901818108
5,25,2,-10.14084507,0,0,0,0,23.04453012,0.1,16.35554229,95.04319029,0.854,3.881106577
5,25,2.5,-10.77464789,0,0,0,0,23.01484105,0.1,16.39580814,95.34301108,0.77,3.881106577
5,25,3,-9.647887324,0,0,0,0,22.99504833,0.2,16.4058746,95.14313055,0.322,3.881106577
5,25,3.5,-14.78873239,0.2,0,0,0,22.97525561,0.1,16.38574168,95.64283187,1.281,3.881106577
5,25,4,-20.49295775,0.2,0,0,0,22.9554629,0.1,16.23474475,95.94265266,1.318,3.881106577
5,25,4.5,-10.42253521,0.2,0,0,0,22.92577382,0.2,16.16427952,96.14253318,1.323,3.881106577
5,25,5,-86.61971831,0.4,0,0,0,22.89608474,0.1,16.32534291,96.24247345,0.596,3.881106577
5,25,5.5,-22.46478873,0,0,0,0,22.85649931,0.1,16.1441466,96.04259292,1.146,3.881106577
5,25,6,-22.53521127,1.4,0.2,0.792167052,0,22.82681023,0.1,15.99314967,96.14253318,0.684,3.860085144
5,25,6.5,-13.87323944,20,4.2,21.91662178,0.773658476,22.79712116,0.1,15.95288382,96.04259292,0.243,3.860085144
5,25,7,21.12676056,73,14,78.68859385,2.578861587,22.75753572,0.1,16.33540937,96.14253318,0.005,3.860085144
5,25,7.5,65.84507042,113.2,21.8,128.5951181,4.12617854,22.69815757,0.1,16.76826723,95.94265266,0.471,3.860085144
5,25,8,119.5774648,229.2,45,248.212343,7.994470921,22.737743,0.2,17.13065985,95.74277213,0.935,3.860085144
5,25,8.5,54.08450704,107.8,20,130.1794522,3.868292381,22.84660295,0.1,17.31185616,94.94325002,0.612,3.860085144
5,25,9,99.15492958,123.2,23,144.7025149,4.384064698,22.96535925,0.1,17.35212201,94.94325002,0.554,3.860085144
5,25,9.5,245.2816901,306.8,58.2,336.9350529,10.31544635,23.15339007,0.1,17.78497987,94.44354871,1.174,3.860085144
5,25,10,210.6338028,259.8,50,287.0285286,9.026015556,23.31173181,0.1,17.88564448,93.6440266,2.084,3.860085144
5,25,10.5,578.1690141,719.6,131,781.8688805,23.46764044,23.50965898,0.1,18.65069558,93.14432529,1.769,3.838746003
5,25,11,459.6478873,567.2,104,624.4916928,18.82568959,23.50965898,0.1,19.3553479,90.74575897,1.665,3.838746003
5,25,11.5,410.4929577,516.6,96,571.9446117,17.53625879,23.75706795,0.2,19.83853807,89.24665502,1.817,3.838746003
5,25,12,394.084507,472.4,89.4,520.717809,15.98894184,24.09354415,0.1,20.72438671,86.64820818,2.261,3.817081071
5,25,12.5,309.3661972,382.6,73.8,421.6969274,13.1521941,24.36074583,0.1,21.2277098,83.84988081,2.448,3.817081071
5,25,13,231.1971831,292.2,56.6,322.1479346,10.57333251,24.59825844,0.1,21.72096642,81.85107555,2.588,3.817081071
5,25,13.5,237.0422535,298.6,57.6,334.0304403,10.83121867,24.81597833,0.1,21.84176396,81.1514937,3.238,3.817081071
5,25,14,201.6197183,255.6,49.2,286.7644729,9.283901714,24.96442371,0.1,21.7008335,81.25143397,3.054,3.795081971
5,25,14.5,162.8169014,207.6,40.2,233.6892804,7.478698603,25.0633873,0.1,21.68070058,81.25143397,2.487,3.795081971
5,25,15,228.8732394,286.4,57.4,325.5806584,11.08910483,25.05349094,0.1,21.88202981,80.95161318,2.116,3.795081971
5,25,15.5,138.5211268,175.8,34.6,204.1150438,6.705040127,24.95452736,0.1,22.0430932,80.3519716,1.717,3.795081971
5,25,16,77.32394366,104.2,20.2,121.993726,3.868292381,25.00400915,0.1,22.11355843,80.65179239,1.629,3.795081971
5,25,16.5,46.47887324,65.4,12.6,74.72775859,2.578861587,25.04359458,0.1,22.06322612,81.55125476,1.997,3.795081971
5,25,17,7.183098592,18,3.8,21.91662178,0.515772317,25.03369823,0.1,22.00282735,82.75053792,2.175,3.772740025
5,25,17.5,-5.352112676,3,0.4,3.960835261,0,24.97432007,0.1,21.7008335,84.24964186,2.077,3.772740025
5,25,18,-8.309859155,0,0,0,0,24.86546013,0.1,21.51963719,85.44892502,1.558,3.772740025
5,25,18.5,-7.816901408,0,0,0,0,24.75660018,0,21.39883965,86.44832765,2.2,3.772740025
5,25,19,-9.154929577,0,0,0,0,24.64774024,0.1,21.29817503,87.64761081,2.625,3.772740025
5,25,19.5,-9.577464789,0,0,0,0,24.55867301,0.1,21.17737749,88.74695371,2.389,3.772740025
5,25,20,-8.309859155,0,0,0,0,24.4893985,0.1,21.06664641,89.24665502,1.899,3.772740025
5,25,20.5,-7.816901408,0,0,0,0,24.44981306,0.1,20.95591533,89.54647581,2.051,3.772740025
5,25,21,-9.014084507,0,0,0,0,24.40033127,0.1,20.8049184,89.54647581,2.471,3.772740025
5,25,21.5,-12.46478873,0,0,0,0,24.38053855,0.1,20.71432024,90.64581871,1.421,3.772740025
5,25,22,-9.577464789,0,0,0,0,24.37064219,0,20.69418732,91.14552002,1.155,3.772740025
5,25,22.5,-12.32394366,0,0,0,0,24.34095312,0.1,20.79485194,91.44534081,1.003,3.772740025
5,25,23,-9.295774648,0,0,0,0,24.29147132,0.1,20.73445317,91.84510187,1.523,3.750046232
5,25,23.5,-8.732394366,0,0,0,0,24.26178225,0.1,20.70425378,92.24486292,1.742,3.750046232
5,26,0,-8.591549296,0,0,0,0,24.23209317,0.1,20.68412086,92.54468371,1.526,3.750046232
5,26,0.5,-8.450704225,0,0,0,0,24.21230045,0,20.61365563,92.64462397,1.55,3.750046232
5,26,1,-10.07042254,0,0,0,0,24.17271502,0.1,20.50292455,92.54468371,1.246,3.750046232
5,26,1.5,-13.23943662,0,0,0,0,24.16281866,0.1,20.47272516,92.64462397,1.175,3.750046232
5,26,2,-25.14084507,0,0,0,0,24.13312958,0.1,20.34186116,92.74456423,1.452,3.750046232
5,26,2.5,-25.98591549,0,0,0,0,24.09354415,0.1,20.10026608,92.94444476,1.297,3.750046232
5,26,3,-23.45070423,0,0,0,0,24.07375143,0,19.87880392,93.54408634,1.263,3.750046232
5,26,3.5,-20.84507042,0,0,0,0,24.034166,0.1,19.87880392,93.94384739,1.007,3.750046232
5,26,4,-25.98591549,0,0,0,0,23.9846842,0.1,19.66740822,93.74396687,1.514,3.750046232
5,26,4.5,-34.29577465,0,0,0,0,23.93520241,0.1,19.4358796,93.74396687,1.309,3.750046232
5,26,5,-38.45070423,0,0,0,0,23.89561697,0,19.24461682,94.14372792,1.467,3.750046232
5,26,5.5,-29.01408451,0,0,0,0,23.8164461,0.1,19.16408513,94.84330976,2.025,3.750046232
5,26,6,-7.957746479,0.2,0,0.264055684,0,23.73727523,0,19.40568021,95.34301108,2.249,3.750046232
5,26,6.5,-2.957746479,4.8,0.8,6.337336418,0,23.68779344,0.1,19.58687653,95.5428916,1.935,3.726991262
5,26,7,9.366197183,21.2,4.2,26.40556841,0.515772317,23.67789708,0.1,19.6976076,95.34301108,2.186,3.726991262
5,26,7.5,12.18309859,44.8,8.8,52.28302544,1.805203111,23.6976898,0,19.78820576,95.24307081,2.188,3.726991262
5,26,8,34.01408451,96.8,18.2,112.7517771,3.610406222,23.72737888,0.1,19.68754114,95.24307081,2.379,3.726991262
5,26,8.5,115.8450704,155,29.4,184.3108675,5.931381651,23.76696431,0,20.14053192,94.14372792,2.982,3.726991262
5,26,9,107.6056338,186.8,36,212.30077,6.705040127,23.82634246,0.1,20.36199408,93.44414608,3.563,3.726991262
5,26,9.5,177.2535211,310.2,59,347.2332245,10.57333251,23.96489148,0,20.251263,94.34360844,3.883,3.726991262
5,26,10,207.3943662,282,54.2,315.8105981,9.799674032,24.14302594,0.1,20.34186116,92.8445045,4.024,3.726991262
5,26,10.5,194.5774648,316.2,60.6,349.8737814,10.83121867,24.28157496,0,20.17073131,92.04498239,4.79,3.726991262
5,26,11,237.3943662,372.2,71.4,408.2300876,12.37853562,24.51908757,0.1,19.57681006,92.64462397,4.861,3.726991262
5,26,11.5,320.8450704,436.8,82.8,483.2219018,14.69951105,24.63784388,0.1,19.73787345,90.9456395,4.31,3.726991262
5,26,12,287.8873239,373.2,71.8,412.9830899,12.37853562,24.65763659,0,19.91906976,88.74695371,4.795,3.703565429
5,26,12.5,311.2676056,397.2,74.6,440.7089367,13.66796641,24.72691111,0.1,20.48279162,84.84928344,4.719,3.703565429
5,26,13,284.0140845,363.8,69.6,403.7411409,12.63642178,24.90504556,0,20.23113008,84.64940292,4.577,3.703565429
5,26,13.5,185.2816901,248.4,48.2,274.0898001,8.768129397,25.00400915,0.1,20.16066485,84.1497016,4.577,3.703565429
5,26,14,333.6619718,426,82.4,473.1877858,14.95739721,25.03369823,0,20.95591533,80.75173265,4.071,3.703565429
5,26,14.5,184.5070423,242.4,47.2,276.4663012,9.026015556,24.90504556,0.1,20.91564948,80.3519716,3.507,3.703565429
5,26,15,268.1690141,343.6,70.4,388.1618556,13.1521941,24.98421643,0,21.17737749,79.03276013,3.012,3.679758684
5,26,15.5,117.4647887,159.4,31.8,185.1030345,6.447153968,24.81597833,0.1,21.47937134,77.87345307,3.127,3.679758684
5,26,16,112.5352113,162.4,35.8,188.0076471,6.705040127,24.92483828,0,21.45923842,78.29320218,3.392,3.679758684
5,26,16.5,31.61971831,79,18.8,99.81304858,3.868292381,24.90504556,0,20.9357824,78.94281389,3.544,3.679758684
5,26,17,39.22535211,73,18,80.27292796,3.352520064,24.78628926,0.1,20.81498486,79.74233599,3.028,3.679758684
5,26,17.5,-40.91549296,6.2,1,10.29817168,0,24.61805116,0,20.54319039,81.05155344,1.813,3.679758684
5,26,18,-45.21126761,0.2,0,0,0,24.72691111,0.1,20.02980084,83.84988081,1.465,3.679758684
5,26,18.5,-43.30985915,0,0,0,0,24.64774024,0,19.6976076,85.64880555,0.733,3.679758684
5,26,19,-43.87323944,0,0,0,0,24.46960578,0,19.25468329,87.64761081,0.904,3.679758684
5,26,19.5,-43.52112676,0,0,0,0,24.28157496,0.1,18.90235712,89.24665502,1.263,3.679758684
5,26,20,-43.5915493,0,0,0,0,24.10344051,0,18.78155958,90.44593818,1.355,3.679758684
5,26,20.5,-41.1971831,0,0,0,0,23.95499513,0.1,18.56009742,91.04557976,2.033,3.679758684
5,26,21,-43.52112676,0,0,0,0,23.8164461,0,18.43929988,91.44534081,2.376,3.679758684
5,26,21.5,-43.02816901,0,0,0,0,23.67789708,0,18.4091005,91.54528108,2.643,3.65556059
5,26,22,-44.57746479,0,0,0,0,23.54924442,0,18.13730603,90.44593818,2.308,3.65556059
5,26,22.5,-43.66197183,0,0,0,0,23.47007355,0.1,17.69438171,90.24605765,2.235,3.65556059
5,26,23,-44.43661972,0,0,0,0,23.4106954,0,17.36218847,90.44593818,2.323,3.65556059
5,26,23.5,-44.71830986,0,0,0,0,23.33152453,0,17.22125801,90.64581871,2.308,3.65556059
5,27,0,-45.28169014,0,0,0,0,23.2424573,0,17.08032754,91.04557976,2.57,3.65556059
5,27,0.5,-45.63380282,0,0,0,0,23.14349371,0,16.92933062,91.24546029,3.215,3.65556059
5,27,1,-46.4084507,0,0,0,0,23.05442648,0,16.90919769,91.54528108,3.204,3.65556059
5,27,1.5,-46.61971831,0,0,0,0,22.98515197,0,16.89913123,91.7451616,3.023,3.65556059
5,27,2,-46.76056338,0,0,0,0,22.91587746,0,16.80853307,91.94504213,2.66,3.65556059
5,27,2.5,-46.69014085,0,0,0,0,22.87629203,0.1,16.66760261,92.44474344,2.673,3.65556059
5,27,3,-47.6056338,0,0,0,0,22.83670659,0,16.49647276,92.94444476,2.484,3.65556059
5,27,3.5,-47.3943662,0,0,0,0,22.77732844,0,16.31527645,93.34420581,2.358,3.65556059
5,27,4,-46.26760563,0,0,0,0,22.72784665,0,16.12401367,93.84390713,1.869,3.65556059
5,27,4.5,-46.83098592,0,0,0,0,22.68826121,0,16.00321613,94.24366818,2.134,3.65556059
5,27,5,-47.46478873,0,0,0,0,22.6189867,0,15.88241859,94.44354871,1.5,3.65556059
5,27,5.5,-47.53521127,0,0,0,0,22.55960855,0,15.7213552,94.34360844,1.511,3.65556059
5,27,6,-46.33802817,0.8,0.2,0.792167052,0,22.49033404,0,15.64082351,94.84330976,2.084,3.65556059
5,27,6.5,-32.25352113,21.4,3.2,23.76501157,0.773658476,22.41116317,0,15.61062412,94.94325002,1.898,3.65556059
5,27,7,24.36619718,116.2,20.6,117.2407237,3.610406222,22.31219958,0,15.96295028,94.7433695,2.438,3.65556059
5,27,7.5,71.97183099,209,40.8,222.0708303,7.220812445,22.19344327,0,16.4864063,93.84390713,3.169,3.65556059
5,27,8,97.3943662,294.2,57.2,322.1479346,10.57333251,22.17365056,0,17.02999523,91.84510187,3.666,3.65556059
5,27,8.5,255.0704225,392.4,74.2,430.9388764,13.1521941,22.25282143,0,17.68431525,88.44713292,3.607,3.65556059
5,27,9,324.1549296,461.8,84.8,509.8915259,14.69951105,22.40126681,0,18.35876819,83.65000028,3.897,3.630960307
5,27,9.5,356.6197183,502.6,89.8,557.6856047,15.98894184,22.62888306,0,19.00302174,79.42252715,3.312,3.630960307
5,27,10,447.8873239,575,101.4,633.7336418,17.79414495,23.01484105,0,19.86873746,75.8346717,2.829,3.630960307
5,27,10.5,494.084507,651.6,113,716.6471265,20.11512038,23.33152453,0,20.50292455,72.92641004,2.879,3.630960307
5,27,11,554.5070423,702.2,121,771.0425975,21.40455117,23.43048811,0,21.25790918,70.56781983,2.411,3.630960307
5,27,11.5,572.5352113,721.2,124.2,793.7513863,21.66243733,23.51955534,0,21.80149812,67.19983296,2.718,3.605946568
5,27,12,579.5774648,724.4,125.8,799.2965557,22.95186813,23.73727523,0,22.43568521,65.52083654,2.725,3.605946568
5,27,12.5,569.7183099,711.8,125.2,787.9421612,22.69398197,23.80654974,0,23.02960645,63.26218659,2.75,3.605946568
5,27,13,550.3521127,685.2,122.2,755.7273678,21.40455117,23.93520241,0,23.53292954,62.04291538,2.164,3.605946568
5,27,13.5,501.7605634,636,117.2,707.1411219,21.40455117,24.10344051,0,24.04631909,61.23339925,2.572,3.580507661
5,27,14,455,579.4,111.2,656.7064863,20.37300654,24.21230045,0,24.44897756,60.63375767,2.428,3.580507661
5,27,14.5,398.8028169,515.8,102.4,582.7708947,19.08357575,24.28157496,0,24.6503068,59.07468957,2.525,3.580507661
5,27,15,322.4647887,435.4,91.8,496.1606304,17.02048648,24.31126404,0,24.85163604,58.13525109,2.743,3.580507661
5,27,15.5,237.8169014,345.4,79.6,397.9319159,14.69951105,24.31126404,0,24.89190188,58.3651137,2.826,3.554631403
5,27,16,150.2112676,250.2,65.8,291.7815309,12.12064946,24.26178225,0,24.80130373,59.45446257,3.057,3.554631403
5,27,16.5,67.18309859,155.2,45.4,182.9905891,8.768129397,24.24198953,0,24.5194428,62.06290344,2.664,3.554631403
5,27,17,6.690140845,66.2,17.4,81.32915069,3.868292381,24.28157496,0,23.97585386,64.81126067,2.682,3.554631403
5,27,17.5,-40.91549296,6.8,1.2,10.82628305,0,24.49929485,0,23.03967292,69.34854862,2.331,3.554631403
5,27,18,-45.49295775,0.2,0,0,0,24.80608198,0,22.1739572,75.65477923,1.077,3.554631403
5,27,18.5,-43.5915493,0,0,0,0,24.73680746,0,21.16731102,79.88225236,2.159,3.554631403
5,27,19,-43.66197183,0,0,0,0,24.51908757,0,20.75458609,82.95041844,2.144,3.554631403
5,27,19.5,-41.69014085,0,0,0,0,24.2716786,0,20.40225993,84.54946265,1.693,3.554631403
5,27,20,-41.97183099,0,0,0,0,24.07375143,0,20.120399,86.34838739,2.133,3.554631403
5,27,20.5,-42.32394366,0,0,0,0,23.90551333,0,19.97946853,86.74814844,2.83,3.554631403
5,27,21,-46.69014085,0,0,0,0,23.72737888,0,19.93920269,86.94802897,3.013,3.554631403
5,27,21.5,-56.76056338,0,0,0,0,23.60862257,0,19.71774053,87.54767055,2.911,3.554631403
5,27,22,-47.6056338,0,0,0,0,23.56903714,0,19.45601252,88.44713292,2.618,3.554631403
5,27,22.5,-46.69014085,0,0,0,0,23.51955534,0,19.21441744,89.14671476,2.556,3.554631403
5,27,23,-45.42253521,0,0,0,0,23.47007355,0,19.02315467,90.24605765,2.635,3.554631403
5,27,23.5,-48.02816901,0,0,0,0,23.43048811,0,18.72116081,90.9456395,2.467,3.554631403
5,28,0,-46.76056338,0,0,0,0,23.39090268,0,18.5399645,91.7451616,2.371,3.554631403
5,28,0.5,-46.54929577,0,0,0,0,23.33152453,0,18.39903404,91.94504213,2.277,3.554631403
5,28,1,-45.28169014,0,0,0,0,23.26225002,0,18.24803711,92.14492265,2.64,3.554631403
5,28,1.5,-46.05633803,0,0,0,0,23.20287186,0,18.00644203,92.54468371,2.471,3.528305116
5,28,2,-45.70422535,0,0,0,0,23.15339007,0,17.76484694,92.94444476,2.698,3.528305116
5,28,2.5,-46.1971831,0,0,0,0,23.09401192,0,17.5131854,93.14432529,2.555,3.528305116
5,28,3,-47.18309859,0,0,0,0,23.05442648,0,17.3017897,93.44414608,1.997,3.528305116
5,28,3.5,-46.69014085,0,0,0,0,23.00494469,0,17.07026108,93.54408634,1.601,3.528305116
5,28,4,-45.98591549,0,0,0,0,22.9554629,0,16.828666,93.6440266,1.76,3.528305116
5,28,4.5,-46.47887324,0,0,0,0,22.87629203,0,16.59713738,93.84390713,1.792,3.528305116
5,28,5,-46.69014085,0,0,0,0,22.7872248,0,16.41594106,94.04378766,1.936,3.528305116
5,28,5.5,-46.54929577,0,0,0,0,22.69815757,0,16.16427952,94.24366818,2.044,3.528305116
5,28,6,-46.33802817,0.6,0.2,0.528111368,0,22.6189867,0,16.03341552,94.54348897,2.187,3.528305116
5,28,6.5,-33.8028169,19.4,3,22.44473315,0.515772317,22.53981583,0,16.02334906,94.84330976,2.499,3.528305116
5,28,7,22.11267606,113.2,20.6,114.3361112,3.610406222,22.44085224,0,16.50653922,94.54348897,1.988,3.528305116
5,28,7.5,77.04225352,201.8,39.8,212.0367143,7.220812445,22.34188866,0,17.16085924,93.74396687,1.76,3.528305116
5,28,8,66.90140845,218,42.2,245.0436748,7.994470921,22.31219958,0,17.39238786,92.04498239,2.471,3.528305116
5,28,8.5,206.9014085,313.6,59.4,347.4972802,10.57333251,22.40126681,0,17.76484694,90.9456395,2.446,3.528305116
5,28,9,347.2535211,486.6,90.4,526.7910897,15.47316952,22.53981583,0,18.46949927,88.94683423,1.737,3.528305116
5,28,9.5,372.3943662,506,91.4,555.0450479,16.246828,22.75753572,0,19.21441744,86.34838739,1.687,3.528305116
5,28,10,479.1549296,628.8,111,684.4323331,19.34146191,23.21276822,0,20.08013315,82.35077686,2.059,3.528305116
5,28,10.5,513.8028169,670.4,116.6,731.9623562,20.37300654,23.60862257,0,20.84518425,77.77351281,2.397,3.501515604
5,28,11,554.5070423,705.4,121.8,770.2504304,21.40455117,23.71748252,0,21.88202981,73.43610539,2.471,3.501515604
5,28,11.5,575.3521127,725,125.2,792.4311079,22.17820965,23.80654974,0,22.75781199,70.06811852,1.981,3.501515604
5,28,12,580.9859155,727,126.4,797.4481659,23.20975429,23.99458056,0,23.58326185,67.48965973,2.503,3.501515604
5,28,12.5,570.4225352,715.4,126,786.6218828,23.20975429,24.09354415,0,24.1771831,64.2116191,2.384,3.501515604
5,28,13,544.4366197,687.6,123,756.2554792,21.92032349,24.24198953,0,24.75097142,62.91239567,2.683,3.474249121
5,28,13.5,511.4788732,637.8,118.4,702.6521753,21.40455117,24.40033127,0,25.19389574,61.42328575,2.465,3.474249121
5,28,14,441.971831,580.6,111.4,654.3299851,20.6308927,24.47950214,0,25.44555728,61.55320809,2.535,3.474249121
5,28,14.5,396.5492958,517,102.8,580.6584493,19.34146191,24.55867301,0,25.6770859,59.87421167,2.413,3.474249121
5,28,15,321.3380282,436.2,92,494.0481849,17.27837264,24.52898393,0,25.82808283,57.86541238,2.441,3.446491342
5,28,15.5,235.1408451,346.2,80,396.3475818,14.95739721,24.51908757,0,25.8079499,57.13584846,2.47,3.446491342
5,28,16,148.5211268,251.2,66.4,291.2534195,12.37853562,24.50919121,0,25.81801637,58.24518538,2.561,3.446491342
5,28,16.5,66.4084507,155.4,45.6,182.198422,9.026015556,24.46960578,0,25.53615544,60.46385923,2.374,3.446491342
5,28,17,5.352112676,66.8,17.6,80.80103932,3.868292381,24.52898393,0,25.02276589,63.67194167,2.16,3.446491342
5,28,17.5,-43.30985915,6.8,1.2,10.82628305,0.257886159,24.74670382,0,24.14698371,68.58900262,1.501,3.446491342
5,28,18,-45.28169014,0.2,0,0,0,25.08318002,0,23.29133446,75.4149226,1.154,3.446491342
5,28,18.5,-41.1971831,0,0,0,0,25.05349094,0,21.85183043,81.1514937,1.363,3.446491342
5,28,19,-43.45070423,0,0,0,0,24.81597833,0,21.23777626,83.15029897,1.618,3.446491342
5,28,19.5,-43.09859155,0,0,0,0,24.50919121,0,20.91564948,83.94982107,2.053,3.446491342
5,28,20,-42.46478873,0,0,0,0,24.24198953,0,20.54319039,84.04976134,1.346,3.446491342
5,28,20.5,-40.98591549,0,0,0,0,24.10344051,0,20.17073131,86.14850686,1.854,3.446491342
5,28,21,-40.77464789,0,0,0,0,23.99458056,0,19.6976076,87.44773029,2.131,3.446491342
5,28,21.5,-41.90140845,0,0,0,0,23.85603154,0,19.59694299,88.24725239,2.234,3.446491342
5,28,22,-41.33802817,0,0,0,0,23.72737888,0,19.46607898,87.9474316,1.852,3.446491342
5,28,22.5,-42.81690141,0,0,0,0,23.64820801,0,19.28488267,88.44713292,1.632,3.446491342
5,28,23,-41.47887324,0,0,0,0,23.56903714,0,19.21441744,88.74695371,1.175,3.446491342
5,28,23.5,-41.4084507,0,0,0,0,23.47996991,0,19.20435098,90.34599792,1.897,3.446491342
5,29,0,-43.45070423,0,0,0,0,23.40079904,0,19.17415159,90.44593818,1.124,3.446491342
5,29,0.5,-42.32394366,0,0,0,0,23.33152453,0,18.87215774,90.64581871,0.698,3.446491342
5,29,1,-41.33802817,0,0,0,0,23.28204273,0,18.45943281,91.34540055,0.9,3.446491342
5,29,1.5,-42.32394366,0,0,0,0,23.22266458,0,18.30843588,91.54528108,1.113,3.446491342
5,29,2,-40.70422535,0,0,0,0,23.12370099,0,18.14737249,91.84510187,1.324,3.446491342
5,29,2.5,-41.61971831,0,0,0,0,23.05442648,0,17.86551156,91.7451616,1.134,3.446491342
5,29,3,-41.05633803,0,0,0,0,22.98515197,0,17.71451463,92.44474344,0.808,3.446491342
5,29,3.5,-41.69014085,0,0,0,0,22.92577382,0,17.34205555,92.54468371,0.99,3.418227335
5,29,4,-40.91549296,0,0,0,0,22.86639567,0,17.23132447,92.8445045,0.524,3.418227335
5,29,4.5,-41.76056338,0,0,0,0,22.79712116,0,16.97966292,93.14432529,0.334,3.418227335
5,29,5,-42.32394366,0,0,0,0,22.72784665,0,16.87899831,93.54408634,0.069,3.446491342
5,29,5.5,-42.04225352,0,0,0,0,22.65857213,0,16.85886538,93.94384739,0.624,3.418227335
5,29,6,-38.23943662,0.8,0,0.792167052,0,22.58929762,0,16.63740322,93.84390713,0.377,3.418227335
5,29,6.5,-26.4084507,16.2,1.6,20.59634336,0.773658476,22.52991947,0,16.58707091,94.14372792,1.017,3.418227335
5,29,7,26.33802817,103.6,10,106.150385,3.610406222,22.43095588,0,17.96617618,94.54348897,0.88,3.418227335
5,29,7.5,85.14084507,206.4,18.8,213.092937,7.220812445,22.38147409,0,18.69096143,93.84390713,1.13,3.418227335
5,29,8,159.3661972,298.6,28.8,315.5465425,10.57333251,22.43095588,0,19.86873746,93.54408634,0.62,3.418227335
5,29,8.5,209.5070423,392.2,37.8,425.393707,13.1521941,22.58929762,0,20.62372209,91.84510187,0.941,3.418227335
5,29,9,339.1549296,477.2,43.8,518.6053635,15.21528337,22.82681023,0,21.19751041,90.14611739,0.907,3.418227335
5,29,9.5,409.5070423,552.6,50.8,600.7266812,17.27837264,23.14349371,0,21.99276089,87.64761081,1.1,3.418227335
5,29,10,471.4788732,617,58.4,669.9092705,19.59934806,23.64820801,0,22.88867599,82.95041844,1.063,3.418227335
5,29,10.5,525.3521127,665,59.6,722.4563516,21.40455117,24.034166,0,24.02618617,77.84347099,1.234,3.389441522
5,29,11,561.1267606,701,61.4,759.9522587,21.92032349,24.13312958,0,25.16369635,72.88643394,1.1,3.389441522
5,29,11.5,578.1690141,717.4,61.2,779.756435,22.17820965,24.16281866,0,26.31127299,67.2498031,1.675,3.389441522
5,29,12,584.5070423,720.6,64,783.7172703,22.69398197,24.44981306,0,27.26758686,62.99234788,1.338,3.389441522
5,29,12.5,576.7605634,707.6,71.6,769.9863747,23.46764044,24.54877665,0,28.25410012,60.55380546,1.331,3.360117648
5,29,13,546.4788732,676,78,737.5075256,22.69398197,24.73680746,0,28.90842013,57.81544225,1.513,3.360117648
5,29,13.5,507.2535211,623,85.8,678.623108,21.40455117,24.98421643,0,29.51240784,55.1370432,1.289,3.360117648
5,29,14,444.1549296,570.8,95.4,635.3179759,20.6308927,25.13266181,0,30.39825648,53.63793925,1.324,3.360117648
5,29,14.5,390.5633803,504.8,92.6,560.3261616,19.08357575,25.22172904,0,30.8915131,51.91896672,1.047,3.330238739
5,29,15,314.7183099,423,86.8,472.9237302,17.02048648,25.26131448,0,31.41496912,51.68910412,1.075,3.330238739
5,29,15.5,233.5211268,335.2,75.6,378.3917953,14.69951105,25.30089991,0,30.99217772,52.5186083,1.39,3.330238739
5,29,16,148.943662,239.8,61.8,273.0335773,11.8627633,25.3503817,0,30.99217772,53.02830364,1.118,3.330238739
5,29,16.5,64.50704225,144.8,41,166.0910253,8.252357079,25.38007078,0,30.96197834,53.37809457,1.167,3.330238739
5,29,17,6.126760563,59,15.2,70.23881196,3.352520064,25.55820524,0,30.01573093,60.15404441,1.665,3.330238739
5,29,17.5,-34.92957746,7.2,1.4,10.56222736,0.257886159,26.00354138,0,28.23396719,68.08930131,2.51,3.330238739
5,29,18,-37.81690141,0.2,0,0,0,26.33012122,0,26.74413085,74.48547815,2.247,3.330238739
5,29,18.5,-35.70422535,0,0,0,0,26.17177948,0,25.61668713,78.51307076,2.637,3.330238739
5,29,19,-34.57746479,0,0,0,0,25.82540692,0,25.05296527,78.93281986,2.978,3.330238739
5,29,19.5,-35.35211268,0,0,0,0,25.45924165,0,24.92210127,78.84287363,3.021,3.330238739
5,29,20,-35.91549296,0,0,0,0,25.22172904,0,24.87176896,81.05155344,2.696,3.330238739
5,29,20.5,-34.64788732,0,0,0,0,25.09307638,0,24.49930987,82.75053792,2.634,3.330238739
5,29,21,-33.45070423,0,0,0,0,25.01390551,0,24.13691725,84.1497016,2.542,3.330238739
5,29,21.5,-34.64788732,0,0,0,0,24.91494192,0,23.99598678,85.14910423,2.758,3.330238739
5,29,22,-36.83098592,0,0,0,0,24.82587469,0,23.91545509,86.14850686,2.621,3.330238739
5,29,22.5,-36.83098592,0,0,0,0,24.75660018,0,23.57319539,86.64820818,1.549,3.330238739
5,29,23,-33.16901408,0,0,0,0,24.73680746,0,22.8584766,88.34719265,1.388,3.299787062
5,29,23.5,-34.15492958,0,0,0,0,24.69722203,0,22.39541936,89.74635634,1.598,3.299787062
5,30,0,-32.53521127,0,0,0,0,24.6081548,0,22.08335905,89.74635634,1.025,3.299787062
5,30,0.5,-33.94366197,0,0,0,0,24.51908757,0,21.81156458,90.34599792,0.497,3.299787062
5,30,1,-31.76056338,0,0,0,0,24.4399167,0,21.42903903,90.9456395,0.792,3.299787062
5,30,1.5,-34.85915493,0,0,0,0,24.36074583,0,21.25790918,91.14552002,0.997,3.299787062
5,30,2,-32.88732394,0,0,0,0,24.2716786,0,21.12704518,91.64522134,1.106,3.299787062
5,30,2.5,-34.92957746,0,0,0,0,24.18261138,0,20.94584887,92.44474344,1.019,3.299787062
5,30,3,-34.22535211,0,0,0,0,24.10344051,0,20.76465255,92.8445045,1.18,3.299787062
5,30,3.5,-35,0,0,0,0,24.04406235,0,20.5935227,92.74456423,1.048,3.299787062
5,30,4,-35,0,0,0,0,23.9846842,0,20.21099716,93.24426555,1.055,3.299787062
5,30,4.5,-36.26760563,0,0,0,0,23.93520241,0,20.20093069,93.6440266,1.798,3.299787062
5,30,5,-39.22535211,0,0,0,0,23.80654974,0,20.98611471,93.74396687,1.472,3.299787062
5,30,5.5,-36.12676056,0,0,0,0,23.74717159,0,20.49285809,93.44414608,1.19,3.299787062
5,30,6,-36.47887324,0.6,0,0.528111368,0,23.76696431,0,20.04993377,94.14372792,1.503,3.299787062
5,30,6.5,-23.38028169,17.6,3,19.27606494,0.515772317,23.71748252,0,20.54319039,94.34360844,1.484,3.299787062
5,30,7,23.09859155,106.6,18.6,100.8692713,3.352520064,23.59872621,0,21.34850734,94.64342923,0.5,3.299787062
5,30,7.5,79.43661972,202.6,39,203.5869324,7.220812445,23.54924442,0,23.14033753,93.94384739,0.245,3.299787062
5,30,8,132.9577465,297,56.8,313.1700413,10.83121867,23.59872621,0,23.73425878,91.54528108,0.793,3.299787062
5,30,8.5,238.4507042,385.8,72.4,413.5112012,13.1521941,23.74717159,0,24.11678433,89.54647581,1.328,3.299787062
5,30,9,332.3239437,476.6,86.2,508.3071918,15.47316952,24.05395871,0,24.50937634,86.64820818,1.587,3.299787062
5,30,9.5,405.5633803,556.6,98,593.0690664,17.79414495,24.41022763,0,25.36502559,82.35077686,1.209,3.299787062
5,30,10,465.2112676,622,107.4,661.7235443,19.59934806,24.86546013,0,26.54280161,74.92521531,1.024,3.299787062
5,30,10.5,517.3943662,671.6,114.2,714.2706254,21.14666502,25.17224725,0,27.89170749,65.68074096,1.625,3.26874408
5,30,11,547.6056338,703.2,119,749.1259757,21.92032349,25.22172904,0,29.30101214,57.77546615,1.76,3.26874408
5,30,11.5,576.056338,720.6,122.2,769.9863747,23.20975429,25.31079627,0,30.46872171,53.47803483,2.19,3.26874408
5,30,12,576.7605634,723.2,123.4,775.0034327,23.20975429,25.49882708,0,31.36463681,48.99071701,2.262,3.26874408
5,30,12.5,569.7183099,712.4,122.8,765.2333724,23.20975429,25.53841252,0,32.11962144,45.0730587,2.256,3.237090405
5,30,13,551.5492958,689.8,120.8,744.6370291,23.20975429,25.66706518,0,32.58267868,40.5957349,3.411,3.237090405
5,30,13.5,508.6619718,646.6,117.6,694.7305048,22.69398197,25.84519964,0,33.25713162,35.40883525,4.337,3.204805749
5,30,14,443.4507042,588,111.2,647.728593,21.66243733,25.95405959,0.1,33.63965717,35.59872175,4.114,3.204805749
5,30,14.5,395.8450704,523.8,102.6,575.1132799,20.11512038,26.07281589,0,33.59939132,35.34887109,3.813,3.204805749
5,30,15,318.3802817,439.6,91.8,487.7108485,18.05203111,26.1420904,0,33.62959071,35.60871577,3.83,3.171868865
5,30,15.5,237.3943662,349.6,80,391.3305238,15.73105568,26.1420904,0,33.63965717,36.63810048,3.51,3.171868865
5,30,16,147.1830986,251.2,65.8,283.8598604,12.63642178,26.12229768,0,33.51885963,37.96730598,2.799,3.171868865
5,30,16.5,62.25352113,154.4,44.8,176.389197,9.283901714,26.07281589,0,33.05580239,40.7456453,2.497,3.171868865
5,30,17,0.845070423,63.4,16.8,75.78398133,3.868292381,26.16188312,0,32.18002021,45.34289741,2.046,3.171868865
5,30,17.5,-42.11267606,6.8,1.2,10.56222736,0.257886159,26.51815203,0,30.94184541,55.75667283,1.787,3.171868865
5,30,18,-41.90140845,0.2,0,0,0,27.13172627,0,27.2575204,67.6695522,1.93,3.171868865
5,30,18.5,-41.69014085,0,0,0,0,27.12182991,0,25.43549082,76.56423562,1.748,3.171868865
5,30,19,-40.70422535,0,0,0,0,26.74576828,0,24.19731602,80.55185213,0.85,3.171868865
5,30,19.5,-38.94366197,0,0,0,0,26.33012122,0,23.52286308,82.95041844,0.227,3.171868865
5,30,20,-38.09859155,0,0,0,0,25.99364502,0,23.03967292,85.94862634,0.88,3.171868865
5,30,20.5,-37.25352113,0,0,0,0,25.75613241,0,22.50615044,87.04796923,1.958,3.171868865
5,30,21,-45.56338028,0,0,0,0,25.49882708,0,22.71754614,84.44952239,2.91,3.171868865
5,30,21.5,-55,0,0,0,0,25.26131448,0,22.91887537,83.74994055,2.559,3.171868865
5,30,22,-38.8028169,0,0,0,0,25.13266181,0,22.61688152,84.04976134,2.806,3.171868865
5,30,22.5,-39.36619718,0,0,0,0,25.05349094,0,22.66721383,83.94982107,2.935,3.171868865
5,30,23,-40.84507042,0,0,0,0,24.96442371,0,22.65714737,84.04976134,1.589,3.171868865
5,30,23.5,-39.15492958,0,0,0,0,24.90504556,0,21.99276089,84.84928344,0.473,3.171868865
5,31,0,-39.64788732,0,0,0,0,24.90504556,0,21.51963719,87.1479095,1.059,3.171868865
5,31,0.5,-40.28169014,0,0,0,0,24.84566741,0,21.12704518,88.94683423,1.192,3.171868865
5,31,1,-38.8028169,0,0,0,0,24.74670382,0,20.8049184,89.8462966,1.769,3.171868865
5,31,1.5,-39.22535211,0,0,0,0,24.64774024,0,20.52305747,90.24605765,1.56,3.171868865
5,31,2,-40.28169014,0,0,0,0,24.55867301,0,20.13046546,91.14552002,0.789,3.171868865
5,31,2.5,-39.78873239,0,0,0,0,24.47950214,0,19.94926915,91.54528108,0.011,3.171868865
5,31,3,-41.12676056,0,0,0,0,24.38053855,0,19.82847161,92.14492265,0.766,3.171868865
5,31,3.5,-40.42253521,0,0,0,0,24.29147132,0,19.68754114,92.34480318,0.907,3.171868865
5,31,4,-40.49295775,0,0,0,0,24.19250773,0,19.46607898,92.74456423,0.217,3.171868865
5,31,4.5,-38.94366197,0,0,0,0,24.13312958,0,19.36541437,93.04438502,0.417,3.171868865
5,31,5,-40.28169014,0,0,0,0,24.05395871,0,19.25468329,93.34420581,0.198,3.171868865
5,31,5.5,-38.73239437,0,0,0,0,23.9846842,0,19.08355344,93.44414608,0.679,3.171868865
5,31,6,-39.08450704,0.8,0.2,0.528111368,0,23.92530605,0,18.91242359,93.44414608,1.054,3.171868865
5,31,6.5,-27.88732394,16.6,3,17.95578652,0.515772317,23.8659279,0,18.84195835,94.04378766,0.36,3.171868865
5,31,7,21.54929577,101.8,19,98.75682584,3.352520064,23.76696431,0,19.97946853,94.24366818,1.512,3.171868865
5,31,7.5,77.95774648,196.2,38.6,203.3228767,7.220812445,23.66800072,0,21.6203018,92.94444476,0.84,3.171868865
5,31,8,134.0140845,291,56.2,310.2654288,10.83121867,23.68779344,0,22.31488767,90.74575897,1.375,3.171868865
5,31,8.5,244.084507,379.2,71.2,406.3816978,13.1521941,23.85603154,0,23.48259723,87.24784976,0.996,3.171868865
5,31,9,325.4225352,467.4,85,502.2339111,15.73105568,24.10344051,0,24.62010741,80.85167292,1.497,3.138257493
5,31,9.5,404.1549296,548.4,96.6,587.523897,17.79414495,24.4399167,0,26.26094069,72.69654744,1.817,3.138257493
5,31,10,464.0140845,610.2,105.4,654.5940408,19.59934806,24.88525284,0,27.82124226,62.3527302,1.835,3.138257493
5,31,10.5,520.8450704,663,113,711.8941242,21.40455117,25.22172904,0,29.35134445,53.8478138,2.506,3.138257493
5,31,11,550.0704225,694.4,118,746.7494745,22.17820965,25.37017442,0,30.35799063,50.20998822,2.804,3.103948293
5,31,11.5,576.7605634,717.2,121.8,772.0988202,23.20975429,25.53841252,0,31.27403865,46.91195954,2.878,3.103948293
5,31,12,578.8732394,727,124.4,784.2453817,23.98341276,25.76602877,0,32.37128299,38.54695951,3.793,3.103948293
5,31,12.5,564.084507,716.4,124,774.739377,24.24129892,25.75613241,0,33.00547008,33.7198448,4.469,3.068916779
5,31,13,534.0140845,685.6,120.2,745.4291961,23.46764044,25.93426687,0,33.38799562,33.63989259,5.019,3.068916779
5,31,13.5,497.0422535,636.2,116,688.3931684,22.95186813,26.15198676,0,33.48866024,34.44940872,4.855,3.033137246
5,31,14,443.1690141,578.8,109.6,644.0318134,21.92032349,26.34001758,0,33.50879317,35.41882927,4.239,3.033137246
5,31,14.5,390.7746479,513,100.2,569.5681105,20.37300654,26.43898116,0,33.55912548,35.06903835,4.314,3.033137246
5,31,15,319.5774648,430.6,89.8,483.2219018,18.30991727,26.50825567,0,33.42826147,37.33768233,3.722,3.033137246
5,31,15.5,234.4366197,338.2,77.2,383.6729089,15.47316952,26.51815203,0,33.4987267,39.43642785,3.149,2.996582688
5,31,16,144.0140845,237.8,62.2,273.297633,12.12064946,26.51815203,0,33.19673285,41.63511364,3.146,2.996582688
5,31,16.5,67.25352113,152,43.6,174.5408072,9.283901714,26.53794475,0,32.88467254,44.3135127,2.444,2.996582688
5,31,17,6.549295775,63.4,16.6,75.51992564,3.868292381,26.58742654,0,31.8679599,46.89197149,2.264,2.996582688
5,31,17.5,-36.54929577,5.2,0.8,8.44978189,0.257886159,26.90411002,0,30.23719309,53.32812443,1.592,2.996582688
5,31,18,-37.32394366,0,0,0,0,27.45830611,0,27.31791917,66.74010775,1.473,2.996582688
5,31,18.5,-35.35211268,0,0,0,0,27.46820247,0,25.78781698,76.47428939,2.34,2.996582688
5,31,19,-36.61971831,0,0,0,0,27.11193356,0,24.82143665,78.69296323,2.428,2.996582688
5,31,19.5,-33.16901408,0,0,0,0,26.68639013,0,24.40871172,78.92282584,2.232,2.996582688
5,31,20,-34.08450704,0,0,0,0,26.39939573,0,23.88525571,81.55125476,1.013,2.996582688
5,31,20.5,-33.52112676,0,0,0,0,26.17177948,0,23.33160031,83.15029897,1.134,2.996582688
5,31,21,-33.02816901,0,0,0,0,26.01343774,0,22.95914122,85.04916397,1.412,2.996582688
5,31,21.5,-32.3943662,0,0,0,0,25.87488872,0,22.78801137,86.14850686,1.427,2.996582688
5,31,22,-30.49295775,0,0,0,0,25.73633969,0,22.70747968,87.04796923,1.219,2.996582688
5,31,22.5,-28.30985915,0,0,0,0,25.61758339,0,22.42561875,88.34719265,1.49,2.996582688
5,31,23,-24.92957746,0,0,0,0,25.5186198,0,22.29475474,88.64701344,1.957,2.996582688
5,31,23.5,-21.12676056,0,0,0,0,25.43944893,0,22.47595106,88.34719265,2.158,2.996582688
6,1,0,-20.84507042,0,0,0,0,25.36027806,0,22.67728029,87.1479095,1.972,2.996582688
6,1,0.5,-16.12676056,0,0,0,0,25.32069263,0,23.05980584,87.34779002,1.341,2.996582688
6,1,1,-14.36619718,0,0,0,0,25.31079627,0,23.13027107,88.54707318,0.667,2.996582688
6,1,1.5,-13.09859155,0,0,0,0,25.34048535,0,23.09000522,89.24665502,0.372,2.996582688
6,1,2,-11.47887324,0,0,0,0,25.36027806,0,23.281268,89.64641608,0.483,2.996582688
6,1,2.5,-17.32394366,0,0,0,0,25.38007078,0,23.23093569,90.04617713,1.346,2.996582688
6,1,3,-22.46478873,0,0,0,0,25.37017442,0,22.79807783,90.34599792,2.002,2.996582688
6,1,3.5,-10.63380282,0,0,0,0,25.3503817,0,22.75781199,90.14611739,1.854,2.996582688
6,1,4,-10.63380282,0,0,0,0,25.32069263,0,22.88867599,90.24605765,1.014,2.996582688
6,1,4.5,-9.85915493,0,0,0,0,25.31079627,0,22.94907476,90.34599792,1.77,2.996582688
6,1,5,-12.81690141,0,0,0,0,25.28110719,0,23.56312893,90.34599792,2.632,2.996582688
6,1,5.5,-13.02816901,0,0,0,0,25.18214361,0,24.37851233,89.94623686,3.158,2.996582688
6,1,6,-12.53521127,0.2,0,0.264055684,0,25.19203996,0,24.27784771,90.54587844,2.072,2.996582688
6,1,6.5,-7.042253521,7,1.4,7.12950347,0,25.26131448,0,24.18724956,91.24546029,1.105,2.996582688
6,1,7,6.901408451,27.2,5.4,31.95073777,1.031544635,25.33058899,0,24.19731602,91.44534081,0.961,2.996582688
6,1,7.5,90.91549296,158,31.4,165.8269696,5.931381651,25.3503817,0,24.40871172,91.7451616,1.948,2.996582688
6,1,8,193.4507042,304.8,59.4,325.3166028,11.8627633,25.28110719,0,24.74090496,89.8462966,2.598,2.996582688
6,1,8.5,252.4647887,368.8,69.4,404.7973637,13.41008025,25.28110719,0,25.15362989,87.34779002,2.161,2.996582688
6,1,9,214.5070423,290.2,53.2,337.9912756,11.34699098,25.40975986,0,25.56635482,84.74934318,1.92,2.996582688
6,1,9.5,381.4788732,511,90.6,566.9275537,17.79414495,25.66706518,0,26.16027607,81.95101581,2.397,2.959224716
6,1,10,455.5633803,578.8,100.2,641.3912566,19.85723422,26.00354138,0,27.08639055,77.62360241,1.954,2.959224716
6,1,10.5,413.7323944,519.8,91,580.9225049,18.56780343,26.33012122,0,27.70044472,74.43550802,2.02,2.959224716
6,1,11,268.8732394,340.4,60.6,387.6337442,12.63642178,26.49835931,0,27.82124226,72.95639212,2.232,2.959224716
6,1,11.5,528.4507042,648.6,113.2,708.9895117,22.69398197,26.70618285,0,28.33463181,71.6571687,2.028,2.921033461
6,1,12,257.1126761,322.2,58,360.7000644,11.60487714,26.81504279,0,28.50576166,70.76770036,1.802,2.921033461
6,1,12.5,82.95774648,120.4,22.2,138.3651784,4.899837016,27.1020372,0,28.10310319,72.51665497,1.897,2.921033461
6,1,13,55.84507042,89.4,15.8,109.0549975,3.610406222,27.31975709,0,27.6803118,75.18505999,2.874,2.921033461
6,1,13.5,-24.71830986,30.4,5.2,42.51296513,1.547316952,27.28017165,0,27.03605824,79.27261676,3.465,2.921033461
6,1,14,18.66197183,66,10.6,84.76187458,2.320975429,25.3503817,24,23.67386001,87.54767055,5.047,4.80826509
6,1,14.5,52.25352113,100.6,17.6,116.4485567,3.352520064,25.01390551,0.1,23.35173323,92.04498239,2.115,5.022910811
6,1,15,51.76056338,92.8,16,108.5268862,3.094633905,25.0633873,0,23.73425878,92.8445045,2.159,4.837575743
6,1,15.5,14.29577465,45.8,8,55.45169365,1.805203111,25.07328366,2.2,24.37851233,93.14432529,2.216,4.747189665
6,1,16,6.971830986,33.4,5.8,40.40051966,1.289430794,25.19203996,0,24.57984157,93.54408634,1.674,4.747189665
6,1,16.5,-2.957746479,32.2,5.8,36.17562872,1.289430794,25.30089991,0.3,24.35837941,93.74396687,2.754,4.704529498
6,1,17,0.211267606,26.2,5,27.19773546,0.773658476,25.3998635,0,24.12685079,94.54348897,2.953,4.660196267
6,1,17.5,-11.33802817,5.8,1,6.073280733,0,25.44934529,0,23.48259723,94.84330976,3.493,4.614077674
6,1,18,-17.81690141,0.2,0,0,0,25.47903437,0,23.33160031,95.24307081,2.961,4.578243453
6,1,18.5,-10.77464789,0,0,0,0,25.45924165,0,23.32153385,95.64283187,1.851,4.528696868
6,1,19,-4.929577465,0,0,0,0,25.41965622,0,23.44233139,95.94265266,2.886,4.503125352
6,1,19.5,-7.183098592,0,0,0,0,25.38996714,0,23.281268,96.04259292,3.878,4.463715554
6,1,20,-11.4084507,0,0,0,0,25.38007078,0.1,23.150404,96.34241371,3.346,4.436710259
6,1,20.5,-11.83098592,0,0,0,0,25.37017442,0,23.0698723,96.14253318,2.636,4.409093509
6,1,21,-12.3943662,0,0,0,0,25.36027806,0,22.96920768,96.04259292,2.301,4.380841875
6,1,21.5,-13.52112676,0,0,0,0,25.3503817,0,22.8584766,96.04259292,2.928,4.36647031
6,1,22,-18.73239437,0,0,0,0,25.32069263,0,22.74774552,95.94265266,3.084,4.351930654
6,1,22.5,-17.04225352,0,0,0,0,25.29100355,0,22.61688152,95.94265266,2.012,4.322333774
6,1,23,-10.49295775,0,0,0,0,25.29100355,0,22.62694798,96.24247345,1.855,4.307269667
6,1,23.5,-10.35211268,0,0,0,0,25.27121083,0,22.58668214,96.24247345,1.593,4.292023697
6,2,0,-13.8028169,0,0,0,0,25.25141812,0,22.52628336,96.14253318,2.339,4.276592177
6,2,0.5,-14.57746479,0,0,0,0,25.25141812,0.1,21.37870672,96.14253318,4.443,4.260971312
6,2,1,-11.1971831,0,0,0,0,25.25141812,0.1,20.85525071,96.6422345,3.571,4.245157198
6,2,1.5,-10.49295775,0,0,0,0,25.17224725,0,20.76465255,96.84211502,2.97,4.245157198
6,2,2,-9.85915493,0,0,0,0,25.0633873,0,20.6740544,96.84211502,2.847,4.229145817
6,2,2.5,-10.21126761,0,0,0,0,24.97432007,0,20.70425378,96.94205529,2.587,4.212933033
6,2,3,-8.661971831,0,0,0,0,24.90504556,0,20.66398794,97.04199555,2.155,4.212933033
6,2,3.5,-9.084507042,0,0,0,0,24.84566741,0,20.65392147,97.04199555,1.839,4.196514589
6,2,4,-8.38028169,0,0,0,0,24.82587469,0,20.69418732,97.04199555,1.993,4.196514589
6,2,4.5,-9.366197183,0,0,0,0,24.78628926,0,20.69418732,96.94205529,2.071,4.1798861
6,2,5,-9.647887324,0,0,0,0,24.75660018,0,20.70425378,96.84211502,1.67,4.163043047
6,2,5.5,-9.225352113,0,0,0,0,24.73680746,0,20.69418732,96.84211502,1.664,4.163043047
6,2,6,-7.605633803,0.2,0,0,0,24.70711839,0.2,20.70425378,97.14193581,1.945,4.145980777
6,2,6.5,-3.028169014,6.2,1,7.12950347,0,24.67742931,0.1,20.68412086,97.24187608,1.546,4.145980777
6,2,7,11.33802817,36.6,6.4,41.98485377,1.547316952,24.65763659,0.1,20.60358916,97.24187608,2.071,4.145980777
6,2,7.5,34.57746479,57.8,9.8,69.44664491,1.805203111,24.63784388,0,20.77471902,97.04199555,2.109,4.145980777
6,2,8,83.5915493,117.2,20,134.4043432,3.868292381,24.63784388,0,20.94584887,96.84211502,1.296,4.128694494
6,2,8.5,86.90140845,117,20.2,133.8762318,3.610406222,24.67742931,0,21.21764333,96.44235397,1.103,4.128694494
6,2,9,88.73239437,122,21.4,136.5167887,4.12617854,24.79618562,0,21.2277098,96.04259292,1.206,4.128694494
6,2,9.5,109.8591549,143.6,25.4,162.13019,4.899837016,24.90504556,0,21.40890611,95.84271239,1.068,4.111179251
6,2,10,91.05633803,118.8,21,135.1965102,4.12617854,25.00400915,0,21.61023534,95.64283187,2.025,4.111179251
6,2,10.5,107.6760563,136.6,24,156.8490763,4.899837016,25.13266181,0,21.7008335,95.64283187,1.469,4.111179251
6,2,11,128.4507042,159.6,28.8,180.0859765,5.673495492,25.22172904,0,22.01289381,95.04319029,1.554,4.093429949
6,2,11.5,96.69014085,120.8,21.6,140.2135682,4.384064698,25.31079627,0,21.99276089,94.54348897,1.01,4.093429949
6,2,12,73.38028169,101.4,18.2,117.2407237,3.610406222,25.3503817,0,22.09342551,94.24366818,1.654,4.093429949
6,2,12.5,78.8028169,112.2,20.2,128.3310625,4.12617854,25.36027806,0,22.07329258,93.84390713,2.005,4.075441329
6,2,13,124.2957746,157.2,28.4,177.7094754,5.673495492,25.42955257,0,22.42561875,93.14432529,1.07,4.075441329
6,2,13.5,56.97183099,89.4,16.2,101.925494,3.352520064,25.43944893,0,22.49608398,92.64462397,1.451,4.075441329
6,2,14,92.32394366,121.8,22.2,137.8370671,4.384064698,25.50872344,0,22.55648275,93.04438502,1.301,4.057207964
6,2,14.5,150.9859155,187.2,34.2,210.1883245,6.705040127,25.54830888,0,22.86854307,92.24486292,1.467,4.057207964
6,2,15,210.7042254,251.2,46.8,287.0285286,9.799674032,25.58789431,0,23.30140092,90.54587844,1.96,4.057207964
6,2,15.5,60.42253521,80,14.6,92.15543374,3.094633905,25.58789431,0,23.150404,89.64641608,2.65,4.038724253
6,2,16,32.46478873,47,9,54.39547092,1.805203111,25.71654698,0,22.99940707,89.64641608,2.333,4.038724253
6,2,16.5,17.11267606,27.2,5.2,33.79912756,1.031544635,25.73633969,0,23.0698723,89.74635634,1.744,4.038724253
6,2,17,3.873239437,12.4,2.4,15.57928536,0,25.67696154,0,23.04973938,90.14611739,2.176,4.019984414
6,2,17.5,-4.929577465,2.6,0.4,3.432723893,0,25.58789431,0,22.95914122,90.64581871,2.012,4.019984414
6,2,18,-7.323943662,0,0,0,0,25.49882708,0,22.86854307,91.24546029,2.674,4.019984414
6,2,18.5,-8.732394366,0,0,0,0,25.40975986,0,22.70747968,91.34540055,2.491,4.019984414
6,2,19,-10.77464789,0,0,0,0,25.33058899,0,22.56654921,91.7451616,2.048,4.000982477
6,2,19.5,-11.69014085,0,0,0,0,25.27121083,0,22.44575167,91.94504213,1.152,4.000982477
6,2,20,-11.33802817,0,0,0,0,25.2316254,0,22.45581813,92.24486292,1.392,4.000982477
6,2,20.5,-19.22535211,0,0,0,0,25.17224725,0,22.39541936,92.64462397,1.549,4.000982477
6,2,21,-10.63380282,0,0,0,0,25.12276545,0,22.30482121,93.14432529,1.775,4.000982477
6,2,21.5,-6.408450704,0,0,0,0,25.08318002,0,22.24442244,93.14432529,1.77,4.000982477
6,2,22,-6.690140845,0,0,0,0,25.05349094,0,22.22428951,93.14432529,0.627,3.981712275
6,2,22.5,-9.718309859,0,0,0,0,25.02380187,0,22.20415659,93.04438502,0.278,3.981712275
6,2,23,-12.11267606,0,0,0,0,25.01390551,0,22.10349197,93.14432529,0.613,3.981712275
6,2,23.5,-12.81690141,0,0,0,0,24.98421643,0,22.06322612,93.54408634,1.345,3.981712275
6,3,0,-15.84507042,0,0,0,0,24.93473464,0,22.06322612,93.94384739,1.595,3.981712275
6,3,0.5,-11.05633803,0,0,0,0,24.90504556,0,22.03302674,94.34360844,1.381,3.962167436
6,3,1,-7.323943662,0,0,0,0,24.88525284,0,21.99276089,94.54348897,0.96,3.962167436
6,3,1.5,-8.943661972,0,0,0,0,24.87535649,0,21.96256151,94.44354871,0.68,3.962167436
6,3,2,-8.802816901,0,0,0,0,24.84566741,0,21.92229566,94.54348897,1.028,3.962167436
6,3,2.5,-6.971830986,0,0,0,0,24.82587469,0,21.85183043,94.94325002,1.579,3.962167436
6,3,3,-6.478873239,0,0,0,0,24.80608198,0,21.85183043,94.84330976,0.726,3.962167436
6,3,3.5,-9.929577465,0,0,0,0,24.79618562,0,21.85183043,94.84330976,0.912,3.962167436
6,3,4,-15.07042254,0,0,0,0,24.79618562,0,21.78136519,95.14313055,1.352,3.942341374
6,3,4.5,-5.492957746,0,0,0,0,24.7763929,0,21.72096642,95.24307081,1.378,3.942341374
6,3,5,-13.30985915,0,0,0,0,24.75660018,0,21.74109935,95.14313055,0.777,3.942341374
6,3,5.5,-19.78873239,0,0,0,0,24.73680746,0,21.69076704,95.44295134,1.211,3.942341374
6,3,6,-37.74647887,0.4,0,0.264055684,0,24.70711839,0,21.49950426,95.44295134,1.228,3.942341374
6,3,6.5,-16.1971831,9.2,1.6,11.35439441,0.257886159,24.64774024,0,21.40890611,95.5428916,1.291,3.942341374
6,3,7,13.8028169,33.2,6.2,37.23185145,1.289430794,24.59825844,0,21.55990303,95.64283187,1.252,3.942341374
6,3,7.5,55.84507042,78,14,89.25082121,2.836747746,24.59825844,0,21.79143165,95.74277213,1.207,3.922227279
6,3,8,115.6338028,156.6,28.6,179.0297538,5.673495492,24.64774024,0,22.03302674,95.44295134,1.304,3.922227279
6,3,8.5,142.8169014,197.4,36.2,229.2003338,7.478698603,24.70711839,0,22.43568521,94.54348897,0.898,3.922227279
6,3,9,206.9014085,260,47,297.0626446,9.541787873,24.79618562,0,22.89874245,93.54408634,0.987,3.922227279
6,3,9.5,283.0985915,347.4,63.2,384.2010203,12.12064946,24.96442371,0,23.43226492,91.84510187,1.572,3.922227279
6,3,10,209.1549296,255.2,46.4,284.9160831,9.026015556,25.15245453,0,23.56312893,89.94623686,1.391,3.922227279
6,3,10.5,259.4366197,316.6,57.8,348.553503,11.08910483,25.43944893,0,24.13691725,88.44713292,1.439,3.901818108
6,3,11,277.5352113,335.6,60,382.6166862,12.12064946,25.63737611,0,24.5194428,86.54826792,1.443,3.901818108
6,3,11.5,293.5915493,352.8,62.6,396.6116375,12.12064946,25.77592513,0,24.93216773,84.64940292,1.551,3.901818108
6,3,12,408.3098592,498.6,87.8,559.0058832,17.27837264,25.92437051,0,25.51602251,82.45071713,1.733,3.881106577
6,3,12.5,676.7605634,795.2,137.4,865.046421,26.82016051,25.98374866,0,26.22067484,80.05215081,2.1,3.881106577
6,3,13,461.6901408,565.4,99.2,635.3179759,20.6308927,25.95405959,0,26.96559301,76.9739907,2.279,3.881106577
6,3,13.5,526.056338,631.6,114.6,702.1240639,22.43609581,26.24105399,0,27.48904902,75.87464781,1.6,3.860085144
6,3,14,374.2253521,462.6,86,537.6173728,17.79414495,26.35981029,0,27.98230565,73.19624876,1.653,3.860085144
6,3,14.5,386.1267606,477.6,93,541.3141523,18.05203111,26.46867024,0,28.40509704,71.4273061,1.779,3.860085144
6,3,15,176.971831,240,47.2,289.4050297,10.05756019,26.55773747,0,28.29436596,70.50785568,1.251,3.838746003
6,3,15.5,260.7042254,359.6,79,405.325475,15.47316952,26.73587192,0,28.53596105,69.62838136,1.074,3.838746003
6,3,16,161.1971831,242.2,58.2,274.6179114,11.34699098,26.40929209,0,29.0493506,68.33915196,0.908,3.838746003
6,3,16.5,112.3239437,184.8,48,198.8339301,9.283901714,26.34991393,0,28.67689151,69.23861433,1.566,3.817081071
6,3,17,0.774647887,43,9,51.75491408,2.06308927,26.63690834,0,28.20376781,71.97697754,1.566,3.817081071
6,3,17.5,-36.05633803,6.8,1.2,9.506004626,0.257886159,27.00307361,0,27.6803118,76.15448055,1.397,3.817081071
6,3,18,-37.88732394,0,0,0,0,27.14162263,0,26.56293454,81.1514937,2.042,3.817081071
6,3,18.5,-38.5915493,0,0,0,0,26.98328089,0,25.50595605,84.34958213,2.37,3.817081071
6,3,19,-36.12676056,0,0,0,0,26.67649377,0,25.05296527,86.14850686,1.937,3.817081071
6,3,19.5,-37.11267606,0,0,0,0,26.36970665,0,24.74090496,88.04737186,2.514,3.817081071
6,3,20,-36.47887324,0,0,0,0,26.13219404,0,24.52950926,88.64701344,1.573,3.817081071
6,3,20.5,-34.64788732,0,0,0,0,25.95405959,0,24.24764833,89.94623686,1.854,3.817081071
6,3,21,-34.92957746,0,0,0,0,25.80561421,0,24.14698371,90.34599792,1.704,3.795081971
6,3,21.5,-32.74647887,0,0,0,0,25.67696154,0,23.84498986,90.84569923,1.473,3.795081971
6,3,22,-33.94366197,0,0,0,0,25.57799795,0,23.50273016,91.24546029,0.829,3.795081971
6,3,22.5,-33.16901408,0,0,0,0,25.49882708,0,23.03967292,91.64522134,0.665,3.795081971
6,3,23,-33.09859155,0,0,0,0,25.41965622,0,22.9390083,92.04498239,0.158,3.795081971
6,3,23.5,-31.69014085,0,0,0,0,25.34048535,0,22.73767906,92.44474344,0.496,3.795081971
6,4,0,-32.67605634,0,0,0,0,25.24152176,0,22.50615044,92.74456423,0,3.795081971
6,4,0.5,-32.53521127,0,0,0,0,25.16235089,0,22.36521998,93.14432529,0.02,3.795081971
6,4,1,-24.92957746,0,0,0,0,25.09307638,0,22.30482121,93.84390713,0,3.795081971
6,4,1.5,-28.16901408,0,0,0,0,25.04359458,0,22.35515351,93.6440266,0.86,3.795081971
6,4,2,-30.98591549,0,0,0,0,24.98421643,0,22.45581813,94.04378766,1.256,3.795081971
6,4,2.5,-28.87323944,0,0,0,0,24.93473464,0,22.57661567,94.24366818,1.556,3.795081971
6,4,3,-24.29577465,0,0,0,0,24.88525284,0,22.77794491,94.54348897,1.541,3.795081971
6,4,3.5,-25.98591549,0,0,0,0,24.83577105,0,22.89874245,94.44354871,0.51,3.795081971
6,4,4,-22.11267606,0,0,0,0,24.83577105,0,22.5162169,94.84330976,0.097,3.772740025
6,4,4.5,-20.35211268,0,0,0,0,24.85556377,0,22.35515351,94.94325002,0.326,3.772740025
6,4,5,-26.69014085,0,0,0,0,24.85556377,0,22.30482121,95.04319029,0.694,3.772740025
6,4,5.5,-22.46478873,0,0,0,0,24.83577105,0,22.27462182,95.04319029,1.12,3.772740025
6,4,6,-16.97183099,0.4,0,0.264055684,0,24.80608198,0,22.28468828,95.04319029,1.447,3.772740025
6,4,6.5,-21.05633803,11.4,2,13.73089557,0.515772317,24.78628926,0,22.43568521,95.14313055,0.522,3.772740025
6,4,7,23.30985915,91.8,15.8,87.93054279,3.094633905,24.76649654,0,23.19066984,95.64283187,0.446,3.772740025
6,4,7.5,86.69014085,186.4,35.6,197.7777074,6.962926286,24.71701475,0,23.87518924,94.54348897,1.392,3.772740025
6,4,8,125.915493,275.4,51.6,299.17509,10.05756019,24.74670382,0,24.13691725,93.84390713,1.653,3.772740025
6,4,8.5,235.4929577,367,67,403.7411409,12.63642178,24.86546013,0,24.82143665,92.34480318,1.715,3.772740025
6,4,9,335.6338028,450.6,79.8,495.8965747,14.95739721,25.05349094,0,25.51602251,89.44653555,2.45,3.772740025
6,4,9.5,413.6619718,523.8,90.8,576.9616697,17.02048648,25.31079627,0,26.49246931,84.44952239,3.221,3.772740025
6,4,10,464.3661972,589.6,100,648.7848157,18.82568959,25.69675426,0,28.00243857,78.14329178,3.23,3.750046232
6,4,10.5,515.2112676,641.4,107.2,704.7646208,20.37300654,26.05302317,0,29.41174322,71.00755699,3.526,3.750046232
6,4,11,550.5633803,679,113.4,746.7494745,21.40455117,26.26084671,0,30.56938633,64.54142196,4.109,3.750046232
6,4,11.5,576.056338,702.4,117.8,773.1550429,22.69398197,26.49835931,0,31.11297526,62.09288552,4.414,3.726991262
6,4,12,592.2535211,724.2,123.6,796.3919431,23.7255266,26.82493915,0,31.55589958,60.6837278,4.508,3.726991262
6,4,12.5,607.7464789,742.6,128.6,813.0274512,24.75707124,26.91400638,0,32.01895682,58.5949763,4.408,3.726991262
6,4,13,565.4929577,681.8,119.8,753.6149223,23.46764044,27.00307361,0,32.43168176,56.10646375,4.476,3.703565429
6,4,13.5,496.5492958,597,109,658.0267647,21.40455117,27.21089714,0,32.49208053,55.27695957,4.568,3.703565429
6,4,14,366.9014085,468.2,87.6,528.6394795,17.53625879,27.42861703,0,32.46188114,55.43686399,4.15,3.679758684
6,4,14.5,433.1690141,547.2,106.6,608.9124074,21.14666502,27.47809883,0,32.76387499,53.14823196,4.712,3.679758684
6,4,15,270.4929577,360.8,73.6,411.9268671,14.95739721,27.35934252,0,32.73367561,53.56798107,3.881,3.679758684
6,4,15.5,244.4366197,327.8,73.6,375.2231271,14.44162489,27.39892796,0,32.79407438,53.59796315,3.64,3.679758684
6,4,16,167.1126761,247,62.8,282.0114706,12.12064946,27.29006801,0,32.84440669,53.67791536,3.795,3.65556059
6,4,16.5,71.54929577,145.4,41.6,168.9956378,8.510243238,27.2207935,0,32.43168176,55.29694762,3.142,3.65556059
6,4,17,10.70422535,60.2,15.8,72.35125743,3.352520064,27.26037894,0,31.80756113,58.04530486,2.235,3.65556059
6,4,17.5,-31.12676056,7.2,1.4,10.56222736,0.257886159,27.44840975,0,31.00224418,64.4414817,1.636,3.65556059
6,4,18,-34.43661972,0.2,0,0,0,27.86405682,0,28.8379549,71.83706118,2.231,3.65556059
6,4,18.5,-32.3943662,0,0,0,0,27.90364225,0,27.83130872,77.34376968,2.441,3.65556059
6,4,19,-33.16901408,0,0,0,0,27.63644057,0,27.20718809,80.3519716,2.442,3.65556059
6,4,19.5,-31.47887324,0,0,0,0,27.30986073,0,26.68373208,81.45131449,2.404,3.65556059
6,4,20,-31.61971831,0,0,0,0,27.02286633,0,26.442137,80.15209107,2.284,3.65556059
6,4,20.5,-31.47887324,0,0,0,0,26.81504279,0,26.32133946,81.05155344,2.452,3.65556059
6,4,21,-31.54929577,0,0,0,0,26.66659741,0,25.8884816,82.45071713,2.287,3.65556059
6,4,21.5,-31.61971831,0,0,0,0,26.55773747,0,25.64688652,83.05035871,1.858,3.65556059
6,4,22,-30.42253521,0,0,0,0,26.46867024,0,25.14356343,84.74934318,1.659,3.65556059
6,4,22.5,-31.33802817,0,0,0,0,26.37960301,0,24.69057265,86.24844713,1.578,3.65556059
6,4,23,-31.1971831,0,0,0,0,26.27074306,0,24.49930987,87.04796923,1.53,3.630960307
6,4,23.5,-30.42253521,0,0,0,0,26.16188312,0,24.22751541,87.84749134,1.959,3.630960307
6,5,0,-30.21126761,0,0,0,0,26.06291953,0,23.97585386,87.74755107,2.072,3.630960307
6,5,0.5,-31.69014085,0,0,0,0,25.96395594,0,24.00605325,88.04737186,1.712,3.630960307
6,5,1,-30.84507042,0,0,0,0,25.88478507,0,23.79465755,88.44713292,1.701,3.630960307
6,5,1.5,-30.42253521,0,0,0,0,25.83530328,0,23.66379355,89.24665502,1.571,3.630960307
6,5,2,-30.84507042,0,0,0,0,25.76602877,0,23.6235277,89.54647581,1.514,3.630960307
6,5,2.5,-32.18309859,0,0,0,0,25.69675426,0,23.46246431,89.54647581,1.67,3.630960307
6,5,3,-32.32394366,0,0,0,0,25.62747975,0,23.281268,90.14611739,1.716,3.630960307
6,5,3.5,-35.14084507,0,0,0,0,25.55820524,0,23.52286308,90.84569923,2.55,3.630960307
6,5,4,-37.46478873,0,0,0,0,25.41965622,0,23.69399293,90.54587844,2.421,3.630960307
6,5,4.5,-36.69014085,0,0,0,0,25.38996714,0,23.38193262,90.44593818,1.361,3.630960307
6,5,5,-34.29577465,0,0,0,0,25.42955257,0,22.98934061,90.74575897,1.628,3.630960307
6,5,5.5,-33.23943662,0,0,0,0,25.42955257,0,22.76787845,91.64522134,1.368,3.630960307
6,5,6,-33.16901408,0.6,0,0.264055684,0,25.36027806,0,22.56654921,92.14492265,0.841,3.630960307
6,5,6.5,-20.98591549,15.2,2.4,16.89956378,0.257886159,25.28110719,0,22.41555229,93.04438502,0.922,3.630960307
6,5,7,25.98591549,96.6,16.8,92.41948942,3.094633905,25.16235089,0,23.11013815,93.34420581,1.058,3.630960307
6,5,7.5,45.49295775,187,35.6,191.1763153,6.705040127,24.99411279,0,24.37851233,91.94504213,0.949,3.630960307
6,5,8,155,277.4,53,297.0626446,10.05756019,25.00400915,0,25.39522497,90.14611739,0.664,3.630960307
6,5,8.5,248.4507042,366.8,68,395.8194704,12.37853562,25.18214361,0,26.45220346,88.04737186,0.9,3.630960307
6,5,9,318.5211268,441,80,471.8675074,14.18373873,25.45924165,0,27.54944779,83.65000028,1.24,3.630960307
6,5,9.5,390.7746479,512,90.8,550.820157,16.246828,25.76602877,0,28.6265592,75.75471949,3.275,3.605946568
6,5,10,459.2253521,586.6,101.8,639.0147554,19.08357575,26.17177948,0,30.11639555,66.00054981,5.201,3.605946568
6,5,10.5,509.0140845,638.2,109.2,697.6351173,20.37300654,26.56763383,0,31.07270942,61.74309459,5.351,3.605946568
6,5,11,553.6619718,676.6,115.6,741.7324165,21.66243733,26.81504279,0,31.60623189,59.03471346,5.762,3.605946568
6,5,11.5,557.2535211,689,118,757.3117019,22.69398197,27.03276269,0,32.05922267,57.71550199,5.429,3.580507661
6,5,12,587.3239437,710.8,123,779.4923794,23.46764044,27.27027529,0,32.56254576,56.06648765,5.002,3.580507661
6,5,12.5,554.2957746,686.4,120.8,756.7835905,23.46764044,27.31975709,0,32.94507131,52.68850675,5.563,3.580507661
6,5,13,401.9014085,511.6,91.4,578.5460038,18.30991727,27.39892796,0,33.06586885,52.61854857,4.548,3.554631403
6,5,13.5,336.3380282,402.6,73.8,456.2882221,14.95739721,27.57706241,0,33.19673285,53.22818417,3.67,3.554631403
6,5,14,401.971831,495.2,94.6,556.629382,18.56780343,27.73540415,0,33.11620116,53.40807665,4.337,3.554631403
6,5,14.5,390.1408451,487.8,96,540.786041,18.82568959,27.56716606,0,33.5792584,52.71848883,3.224,3.528305116
6,5,15,198.5211268,260,53.2,301.8156469,11.08910483,27.49789154,0,33.29739747,52.82842312,3.346,3.528305116
6,5,15.5,256.4788732,352.2,78.6,387.6337442,14.95739721,27.676026,0,33.4483944,52.79844104,3.323,3.528305116
6,5,16,137.7464789,210.2,52.6,244.7796191,10.57333251,27.56716606,0,33.48866024,51.66911607,3.294,3.528305116
6,5,16.5,81.97183099,148.2,40.2,168.7315821,7.994470921,27.54737334,0,33.26719808,53.32812443,2.651,3.528305116
6,5,17,14.08450704,61.6,16.2,71.55909038,3.352520064,27.57706241,0,32.61287807,56.55619494,1.989,3.528305116
6,5,17.5,-29.57746479,7.2,1.4,10.56222736,0.257886159,27.75519687,0,31.45523496,62.5426167,1.609,3.528305116
6,5,18,-33.94366197,0.2,0,0,0,28.19063665,0,29.3916103,72.72652952,1.501,3.528305116
6,5,18.5,-32.46478873,0,0,0,0,28.24011845,0,27.77090995,78.78290947,1.447,3.501515604
6,5,19,-33.94366197,0,0,0,0,27.98281312,0,27.09645701,82.75053792,1.696,3.501515604
6,5,19.5,-32.32394366,0,0,0,0,27.64633693,0,26.52266869,85.14910423,1.642,3.501515604
6,5,20,-30.70422535,0,0,0,0,27.36923888,0,25.94888037,86.34838739,1.938,3.501515604
6,5,20.5,-31.4084507,0,0,0,0,27.15151899,0,25.59655421,87.24784976,2.04,3.501515604
6,5,21,-32.67605634,0,0,0,0,26.97338453,0,25.30462682,88.24725239,0.717,3.501515604
6,5,21.5,-31.4084507,0,0,0,0,26.83483551,0,25.04289881,89.14671476,0.664,3.501515604
6,5,22,-31.05633803,0,0,0,0,26.71607921,0,24.79123727,90.04617713,1.322,3.501515604
6,5,22.5,-30,0,0,0,0,26.61711562,0,24.56977511,90.74575897,2.054,3.501515604
6,5,23,-30.21126761,0,0,0,0,26.51815203,0,24.48924341,90.64581871,2.45,3.501515604
6,5,23.5,-29.92957746,0,0,0,0,26.40929209,0,24.67043972,89.14671476,2.583,3.501515604
6,6,0,-59.29577465,0,0,0,0,26.27074306,0,24.8617025,86.94802897,2.806,3.501515604
6,6,0.5,-33.30985915,0,0,0,0,26.18167584,0,24.94223419,85.14910423,2.326,3.501515604
6,6,1,-32.95774648,0,0,0,0,26.15198676,0,24.89190188,83.94982107,2.363,3.501515604
6,6,1.5,-33.09859155,0,0,0,0,26.11240133,0,24.80130373,83.74994055,1.721,3.501515604
6,6,2,-31.97183099,0,0,0,0,26.11240133,0,24.35837941,85.34898476,1.428,3.501515604
6,6,2.5,-32.95774648,0,0,0,0,26.07281589,0,23.97585386,87.04796923,0.946,3.501515604
6,6,3,-33.73239437,0,0,0,0,26.01343774,0,23.50273016,88.64701344,1.391,3.501515604
6,6,3.5,-32.32394366,0,0,0,0,25.93426687,0,23.17053692,89.94623686,1.276,3.501515604
6,6,4,-33.8028169,0,0,0,0,25.84519964,0,22.94907476,90.64581871,1.703,3.501515604
6,6,4.5,-33.23943662,0,0,0,0,25.75613241,0,22.84841014,90.74575897,1.671,3.501515604
6,6,5,-32.88732394,0,0,0,0,25.65716882,0,22.60681506,91.24546029,1.527,3.501515604
6,6,5.5,-35,0,0,0,0,25.58789431,0,22.36521998,91.84510187,1.131,3.501515604
6,6,6,-34.57746479,0.4,0,0.264055684,0,25.50872344,0,22.20415659,91.7451616,1.117,3.501515604
6,6,6.5,-23.45070423,15,2.4,16.37145241,0.257886159,25.42955257,0,22.14375782,92.54468371,0.781,3.501515604
6,6,7,23.52112676,93.8,16.6,90.04298827,2.836747746,25.32069263,0,23.14033753,92.94444476,0.921,3.501515604
6,6,7.5,64.85915493,183,35.6,188.2717027,6.447153968,25.17224725,0,24.80130373,92.04498239,0.426,3.501515604
6,6,8,155.5633803,275.2,53.2,293.6299207,10.05756019,25.2316254,0,25.84821575,88.94683423,1.553,3.501515604
6,6,8.5,248.1690141,365.6,68.6,393.4429693,12.63642178,25.38007078,0,26.62333331,84.54946265,2.082,3.501515604
6,6,9,329.7887324,451.8,82.4,489.5592383,14.95739721,25.61758339,0,28.01250503,76.51426549,3.383,3.501515604
6,6,9.5,401.4084507,528,93.8,573.5289458,17.27837264,25.99364502,0,29.46207553,67.8594387,3.975,3.474249121
6,6,10,464.084507,590.6,103.2,641.3912566,19.08357575,26.41918845,0,30.5492534,63.48205517,3.988,3.474249121
6,6,10.5,510.7042254,640.4,110.4,697.1070059,20.37300654,26.82493915,0,31.32437096,60.54381144,4.553,3.474249121
6,6,11,542.1830986,678.4,116.2,739.6199711,21.66243733,27.06245176,0,31.85789343,58.43507188,4.454,3.474249121
6,6,11.5,568.3098592,697.4,120.2,762.5928156,22.95186813,27.27027529,0,32.23035252,56.52621286,4.96,3.446491342
6,6,12,578.1690141,702,122,769.1942077,23.20975429,27.42861703,0,32.78400792,55.03710293,4.591,3.446491342
6,6,12.5,572.5352113,698.2,123,767.0817622,23.46764044,27.44840975,0,33.22693224,52.2887457,4.863,3.446491342
6,6,13,417.3239437,516.6,92,577.7538367,18.30991727,27.53747698,0,33.29739747,51.3792893,4.253,3.418227335
6,6,13.5,417.1830986,514,95.4,576.1695026,18.82568959,27.83436774,0,33.26719808,51.13943267,4.177,3.418227335
6,6,14,443.7323944,561.8,107.6,631.0930849,21.14666502,27.80467867,0,33.74032179,50.24996433,3.714,3.418227335
6,6,14.5,395.7042254,498.8,99,557.9496604,19.59934806,27.7255078,0,33.89131871,48.75086038,3.785,3.389441522
6,6,15,319.9295775,418.4,88.4,470.8112847,17.53625879,27.70571508,0,34.01211626,48.41106349,3.765,3.389441522
6,6,15.5,228.7323944,321.4,74,364.1327883,14.44162489,27.74530051,0,33.86111933,48.13123075,4.027,3.389441522
6,6,16,147.6056338,237.2,62.4,270.9211318,12.12064946,27.75519687,0,33.78058763,48.31112322,3.624,3.389441522
6,6,16.5,68.23943662,146.8,42.4,168.4675264,8.768129397,27.676026,0,33.65979009,50.02010172,2.343,3.389441522
6,6,17,5.845070423,61.4,16.4,72.08720175,3.610406222,27.66612964,0,32.88467254,53.57797509,1.687,3.389441522
6,6,17.5,-37.11267606,7.4,1.4,10.56222736,0.257886159,27.9630204,0,31.32437096,63.56200738,1.482,3.389441522
6,6,18,-40,0.2,0,0,0,28.51721649,0,28.72722382,72.11689391,1.966,3.389441522
6,6,18.5,-40.35211268,0,0,0,0,28.52711285,0,27.30785271,77.68356657,2.218,3.389441522
6,6,19,-39.85915493,0,0,0,0,28.20053301,0,26.27100715,82.45071713,1.887,3.389441522
6,6,19.5,-40.14084507,0,0,0,0,27.81457502,0,25.69721883,84.94922371,1.925,3.389441522
6,6,20,-35.91549296,0,0,0,0,27.47809883,0,25.06303173,86.44832765,1.876,3.389441522
6,6,20.5,-35.84507042,0,0,0,0,27.2207935,0,24.54964218,87.34779002,1.815,3.389441522
6,6,21,-35.35211268,0,0,0,0,27.01296997,0,24.38857879,88.44713292,1.865,3.389441522
6,6,21.5,-35.42253521,0,0,0,0,26.82493915,0,24.14698371,88.54707318,1.898,3.389441522
6,6,22,-36.69014085,0,0,0,0,26.66659741,0,24.04631909,87.84749134,0.853,3.389441522
6,6,22.5,-35.77464789,0,0,0,0,26.55773747,0,23.72419232,89.0467745,1.195,3.360117648
6,6,23,-36.54929577,0,0,0,0,26.45877388,0,23.46246431,90.34599792,0.744,3.360117648
6,6,23.5,-35.91549296,0,0,0,0,26.36970665,0,23.23093569,90.44593818,1.981,3.360117648
6,7,0,-34.57746479,0,0,0,0,26.28063942,0,23.03967292,91.14552002,1.802,3.360117648
6,7,0.5,-33.73239437,0,0,0,0,26.19157219,0,23.04973938,91.7451616,2.389,3.360117648
6,7,1,-32.6056338,0,0,0,0,26.09260861,0,23.12020461,91.54528108,1.579,3.360117648
6,7,1.5,-34.36619718,0,0,0,0,26.01343774,0,22.79807783,91.94504213,1.265,3.360117648
6,7,2,-34.64788732,0,0,0,0,25.94416323,0,22.61688152,92.04498239,1.435,3.360117648
6,7,2.5,-34.64788732,0,0,0,0,25.86499236,0,22.41555229,92.54468371,1.5,3.360117648
6,7,3,-35.70422535,0,0,0,0,25.79571785,0,22.35515351,92.64462397,1.556,3.360117648
6,7,3.5,-36.05633803,0,0,0,0,25.71654698,0,22.32495413,92.74456423,2.307,3.360117648
6,7,4,-37.11267606,0,0,0,0,25.58789431,0,22.96920768,91.54528108,2.752,3.360117648
6,7,4.5,-35.91549296,0,0,0,0,25.46913801,0,23.281268,90.34599792,2.368,3.360117648
6,7,5,-35,0,0,0,0,25.45924165,0,23.38193262,89.8462966,2.582,3.360117648
6,7,5.5,-39.64788732,0,0,0,0,25.48893073,0,23.35173323,88.94683423,2.828,3.360117648
6,7,6,-67.6056338,0.4,0,0.264055684,0,25.41965622,0,23.58326185,87.1479095,3.313,3.360117648
6,7,6.5,-68.23943662,14.6,2.4,16.37145241,0.257886159,25.36027806,0,23.86512278,85.34898476,3.225,3.360117648
6,7,7,0.352112676,89,17.2,88.19459848,3.094633905,25.34048535,0,24.69057265,82.75053792,3.814,3.360117648
6,7,7.5,79.43661972,181,37,189.3279255,6.962926286,25.31079627,0,25.8884816,78.94281389,3.716,3.360117648
6,7,8,158.3802817,275.4,54,293.365865,10.57333251,25.37017442,0,26.97565947,75.06513168,3.298,3.360117648
6,7,8.5,241.4788732,368.2,69.6,395.5554147,12.89430794,25.5186198,0,27.85144165,71.43730012,3.73,3.360117648
6,7,9,324.7183099,456.4,83.4,491.9357394,15.47316952,25.72644334,0,28.8379549,67.61958207,4.251,3.360117648
6,7,9.5,396.9014085,532.8,94.8,575.6413913,17.79414495,26.00354138,0,29.864734,63.13226425,4.775,3.360117648
6,7,10,449.084507,595.4,104,644.5599248,19.59934806,26.34001758,0,30.68011741,58.53501215,6.08,3.330238739
6,7,10.5,498.7323944,644.8,111.4,698.4272843,21.14666502,26.70618285,0,31.32437096,56.52621286,5.955,3.330238739
6,7,11,532.7464789,678,116.8,735.9231915,22.43609581,26.91400638,0,31.6565642,54.90718059,6.378,3.330238739
6,7,11.5,551.9014085,700.6,121.2,762.3287599,23.46764044,27.09214084,0,31.98875744,53.63793925,6.597,3.330238739
6,7,12,562.8169014,700.2,122,759.9522587,23.98341276,27.32965345,0,32.54241284,51.48922359,5.703,3.299787062
6,7,12.5,553.2394366,681.6,120.4,742.2605279,23.7255266,27.5077879,0,32.83434023,47.99131438,6.369,3.299787062
6,7,13,528.1690141,649.8,117,714.2706254,23.46764044,27.57706241,0,33.09606823,47.34170267,5.813,3.26874408
6,7,13.5,513.2394366,630,117,685.7526115,23.46764044,27.64633693,0,33.27726455,47.7714458,5.309,3.26874408
6,7,14,395.1408451,511.6,97.6,570.3602776,19.85723422,27.73540415,0,33.30746393,48.6809022,5.162,3.26874408
6,7,14.5,448.028169,564.2,110.6,613.4013541,21.66243733,27.89374589,0,33.50879317,48.52099778,4.379,3.26874408
6,7,15,334.2957746,437.6,92.2,487.9749041,18.56780343,27.81457502,0,33.73025533,47.5815593,4.091,3.237090405
6,7,15.5,189.4366197,273,61.8,313.1700413,12.89430794,27.88384953,0,33.34772978,47.85139801,3.538,3.237090405
6,7,16,154.4366197,242,63.6,273.8257444,12.63642178,27.95312405,0,33.32759685,48.29113517,3.731,3.237090405
6,7,16.5,59.15492958,136.4,39.6,156.8490763,8.510243238,27.86405682,0,32.88467254,49.4804243,3.505,3.237090405
6,7,17,3.169014085,58,15.8,67.8623108,3.352520064,27.89374589,0,32.10955498,52.37869193,2.697,3.237090405
6,7,17.5,-34.50704225,7.4,1.4,10.56222736,0.257886159,28.03229492,0,30.9720448,56.86600975,1.855,3.237090405
6,7,18,-36.26760563,0.2,0,0,0,28.37866747,0,28.86815429,64.66135028,1.799,3.237090405
6,7,18.5,-35.70422535,0,0,0,0,28.40835655,0,27.72057764,71.86704325,2.283,3.237090405
6,7,19,-34.36619718,0,0,0,0,28.14115486,0,26.90519424,78.2632201,2.241,3.237090405
6,7,19.5,-32.04225352,0,0,0,0,27.80467867,0,26.25087422,80.3519716,2.362,3.237090405
6,7,20,-32.11267606,0,0,0,0,27.52758062,0,26.05961145,82.45071713,2.242,3.237090405
6,7,20.5,-31.90140845,0,0,0,0,27.29996437,0,25.43549082,84.34958213,2.188,3.237090405
6,7,21,-39.92957746,0,0,0,0,27.12182991,0,25.00263296,83.35017949,2.577,3.237090405
6,7,21.5,-38.09859155,0,0,0,0,26.9337991,0,25.1234305,80.05215081,3.257,3.237090405
6,7,22,-35.28169014,0,0,0,0,26.74576828,0,25.35495912,77.53365618,3.118,3.237090405
6,7,22.5,-34.85915493,0,0,0,0,26.65670105,0,25.24422805,77.30379357,2.579,3.237090405
6,7,23,-33.94366197,0,0,0,0,26.61711562,0,24.91203481,78.92282584,1.706,3.237090405
6,7,23.5,-33.94366197,0,0,0,0,26.61711562,0,24.37851233,83.25023923,1.477,3.237090405
6,8,0,-24.15492958,0,0,0,0,26.56763383,0,23.68392647,85.34898476,1.023,3.237090405
6,8,0.5,-21.12676056,0,0,0,0,26.4785666,0,23.65372708,86.74814844,1.337,3.237090405
6,8,1,-33.23943662,0,0,0,0,26.39939573,0,23.542996,87.84749134,1.195,3.237090405
6,8,1.5,-32.3943662,0,0,0,0,26.33012122,0,23.38193262,88.44713292,1.649,3.237090405
6,8,2,-31.26760563,0,0,0,0,26.26084671,0,23.26113507,89.0467745,1.826,3.237090405
6,8,2.5,-32.25352113,0,0,0,0,26.18167584,0,23.19066984,89.44653555,1.748,3.237090405
6,8,3,-38.52112676,0,0,0,0,26.11240133,0,22.99940707,90.14611739,1.248,3.237090405
6,8,3.5,-38.45070423,0,0,0,0,26.0233341,0,22.58668214,90.54587844,1.316,3.237090405
6,8,4,-39.92957746,0,0,0,0,25.94416323,0,22.21422305,91.7451616,1.39,3.237090405
6,8,4.5,-39.92957746,0,0,0,0,25.86499236,0,22.07329258,91.7451616,0.306,3.237090405
6,8,5,-39.15492958,0,0,0,0,25.79571785,0,21.60016888,92.24486292,1.356,3.237090405
6,8,5.5,-31.4084507,0,0,0,0,25.73633969,0,21.43910549,92.74456423,0.547,3.237090405
6,8,6,-35.77464789,0.4,0,0.264055684,0,25.66706518,0,21.26797564,92.8445045,1.064,3.237090405
6,8,6.5,-26.1971831,13.6,2.2,14.78711831,0.257886159,25.60768703,0,21.16731102,93.04438502,1.644,3.237090405
6,8,7,32.6056338,108.4,20,98.22871447,3.352520064,25.49882708,0,21.96256151,93.14432529,1.949,3.237090405
6,8,7.5,51.05633803,168.6,32.8,172.6924174,6.18926781,25.36027806,0,23.21080277,90.84569923,2.286,3.204805749
6,8,8,142.6760563,228.2,43.6,247.9482873,8.510243238,25.37017442,0,24.21744894,88.64701344,2.083,3.204805749
6,8,8.5,222.2535211,310.4,58.8,335.3507188,11.60487714,25.5186198,0,25.79788344,81.85107555,3.105,3.204805749
6,8,9,333.6619718,451.6,83.8,482.4297348,15.98894184,25.65716882,0,27.7306441,68.73891302,3.684,3.204805749
6,8,9.5,409.5774648,550,98.8,589.6363425,19.08357575,25.91447415,0,29.57280661,60.18402649,3.164,3.204805749
6,8,10,453.943662,589,103.2,637.4304213,20.37300654,26.30043214,0,30.69018387,56.43626662,3.262,3.204805749
6,8,10.5,501.1971831,637.4,109.6,693.9383377,21.66243733,26.65670105,0,31.26397219,53.70789743,4.226,3.171868865
6,8,11,506.8309859,640,109.8,702.1240639,22.17820965,26.91400638,0,31.77736174,50.5797672,4.431,3.171868865
6,8,11.5,567.6056338,702.6,120.2,766.2895952,24.75707124,27.1020372,0,32.14982083,48.4910157,4.938,3.171868865
6,8,12,563.2394366,695.4,119.8,762.3287599,25.0149574,27.37913524,0,32.57261222,47.53158917,4.814,3.138257493
6,8,12.5,558.5915493,682.4,118.8,750.1821984,25.0149574,27.56716606,0,32.894739,46.43224627,4.233,3.138257493
6,8,13,534.7887324,658.2,116.2,726.1531312,24.49918508,27.56716606,0,33.39806209,44.09364412,4.175,3.138257493
6,8,13.5,499.3661972,608.8,111.6,669.1171034,23.46764044,27.676026,0,33.58932486,43.14421162,4.048,3.103948293
6,8,14,437.3239437,556.6,105.2,625.8119712,22.43609581,27.77498959,0,33.80072056,42.71446848,3.371,3.103948293
6,8,14.5,386.8309859,497,97.4,556.3653263,20.88877886,27.79478231,0,33.99198333,42.12482093,3.215,3.103948293
6,8,15,317.3239437,420.2,87.6,472.9237302,18.82568959,27.82447138,0,34.0523821,41.64510767,2.8,3.068916779
6,8,15.5,228.5915493,325.8,74,370.9982361,15.73105568,27.80467867,0,33.96178395,42.50459393,2.819,3.068916779
6,8,16,126.3380282,209.2,53.2,241.8750066,11.08910483,27.81457502,0,33.87118579,44.08365009,2.445,3.068916779
6,8,16.5,-7.112676056,40,8.6,53.33924818,2.06308927,28.06198399,0,32.48201406,49.76025704,1.971,3.068916779
6,8,17,10.42253521,58.6,14.4,62.84525281,2.836747746,28.57659464,0,30.79084849,61.74309459,0.95,3.068916779
6,8,17.5,-21.26760563,16.8,3.6,16.37145241,0.515772317,28.586491,0,29.96539862,69.42850083,0,3.068916779
6,8,18,-13.5915493,0,0,0,0,28.65576551,0,28.66682505,73.91581865,1.177,3.068916779
6,8,18.5,-17.67605634,0,0,0,0,28.51721649,0,27.69037826,79.57243755,0.73,3.068916779
6,8,19,-25.98591549,0,0,0,0,28.25001481,0,27.09645701,80.75173265,1.506,3.068916779
6,8,19.5,-32.81690141,0,0,0,0,27.99270948,0,26.49246931,80.3519716,1.645,3.068916779
6,8,20,-32.18309859,0,0,0,0,27.80467867,0,26.0998773,83.25023923,1.122,3.068916779
6,8,20.5,-30.70422535,0,0,0,0,27.64633693,0,25.48582313,84.74934318,1.248,3.068916779
6,8,21,-33.66197183,0,0,0,0,27.45830611,0,25.14356343,85.74874581,1.119,3.068916779
6,8,21.5,-37.81690141,0,0,0,0,27.30986073,0,24.75097142,84.74934318,2.397,3.068916779
6,8,22,-30.49295775,0,0,0,0,27.15151899,0,24.84156957,85.14910423,2.555,3.068916779
6,8,22.5,-24.36619718,0,0,0,0,26.99317725,0,25.06303173,83.25023923,2.845,3.068916779
6,8,23,-33.94366197,0,0,0,0,26.85462823,0,25.10329758,81.55125476,2.544,3.068916779
6,8,23.5,-29.43661972,0,0,0,0,26.78535372,0,24.89190188,82.05095607,1.855,3.068916779
6,9,0,-28.52112676,0,0,0,0,26.77545736,0,24.61004095,83.55006002,1.531,3.068916779
6,9,0.5,-31.26760563,0,0,0,0,26.74576828,0,24.12685079,84.84928344,0.583,3.068916779
6,9,1,-27.74647887,0,0,0,0,26.69628649,0,23.65372708,87.24784976,0.818,3.068916779
6,9,1.5,-28.23943662,0,0,0,0,26.60721926,0,23.64366062,88.44713292,2.868,3.068916779
6,9,2,-40.84507042,0,0,0,0,26.43898116,0,24.33824649,88.04737186,3.265,3.068916779
6,9,2.5,-41.05633803,0,0,0,0,26.33012122,0,24.0966514,88.74695371,2.22,3.068916779
6,9,3,-40.84507042,0,0,0,0,26.32022486,0,23.8349234,89.14671476,2.233,3.068916779
6,9,3.5,-40.42253521,0,0,0,0,26.32022486,0,23.63359416,89.64641608,1.636,3.068916779
6,9,4,-38.38028169,0,0,0,0,26.30043214,0,23.24100215,90.04617713,1.244,3.068916779
6,9,4.5,-39.15492958,0,0,0,0,26.26084671,0,23.07993876,90.84569923,1.767,3.068916779
6,9,5,-36.90140845,0,0,0,0,26.19157219,0,22.88867599,91.64522134,1.668,3.068916779
6,9,5.5,-36.12676056,0,0,0,0,26.13219404,0,22.70747968,92.44474344,2.056,3.068916779
6,9,6,-38.66197183,0.6,0.2,0.264055684,0,26.07281589,0,22.65714737,93.44414608,2.632,3.068916779
6,9,6.5,-32.25352113,11.4,2.2,12.14656147,0.257886159,26.01343774,0,22.66721383,93.84390713,2.068,3.068916779
6,9,7,1.126760563,47.2,8.8,52.54708113,1.805203111,25.9738523,0,22.81821076,94.04378766,1.338,3.068916779
6,9,7.5,57.95774648,96,17.2,106.942552,3.352520064,25.94416323,0,23.23093569,94.54348897,1.487,3.068916779
6,9,8,82.11267606,123,22.4,136.5167887,4.384064698,25.96395594,0,23.60339478,94.14372792,1.359,3.068916779
6,9,8.5,192.1830986,257.8,47.8,278.8428024,9.283901714,26.06291953,0,24.0966514,93.6440266,1.289,3.068916779
6,9,9,209.0140845,283.8,52.8,314.7543754,10.83121867,26.19157219,0,24.40871172,92.74456423,0.983,3.068916779
6,9,9.5,341.5492958,462.2,84.6,498.0090201,16.50471416,26.38949937,0,25.09323112,91.14552002,1.154,3.033137246
6,9,10,252.9577465,354.4,64.8,387.8977999,12.89430794,26.56763383,0,25.3348262,88.94683423,1.003,3.033137246
6,9,10.5,462.1830986,605.2,107,651.1613169,21.40455117,26.765561,0,26.24080776,86.84808871,1.335,3.033137246
6,9,11,480.915493,608.2,106.6,655.3862078,21.66243733,26.9337991,0,27.15685578,82.2508366,2.802,3.033137246
6,9,11.5,344.084507,450.4,80.8,492.1997951,16.50471416,27.29996437,0,27.36825148,79.13270039,2.704,3.033137246
6,9,12,460.2112676,592.4,104.8,642.711535,21.66243733,27.57706241,0,28.05277088,75.68476131,2.103,2.996582688
6,9,12.5,483.8732394,608.6,107,665.1562682,22.43609581,27.52758062,0,28.9688189,69.7583037,1.528,2.996582688
6,9,13,557.3943662,682.8,121.6,746.7494745,26.04650203,27.36923888,0,30.11639555,65.2010277,1.886,2.996582688
6,9,13.5,413.3098592,523,96.8,571.9446117,20.6308927,27.43851339,0,31.05257649,61.54321407,1.412,2.959224716
6,9,14,324.6478873,431.8,80.8,473.4518415,16.76260032,27.73540415,0,31.3143045,61.85302888,1.955,2.959224716
6,9,14.5,184.6478873,270.2,50.4,297.3267003,10.83121867,28.16094758,0,31.16330757,60.77367404,1.73,2.959224716
6,9,15,132.8169014,209.8,39.6,230.5206122,8.510243238,28.42814926,0,31.03244357,60.72370391,1.962,2.959224716
6,9,15.5,84.29577465,138.6,26.2,152.6241854,5.673495492,28.50732013,0,30.83111433,63.89181025,1.845,2.959224716
6,9,16,60.21126761,105.8,20.2,117.2407237,4.384064698,28.51721649,0,30.43852232,66.25040046,1.588,2.959224716
6,9,16.5,27.81690141,75,14,83.17754048,3.094633905,28.47763106,0,29.97546508,69.9481902,2.028,2.959224716
6,9,17,-7.323943662,32.8,6.6,36.17562872,1.547316952,28.44794198,0,29.37147737,74.74532283,1.82,2.959224716
6,9,17.5,-26.97183099,5.6,1,6.865447786,0,28.33908204,0,28.67689151,77.71354865,1.466,2.959224716
6,9,18,-25.84507042,0,0,0,0,28.19063665,0,27.96217273,79.95221055,1.238,2.959224716
6,9,18.5,-13.8028169,0,0,0,0,28.03229492,0,27.41858379,82.95041844,0.887,2.959224716
6,9,19,-12.46478873,0,0,0,0,27.82447138,0,27.60984656,85.2490445,0.092,2.959224716
6,9,19.5,-20.35211268,0,0,0,0,27.68592236,0,27.19712163,87.1479095,1.541,2.959224716
6,9,20,-25.14084507,0,0,0,0,27.56716606,0,26.73406439,87.9474316,0.978,2.959224716
6,9,20.5,-18.23943662,0,0,0,0,27.46820247,0,26.2307413,89.0467745,1.662,2.959224716
6,9,21,-14.92957746,0,0,0,0,27.37913524,0,26.0998773,88.94683423,1.127,2.959224716
6,9,21.5,-25.77464789,0,0,0,0,27.29006801,0,26.32133946,89.54647581,0.964,2.959224716
6,9,22,-29.15492958,0,0,0,0,27.18120807,0,25.89854806,90.54587844,1.872,2.959224716
6,9,22.5,-32.04225352,0,0,0,0,27.08224448,0,25.70728529,91.34540055,2.199,2.959224716
6,9,23,-32.46478873,0,0,0,0,26.99317725,0,25.47575667,91.84510187,2.353,2.921033461
6,9,23.5,-32.25352113,0,0,0,0,26.90411002,0,25.36502559,92.24486292,2.512,2.921033461
6,10,0,-33.5915493,0,0,0,0,26.79525008,0,25.49588959,92.8445045,2.617,2.921033461
6,10,0.5,-34.78873239,0,0,0,0,26.71607921,0,25.55628836,93.44414608,2.759,2.921033461
6,10,1,-38.09859155,0,0,0,0,26.69628649,0,25.17376281,93.74396687,1.768,2.921033461
6,10,1.5,-36.26760563,0,0,0,0,26.67649377,0,25.05296527,94.24366818,1.903,2.921033461
6,10,2,-33.16901408,0,0,0,0,26.61711562,0,25.0730982,94.34360844,1.737,2.921033461
6,10,2.5,-39.15492958,0,0,0,0,26.54784111,0,24.92210127,94.64342923,1.782,2.921033461
6,10,3,-38.02816901,0,0,0,0,26.50825567,0,24.68050619,95.04319029,1.943,2.921033461
6,10,3.5,-38.94366197,0,0,0,0,26.45877388,0,24.56977511,94.94325002,2.296,2.921033461
6,10,4,-41.4084507,0,0,0,0,26.40929209,0,24.4389111,95.04319029,2.039,2.921033461
6,10,4.5,-29.43661972,0,0,0,0,26.35981029,0,24.1771831,95.24307081,2.076,2.921033461
6,10,5,-7.112676056,0,0,0,0,26.34991393,0,24.07651848,95.74277213,1.901,2.921033461
6,10,5.5,-4.577464789,0,0,0,0,26.35981029,0,24.13691725,95.84271239,1.098,2.921033461
6,10,6,-4.084507042,0.2,0,0,0,26.39939573,0,24.20738248,95.84271239,1.078,2.921033461
6,10,6.5,-5.915492958,9.2,1.4,9.506004626,0,26.39939573,0,24.25771479,95.94265266,1.497,2.921033461
6,10,7,40.70422535,118,23,99.81304858,4.12617854,26.33012122,0,24.4389111,95.74277213,1.463,2.921033461
6,10,7.5,53.09859155,115.6,22.4,118.8250578,4.899837016,26.21136491,0,24.6503068,94.94325002,1.933,2.921033461
6,10,8,36.33802817,121,22.4,135.4605659,5.415609333,26.38949937,0,24.52950926,94.64342923,1.512,2.921033461
6,10,8.5,130.915493,190,35.6,215.9975496,9.026015556,26.54784111,0,24.72077203,93.74396687,1.616,2.921033461
6,10,9,237.1126761,328.4,60.6,358.587619,14.95739721,26.5973229,0,25.17376281,92.34480318,1.89,2.921033461
6,10,9.5,383.028169,527,95,563.7588855,23.46764044,26.80514644,0,25.92874745,89.94623686,2.196,2.921033461
6,10,10,385.9859155,524.2,91.4,569.8321662,23.46764044,27.19110442,0,26.26094069,87.04796923,1.779,2.921033461
6,10,10.5,474.5774648,643.2,109.8,692.6180593,28.62536362,27.93333133,0,27.09645701,81.45131449,1.882,2.921033461
6,10,11,507.6760563,679.4,114.6,732.2264119,30.68845289,28.62607644,0,27.98230565,74.79529297,1.929,2.881977479
6,10,11.5,530.9859155,701.6,117.8,757.0476462,31.97788368,29.46726693,0,29.16008168,68.05931923,2.155,2.881977479
6,10,12,535.5633803,706,118.4,764.1771497,32.75154216,30.56576275,0,30.26739247,61.7830707,2.787,2.842023636
6,10,12.5,526.9014085,696.4,117,754.6711451,32.75154216,31.15954427,0,30.80091495,57.51562146,2.683,2.842023636
6,10,13,510.7042254,669.6,112.6,729.0577437,32.75154216,31.49602046,0,31.33443742,56.15643388,2.315,2.842023636
6,10,13.5,474.7887324,628.4,108,679.4152751,30.94633905,31.79291123,0,31.69683005,53.90777796,2.44,2.801136995
6,10,14,402.3239437,544.4,95.2,604.4234608,27.33593283,32.02052748,0,32.00889036,47.99131438,2.417,2.801136995
6,10,14.5,378.7323944,519.2,92.2,566.1353866,26.30438819,32.01063112,0,32.00889036,48.20118893,2.419,2.801136995
6,10,15,275.4225352,380.6,68.6,411.9268671,19.34146191,31.79291123,0,32.23035252,48.9107648,2.737,2.759280685
6,10,15.5,59.15492958,124.6,22.4,162.13019,7.736584762,31.67415492,0,30.93177895,60.91359041,3.541,2.759280685
6,10,16,138.4507042,236.2,49.2,266.9602966,13.41008025,31.14964791,0,30.70025033,61.41329173,3.591,2.759280685
6,10,16.5,32.74647887,102.6,21,121.993726,6.705040127,30.39752465,0,30.2069937,63.33214478,3.39,2.759280685
6,10,17,-6.478873239,40.4,7.6,47.26596745,2.320975429,30.2886647,0,29.24061337,69.65836344,3.3,2.759280685
6,10,17.5,-38.23943662,7,1.2,8.977893258,0.257886159,30.15011568,0,28.19370135,74.00576489,3.022,2.759280685
6,10,18,-44.22535211,0.2,0,0,0,29.77405405,0,27.34811856,76.88404447,2.648,2.759280685
6,10,18.5,-31.54929577,0,0,0,0,29.31882155,0,26.82466254,78.56304089,2.586,2.759280685
6,10,19,-24.22535211,0,0,0,0,28.88338176,0,26.68373208,79.54245547,1.989,2.759280685
6,10,19.5,-18.02816901,0,0,0,0,28.6359728,0,26.40187115,81.55125476,2.102,2.759280685
6,10,20,-16.83098592,0,0,0,0,28.42814926,0,26.37167176,82.35077686,2.226,2.759280685
6,10,20.5,-17.11267606,0,0,0,0,28.25991117,0,26.38173823,82.85047818,2.68,2.759280685
6,10,21,-22.25352113,0,0,0,0,28.14115486,0,26.35153884,83.45011976,2.837,2.759280685
6,10,21.5,-25.42253521,0,0,0,0,28.05208763,0,26.10994376,84.44952239,2.058,2.759280685
6,10,22,-25.91549296,0,0,0,0,27.98281312,0,25.8884816,84.84928344,0.427,2.759280685
6,10,22.5,-29.57746479,0,0,0,0,27.89374589,0,25.70728529,85.74874581,0.277,2.759280685
6,10,23,-25.98591549,0,0,0,0,27.80467867,0,25.45562374,86.84808871,1.017,2.759280685
6,10,23.5,-25.21126761,0,0,0,0,27.70571508,0,25.27442743,87.74755107,1.275,2.759280685
6,11,0,-36.90140845,0,0,0,0,27.59685513,0,25.04289881,88.34719265,0.992,2.759280685
6,11,0.5,-18.8028169,0,0,0,0,27.49789154,0,24.69057265,88.94683423,1.145,2.759280685
6,11,1,-17.74647887,0,0,0,0,27.40882432,0,24.66037326,89.8462966,1.033,2.759280685
6,11,1.5,-26.12676056,0,0,0,0,27.34944616,0,24.67043972,90.34599792,1.376,2.759280685
6,11,2,-33.02816901,0,0,0,0,27.26037894,0,24.55970864,90.64581871,1.455,2.759280685
6,11,2.5,-37.67605634,0,0,0,0,27.17131171,0,24.06645202,91.04557976,0.956,2.759280685
6,11,3,-39.85915493,0,0,0,0,27.07234812,0,23.56312893,91.7451616,0.588,2.759280685
6,11,3.5,-40.49295775,0,0,0,0,26.9337991,0,23.12020461,91.7451616,1.106,2.759280685
6,11,4,-38.8028169,0,0,0,0,26.78535372,0,22.78801137,92.74456423,1.029,2.759280685
6,11,4.5,-40.63380282,0,0,0,0,26.62701198,0,22.40548582,92.94444476,0.944,2.759280685
6,11,5,-38.02816901,0,0,0,0,26.48846296,0,22.07329258,93.24426555,0.965,2.759280685
6,11,5.5,-36.1971831,0,0,0,0,26.36970665,0,21.98269443,93.74396687,0.156,2.759280685
6,11,6,-40.35211268,0.4,0,0.264055684,0,26.24105399,0,21.71089996,93.54408634,0.65,2.759280685
6,11,6.5,-28.16901408,14.8,2.6,14.52306262,0.515772317,26.13219404,0,21.5699695,94.04378766,1.076,2.759280685
6,11,7,10.49295775,90.4,16.4,81.59320638,3.610406222,25.98374866,0,22.26455536,94.84330976,0.773,2.759280685
6,11,7.5,62.25352113,183,36.4,179.2938095,9.026015556,25.81551056,0,24.03625263,94.24366818,1.686,2.759280685
6,11,8,109.5070423,275.6,53.6,284.6520274,13.41008025,25.61758339,0,24.6503068,93.44414608,1.576,2.759280685
6,11,8.5,218.5211268,363.8,68.8,389.2180783,18.05203111,25.66706518,0,25.31469328,92.04498239,1.774,2.759280685
6,11,9,302.4647887,447.6,81.6,481.1094564,22.17820965,26.01343774,0,25.53615544,88.84689397,2.028,2.759280685
6,11,9.5,369.3661972,525.4,92.8,564.8151082,25.78861587,26.61711562,0,26.17034253,81.65119502,2.165,2.716415763
6,11,10,434.5774648,592.8,102.6,637.4304213,29.14113594,27.14162263,0,27.61991303,68.01934312,3.259,2.716415763
6,11,10.5,488.3802817,644.2,110,694.2023934,31.97788368,27.73540415,0,29.44194261,56.54620091,3.645,2.716415763
6,11,11,514.084507,684.2,115.8,737.2434699,34.04097295,28.22032573,0,30.51905402,50.3898807,3.526,2.672501059
6,11,11.5,536.6197183,703.6,118.6,760.2163144,35.84617606,28.86358905,0,31.26397219,48.28114114,3.078,2.672501059
6,11,12,546.5492958,708,119.6,767.3458179,36.10406222,29.86312128,0,32.00889036,45.55277196,3.64,2.627493012
6,11,12.5,539.7887324,697.4,118.4,757.8398133,36.10406222,30.41731737,0,32.43168176,41.83499417,4.105,2.627493012
6,11,13,515.7042254,669,113.8,730.6420778,35.33040375,30.69441541,0,32.93500484,40.46581256,3.71,2.627493012
6,11,13.5,481.9014085,623,108,676.5106626,33.52520064,30.99130617,0,33.21686577,39.80620683,3.183,2.581345488
6,11,14,424.9295775,568,100.2,632.9414747,31.46211137,31.31788601,0,33.34772978,38.96670862,4.165,2.581345488
6,11,14.5,370.8450704,506.8,90.2,562.4386071,28.1095913,31.39705688,0,33.32759685,37.8973478,4.409,2.534009579
6,11,15,306.1267606,426.2,78.4,477.1486211,24.24129892,31.30798965,0,33.37792916,38.90674446,4.043,2.534009579
6,11,15.5,224.7887324,335,64.4,378.9199066,19.85723422,31.05068432,0,33.53899255,39.93612917,3.431,2.534009579
6,11,16,114.5070423,197,41,230.7846679,12.12064946,30.82306807,0,33.025603,41.93493443,3.008,2.534009579
6,11,16.5,67.46478873,147.8,31.4,169.7878049,9.799674032,30.55586639,0,32.87460607,43.60393683,2.606,2.534009579
6,11,17,4.507042254,60.6,11.4,72.35125743,3.868292381,30.26887198,0,32.25048544,46.99191175,1.736,2.485433389
6,11,17.5,-39.64788732,7.6,1.4,10.82628305,0.515772317,30.43711008,0,30.57945279,60.80365612,0.92,2.485433389
6,11,18,-42.3943662,0.2,0,0.264055684,0,30.70431177,0,27.88164103,72.07691781,1.068,2.534009579
6,11,18.5,-40.35211268,0,0,0,0,30.19959747,0,26.18040899,77.91342918,0.413,2.534009579
6,11,19,-38.09859155,0,0,0,0,29.5464378,0,25.32475974,81.85107555,0.999,2.534009579
6,11,19.5,-36.1971831,0,0,0,0,29.00213807,0,24.77110434,84.34958213,1.07,2.534009579
6,11,20,-35.49295775,0,0,0,0,28.60628372,0,24.14698371,85.04916397,1.965,2.534009579
6,11,20.5,-33.94366197,0,0,0,0,28.27970388,0,23.9657874,85.2490445,2.633,2.534009579
6,11,21,-41.76056338,0,0,0,0,28.04219127,0,23.8349234,84.64940292,2.282,2.534009579
6,11,21.5,-45.35211268,0,0,0,0,27.81457502,0,23.99598678,83.65000028,1.866,2.534009579
6,11,22,-38.16901408,0,0,0,0,27.62654421,0,24.06645202,83.55006002,1.902,2.534009579
6,11,22.5,-31.69014085,0,0,0,0,27.5077879,0,23.76445816,84.74934318,1.626,2.534009579
6,11,23,-29.29577465,0,0,0,0,27.42861703,0,23.30140092,86.34838739,0.342,2.534009579
6,11,23.5,-17.46478873,0,0,0,0,27.36923888,0,23.22086923,87.24784976,1.289,2.534009579
6,12,0,-29.22535211,0,0,0,0,27.29006801,0,23.40206554,88.04737186,0.647,2.534009579
6,12,0.5,-34.22535211,0,0,0,0,27.20100078,0,23.25106861,89.14671476,0.601,2.534009579
6,12,1,-30.07042254,0,0,0,0,27.15151899,0,22.91887537,90.24605765,1.075,2.534009579
6,12,1.5,-18.02816901,0,0,0,0,27.07234812,0,22.67728029,90.9456395,1.411,2.534009579
6,12,2,-35.63380282,0,0,0,0,26.99317725,0,22.82827722,90.74575897,1.733,2.534009579
6,12,2.5,-25,0,0,0,0,26.90411002,0,22.48601752,91.14552002,1.781,2.534009579
6,12,3,-36.54929577,0,0,0,0,26.81504279,0,22.49608398,90.74575897,1.353,2.534009579
6,12,3.5,-37.67605634,0,0,0,0,26.73587192,0,22.1739572,91.04557976,1.363,2.534009579
6,12,4,-37.25352113,0,0,0,0,26.66659741,0,21.77129873,91.7451616,1.374,2.534009579
6,12,4.5,-32.04225352,0,0,0,0,26.57753018,0,21.43910549,91.7451616,1.366,2.534009579
6,12,5,-35.56338028,0,0,0,0,26.4785666,0,21.31830795,92.44474344,1.16,2.534009579
6,12,5.5,-33.02816901,0,0,0,0,26.35981029,0,21.00624764,92.54468371,1.213,2.534009579
6,12,6,-34.50704225,0.4,0,0.264055684,0,26.26084671,0,21.12704518,93.14432529,1.15,2.534009579
6,12,6.5,-26.83098592,13.6,2,14.25900694,0.515772317,26.16188312,0,20.90558302,93.04438502,1.796,2.534009579
6,12,7,13.23943662,87.4,15.4,81.59320638,3.868292381,26.01343774,0,22.10349197,93.34420581,1.814,2.534009579
6,12,7.5,45,178.4,36.2,181.1421993,9.799674032,25.74623605,0,22.90880891,91.04557976,1.654,2.534009579
6,12,8,147.5352113,264,53,283.8598604,14.44162489,25.57799795,0,23.67386001,88.34719265,1.73,2.534009579
6,12,8.5,226.1267606,356.2,68.2,386.8415772,19.34146191,25.65716882,0,24.90196834,84.24964186,1.715,2.485433389
6,12,9,308.3098592,443.4,81.6,484.0140689,24.24129892,25.99364502,0,26.442137,75.55483897,3.111,2.485433389
6,12,9.5,377.2535211,516.6,92.2,565.0791639,28.1095913,26.48846296,0,28.39503058,66.52023917,3.285,2.485433389
6,12,10,436.971831,580.4,101.4,636.3741986,31.71999752,27.02286633,0,29.603006,60.13405636,4.062,2.485433389
6,12,10.5,470.7042254,630.8,108.8,691.8258922,34.55674527,27.71561144,0,30.60965217,55.52681022,4.469,2.435561791
6,12,11,507.6056338,667,114,731.6983005,36.61983454,28.36877111,0,31.61629835,53.8078377,3.745,2.435561791
6,12,11.5,527.9577465,686.2,117.4,755.9914235,38.42503765,28.87348541,0,31.73709589,51.9089727,5.002,2.384336168
6,12,12,546.7605634,694.8,119.2,767.0817622,39.45658229,29.8334322,0,32.08942206,50.31992251,4.872,2.384336168
6,12,12.5,520.915493,657.2,113.2,728.5296323,37.65137918,30.27876834,0,32.58267868,48.85080064,4.212,2.384336168
6,12,13,471.1971831,625.2,108.4,693.674282,36.10406222,30.60534818,0,32.74374207,48.3011292,3.75,2.33169412
6,12,13.5,501.4084507,637.2,112.6,692.0899479,37.13560686,30.82306807,0,33.48866024,46.0224912,3.956,2.33169412
6,12,14,283.5915493,379.6,68.6,437.2762128,22.95186813,31.09026976,0,33.17659993,46.27234185,4.568,2.33169412
6,12,14.5,359.3661972,469.4,85,523.3583658,27.85170514,31.29809329,0,33.28733101,45.8326047,3.956,2.277569142
6,12,15,270.7042254,362.6,67.2,403.7411409,21.66243733,31.11995883,0,33.25713162,47.97132633,2.888,2.277569142
6,12,15.5,139.5774648,215.2,41,247.6842317,13.41008025,31.23871514,0,32.4719476,51.23937293,2.537,2.277569142
6,12,16,193.4507042,282.6,58.4,312.3778742,17.27837264,30.98140981,0,33.27726455,48.38108141,2.222,2.277569142
6,12,16.5,81.97183099,153.2,32,174.0126958,10.31544635,30.48659188,0,33.50879317,47.03188785,2.162,2.221890279
6,12,17,9.718309859,62.2,12,73.14342449,4.12617854,30.50638459,0,32.85447315,50.8096298,1.595,2.221890279
6,12,17.5,-34.29577465,7.4,1.4,10.03411599,0.515772317,30.7438972,0,30.93177895,60.06409817,1.513,2.221890279
6,12,18,-36.33802817,0.2,0,0,0,30.97151345,0,28.44536289,67.8194626,1.786,2.221890279
6,12,18.5,-35.21126761,0,0,0,0,30.53607367,0,27.42865025,74.79529297,2.32,2.221890279
6,12,19,-33.5915493,0,0,0,0,29.91260307,0,26.54280161,79.04275415,2.262,2.221890279
6,12,19.5,-33.8028169,0,0,0,0,29.38809606,0,25.97907976,80.65179239,2.287,2.221890279
6,12,20,-33.94366197,0,0,0,0,28.97244899,0,25.48582313,81.05155344,2.279,2.221890279
6,12,20.5,-32.25352113,0,0,0,0,28.67555823,0,25.24422805,81.35137423,2.282,2.221890279
6,12,21,-37.11267606,0,0,0,0,28.39846019,0,25.22409512,79.04275415,2.712,2.221890279
6,12,21.5,-35.35211268,0,0,0,0,28.14115486,0,25.21402866,78.86286168,2.378,2.221890279
6,12,22,-31.33802817,0,0,0,0,28.0125022,0,24.95230065,78.88284973,2.026,2.221890279
6,12,22.5,-30.70422535,0,0,0,0,27.95312405,0,24.63017388,81.55125476,1.758,2.221890279
6,12,23,-33.38028169,0,0,0,0,27.86405682,0,23.95572094,82.35077686,1.5,2.221890279
6,12,23.5,-20.91549296,0,0,0,0,27.75519687,0,23.80472401,84.34958213,0.684,2.277569142
6,13,0,-28.38028169,0,0,0,0,27.65623328,0,23.77452463,86.44832765,0.32,2.221890279
6,13,0.5,-35,0,0,0,0,27.53747698,0,23.35173323,86.94802897,1.386,2.277569142
6,13,1,-35.56338028,0,0,0,0,27.44840975,0,23.07993876,87.64761081,1.186,2.277569142
6,13,1.5,-35.07042254,0,0,0,0,27.30986073,0,22.67728029,89.0467745,1.362,2.277569142
6,13,2,-35.63380282,0,0,0,0,27.20100078,0,22.39541936,89.8462966,0.899,2.277569142
6,13,2.5,-36.83098592,0,0,0,0,27.08224448,0,22.0430932,90.44593818,0.221,2.277569142
6,13,3,-37.6056338,0,0,0,0,26.96348817,0,21.86189689,90.74575897,1.414,2.277569142
6,13,3.5,-35.91549296,0,0,0,0,26.85462823,0,21.68070058,90.84569923,1.434,2.277569142
6,13,4,-35.42253521,0,0,0,0,26.765561,0,21.41897257,91.04557976,1.291,2.277569142
6,13,4.5,-36.4084507,0,0,0,0,26.66659741,0,21.26797564,91.54528108,0.507,2.277569142
6,13,5,-36.61971831,0,0,0,0,26.55773747,0,20.96598179,91.94504213,0.376,2.277569142
6,13,5.5,-35.91549296,0,0,0,0,26.46867024,0,20.91564948,92.34480318,1.02,2.277569142
6,13,6,-35.98591549,0.4,0,0.264055684,0,26.36970665,0,20.86531717,92.34480318,1.181,2.277569142
6,13,6.5,-26.90140845,14.2,2.2,14.52306262,0.515772317,26.27074306,0,20.74451963,92.74456423,1.083,2.277569142
6,13,7,13.73239437,90.4,15.8,83.17754048,4.12617854,26.11240133,0,21.52970365,93.44414608,1.111,2.277569142
6,13,7.5,50.98591549,178.8,36,179.2938095,10.05756019,25.89468143,0,22.99940707,91.14552002,0.977,2.277569142
6,13,8,130.6338028,269.4,53.6,289.9331411,15.21528337,25.76602877,0,24.23758187,89.64641608,0.918,2.277569142
6,13,8.5,222.0422535,359.8,68.6,388.9540226,20.37300654,25.84519964,0,25.36502559,86.0485666,1.124,2.221890279
6,13,9,298.2394366,442.8,81.4,480.3172893,25.0149574,26.20146855,0,26.51260223,77.93341723,2.032,2.221890279
6,13,9.5,360.7042254,514.2,91.6,557.9496604,28.88324978,26.73587192,0,28.33463181,68.17924754,1.764,2.221890279
6,13,10,421.056338,582.6,101.4,634.2617531,33.00942832,27.28017165,0,30.0761297,57.95535862,2.457,2.221890279
6,13,10.5,492.8169014,642.6,110.4,700.8037855,36.61983454,27.98281312,0,31.26397219,51.24936696,3.483,2.164581728
6,13,11,500.3521127,668.2,114.2,730.3780221,38.42503765,28.60628372,0,32.04915621,48.50100972,3.421,2.164581728
6,13,11.5,489.9295775,641.6,109.6,704.5005651,37.13560686,29.35840698,0,32.26055191,47.32171462,3.023,2.164581728
6,13,12,487.9577465,639.6,109.2,703.1802867,37.39349302,30.52617731,0,32.60281161,46.04247925,2.058,2.105562403
6,13,12.5,476.971831,628.6,107.8,693.4102263,37.13560686,31.15954427,0,33.03566946,47.07186396,2.216,2.105562403
6,13,13,112.9577465,184.4,31.2,232.8971133,12.37853562,31.55539862,0,32.2102196,49.80023314,1.323,2.105562403
6,13,13.5,465.7042254,606.8,106.6,662.779767,36.61983454,31.83249666,0,33.29739747,47.3916728,1.342,2.105562403
6,13,14,420.2112676,564.6,100,632.4133633,34.81463143,31.93146025,0,33.13633408,44.56336335,2.056,2.04474546
6,13,14.5,360.6338028,495.6,88.6,553.4607138,30.68845289,32.3273146,0,33.22693224,43.16419967,2.086,2.04474546
6,13,15,301.8309859,422.4,77.6,475.564287,26.82016051,32.48565634,0,33.3678627,42.54457004,2.321,2.04474546
6,13,15.5,226.7605634,339,65,384.465076,21.66243733,32.42627818,0,33.37792916,41.84498819,2.037,1.982037751
6,13,16,141.3380282,240.4,50,274.6179114,15.98894184,32.1590765,0,33.29739747,42.04486872,1.771,1.982037751
6,13,16.5,75.35211268,159.8,33.2,180.8781436,10.83121867,31.91166753,0,33.025603,44.53338127,1.631,1.982037751
6,13,17,-12.32394366,41.4,7.6,51.75491408,2.836747746,31.68405128,0,32.33101714,52.90837533,1.296,1.982037751
6,13,17.5,-38.8028169,7.6,1.6,9.506004626,0.515772317,31.57519133,0,30.29759186,65.80066928,1.526,1.982037751
6,13,18,-40.21126761,0.2,0,0,0,31.25850786,0,27.89170749,74.54544231,1.368,1.982037751
6,13,18.5,-38.5915493,0,0,0,0,30.59545182,0,26.52266869,78.65298713,1.089,1.982037751
6,13,19,-38.38028169,0,0,0,0,29.89281035,0,25.85828221,79.7823121,1.739,1.982037751
6,13,19.5,-36.76056338,0,0,0,0,29.34851062,0,25.49588959,82.2508366,0.871,1.982037751
6,13,20,-36.69014085,0,0,0,0,28.96255263,0,24.88183542,83.15029897,0.77,1.982037751
6,13,20.5,-43.73239437,0,0,0,0,28.67555823,0,24.22751541,84.44952239,2.112,1.982037751
6,13,21,-36.47887324,0,0,0,0,28.41825291,0,24.19731602,84.64940292,0.983,1.982037751
6,13,21.5,-36.26760563,0,0,0,0,28.25001481,0,23.74432524,86.34838739,1.163,1.982037751
6,13,22,-38.02816901,0,0,0,0,28.08177671,0,23.39199908,87.74755107,1.575,1.982037751
6,13,22.5,-36.4084507,0,0,0,0,27.90364225,0,23.10007169,88.94683423,1.74,1.982037751
6,13,23,-36.26760563,0,0,0,0,27.73540415,0,22.74774552,89.34659529,1.31,1.982037751
6,13,23.5,-38.16901408,0,0,0,0,27.57706241,0,22.73767906,89.54647581,1.053,1.982037751
6,14,0,-35.91549296,0,0,0,0,27.43851339,0,22.40548582,90.74575897,1.009,1.982037751
6,14,0.5,-36.33802817,0,0,0,0,27.31975709,0,22.24442244,90.9456395,2.139,1.982037751
6,14,1,-39.57746479,0,0,0,0,27.18120807,0,22.03302674,90.74575897,2.788,1.982037751
6,14,1.5,-40.07042254,0,0,0,0,27.01296997,0,22.22428951,88.64701344,1.802,1.982037751
6,14,2,-39.57746479,0,0,0,0,26.95359182,0,21.7008335,88.94683423,0.446,1.982037751
6,14,2.5,-40.14084507,0,0,0,0,26.92390274,0,21.3585738,90.04617713,1.047,1.982037751
6,14,3,-41.12676056,0,0,0,0,26.81504279,0,20.87538363,90.84569923,1.003,1.982037751
6,14,3.5,-39.92957746,0,0,0,0,26.67649377,0,20.57338978,91.84510187,0.943,1.982037751
6,14,4,-40.07042254,0,0,0,0,26.55773747,0,20.38212701,91.84510187,1.677,1.982037751
6,14,4.5,-40.07042254,0,0,0,0,26.4290848,0,20.3317947,92.24486292,1.402,1.982037751
6,14,5,-40.56338028,0,0,0,0,26.30043214,0,20.19086423,92.54468371,1.286,1.982037751
6,14,5.5,-39.92957746,0,0,0,0,26.19157219,0,20.00966792,93.14432529,0.708,1.982037751
6,14,6,-40.91549296,0.2,0,0,0,26.10250497,0,19.76807284,93.24426555,0.038,1.982037751
6,14,6.5,-32.88732394,8.2,1.2,8.713837574,0.257886159,26.00354138,0,19.63720883,93.6440266,0.505,1.982037751
6,14,7,-12.6056338,45.2,8,47.00191176,2.320975429,25.88478507,0,20.02980084,94.34360844,1.333,1.982037751
6,14,7.5,40.70422535,138.6,26.6,144.1744035,7.736584762,25.73633969,0,21.21764333,94.14372792,1.451,1.982037751
6,14,8,101.5492958,279.6,54.2,287.5566399,15.47316952,25.5681016,0,22.77794491,90.9456395,1.662,1.982037751
6,14,8.5,195,363.4,68.8,391.0664681,20.88877886,25.5186198,0,23.9657874,87.9474316,1.256,1.982037751
6,14,9,288.7323944,443.2,81,478.7329552,25.53072971,26.0233341,0,25.01269942,82.95041844,1.036,1.982037751
6,14,9.5,355.915493,526.8,93.6,568.2478321,30.17268057,26.80514644,0,26.10994376,76.03455223,0.98,1.982037751
6,14,10,423.1690141,593.6,103,639.2788111,33.78308679,27.53747698,0,27.54944779,65.48086044,0.997,1.982037751
6,14,10.5,460.6338028,642.8,109.8,693.9383377,36.8777207,28.25991117,0,28.72722382,58.30514954,1.82,1.91733923
6,14,11,500.0704225,680.8,115,735.3950801,39.19869613,29.10110166,0,29.603006,53.43805872,1.958,1.91733923
6,14,11.5,510.6338028,696.4,117.2,755.7273678,40.74601308,29.76415769,0,30.42845586,52.55858441,2.364,1.91733923
6,14,12,518.943662,697.4,117.6,760.2163144,41.2617854,30.84286079,0,30.64991802,52.53859636,2.529,1.91733923
6,14,12.5,508.2394366,689.2,116.4,754.4070894,41.2617854,31.4168496,0,30.92171249,51.97893088,2.901,1.850542278
6,14,13,489.2253521,662.4,112,728.793688,39.9723546,31.79291123,0,31.14317465,50.30992849,3.188,1.850542278
6,14,13.5,459.6478873,618.6,106.6,677.0387739,37.90926533,32.1590765,0,31.33443742,48.44104556,2.789,1.850542278
6,14,14,404.084507,562.6,98.2,631.0930849,34.81463143,32.43617454,0,31.48543435,47.84140399,2.963,1.850542278
6,14,14.5,338.8028169,485.4,85.6,544.7468762,30.43056673,32.40648547,0,31.54583312,49.83021522,3.363,1.850542278
6,14,15,273.6619718,397.8,72.4,452.3273868,25.53072971,32.29762552,0,31.29417157,53.78784965,3.375,1.781530951
6,14,15.5,210.7042254,325.4,61.8,371.5263475,21.14666502,32.07990563,0,30.92171249,54.7972463,3.502,1.781530951
6,14,16,148.5915493,250.8,51.6,288.348807,16.76260032,31.703844,0,30.68011741,56.41627857,3.605,1.781530951
6,14,16.5,62.74647887,149.4,31.2,173.7486401,10.83121867,31.40695324,0,30.15666139,57.92537654,3.644,1.781530951
6,14,17,-18.30985915,42,8.2,52.81113681,3.094633905,31.27830057,0,29.21041399,62.57259878,3.439,1.781530951
6,14,17.5,-42.88732394,8.4,1.6,10.29817168,0.515772317,31.14964791,0,28.01250503,73.30618304,3.75,1.781530951
6,14,18,-47.67605634,0,0,0,0,30.7438972,0,26.19047545,80.05215081,5.322,1.781530951
6,14,18.5,-21.54929577,0,0,0,0,30.26887198,0,24.77110434,84.24964186,4.839,1.781530951
6,14,19,-8.521126761,0,0,0,0,29.82353584,0,24.01611971,86.24844713,5.188,1.781530951
6,14,19.5,-9.295774648,0,0,0,0,29.46726693,0,23.412132,87.9474316,3.946,1.781530951
6,14,20,-8.661971831,0,0,0,0,29.20006524,0,23.05980584,89.44653555,3.456,1.781530951
6,14,20.5,-8.521126761,0,0,0,0,28.96255263,0,22.9390083,89.94623686,2.852,1.781530951
6,14,21,-8.38028169,0,0,0,0,28.76462546,0,22.7276126,90.14611739,3.5,1.781530951
6,14,21.5,-10.56338028,0,0,0,0,28.62607644,0,22.22428951,89.8462966,4.466,1.781530951
6,14,22,-9.154929577,0,0,0,0,28.49742377,0,22.01289381,89.64641608,3.165,1.781530951
6,14,22.5,-9.225352113,0,0,0,0,28.34897839,0,21.99276089,89.54647581,2.637,1.781530951
6,14,23,-9.084507042,0,0,0,0,28.23022209,0,21.87196335,89.64641608,2.794,1.781530951
6,14,23.5,-10.21126761,0,0,0,0,28.10156943,0,21.81156458,89.8462966,3.265,1.781530951
6,15,0,-8.098591549,0,0,0,0,28.00260584,0,21.49950426,89.34659529,3.158,1.781530951
6,15,0.5,-8.028169014,0,0,0,0,27.90364225,0,21.34850734,89.54647581,3.057,1.781530951
6,15,1,-10.07042254,0,0,0,0,27.82447138,0,21.09684579,91.14552002,3.164,1.781530951
6,15,1.5,-14.85915493,0,0,0,0,27.77498959,0,20.79485194,93.04438502,2.785,1.781530951
6,15,2,-12.3943662,0,0,0,0,27.70571508,0,20.70425378,93.94384739,2.47,1.781530951
6,15,2.5,-12.25352113,0,0,0,0,27.59685513,0,20.60358916,94.44354871,2.48,1.781530951
6,15,3,-9.929577465,0,0,0,0,27.49789154,0,20.61365563,94.94325002,2.45,1.781530951
6,15,3.5,-10.42253521,0,0,0,0,27.40882432,0,20.52305747,95.24307081,2.77,1.781530951
6,15,4,-10.63380282,0,0,0,0,27.32965345,0.1,20.38212701,95.44295134,3.072,1.781530951
6,15,4.5,-10.91549296,0,0,0,0,27.25048258,0,20.16066485,95.74277213,3.416,1.781530951
6,15,5,-12.67605634,0,0,0,0,27.17131171,0,20.09019961,95.74277213,3.371,1.781530951
6,15,5.5,-12.67605634,0,0,0,0,27.08224448,0,19.94926915,95.94265266,3.071,1.781530951
6,15,6,-12.95774648,0.4,0,0,0,27.00307361,0,19.9090033,96.04259292,2.944,1.781530951
6,15,6.5,-6.126760563,6.8,1.2,6.337336418,0.257886159,26.92390274,0,19.94926915,96.34241371,2.588,1.781530951
6,15,7,9.014084507,38,7,39.08024124,1.805203111,26.85462823,0,20.03986731,96.44235397,2.632,1.781530951
6,15,7.5,24.29577465,69.8,12,76.31209269,3.610406222,26.81504279,0,20.22106362,96.44235397,2.519,1.781530951
6,15,8,34.64788732,94,16.2,102.9817168,4.641950857,26.80514644,0,20.36199408,96.44235397,2.644,1.781530951
6,15,8.5,69.29577465,153.4,26.6,168.2034707,7.478698603,26.84473187,0.1,20.63378855,96.44235397,2.435,1.781530951
6,15,9,129.5070423,185.8,32.4,209.9242688,9.799674032,26.86452459,0,21.04651348,95.64283187,2.408,1.781530951
6,15,9.5,85.91549296,170,30.2,186.6873686,9.026015556,27.01296997,0,20.90558302,95.34301108,2.679,1.781530951
6,15,10,118.3098592,185.8,33,207.5477677,10.05756019,27.21089714,0,20.99618117,95.24307081,2.834,1.781530951
6,15,10.5,110.2816901,161.8,29.2,182.4624777,9.026015556,27.32965345,0,20.9357824,94.04378766,2.865,1.781530951
6,15,11,120.4929577,159.8,28.8,181.9343663,9.283901714,27.3890316,0,21.17737749,93.24426555,2.585,1.781530951
6,15,11.5,190.6338028,248.8,45,276.2022455,13.66796641,27.39892796,0,21.44917195,91.44534081,2.613,1.781530951
6,15,12,209.9295775,277.2,50,308.417039,15.21528337,27.42861703,0,21.7008335,89.24665502,2.482,1.781530951
6,15,12.5,236.7605634,317.6,56.8,352.2502825,17.79414495,27.58695877,0,22.07329258,87.34779002,2.861,1.781530951
6,15,13,396.4788732,503.8,88.6,549.2358229,28.36747746,27.95312405,0,22.75781199,84.84928344,2.218,1.781530951
6,15,13.5,447.7464789,571.6,100.4,618.4184121,32.493656,28.28960024,0,23.44233139,82.05095607,2.455,1.781530951
6,15,14,251.2676056,357.2,63.4,398.9881386,20.6308927,28.86358905,0,23.7543917,79.32258689,2.636,1.781530951
6,15,14.5,281.7605634,406,72.6,456.5522777,23.98341276,29.42768149,0,24.28791418,76.90403252,2.509,1.710180135
6,15,15,210.915493,320,58.4,361.2281758,18.82568959,29.47716329,0,24.66037326,75.34496441,2.168,1.710180135
6,15,15.5,180.1408451,285,53.4,320.8276561,17.02048648,29.48705965,0,24.95230065,74.14568126,2.233,1.710180135
6,15,16,66.12676056,145.2,27.4,167.147248,9.283901714,29.44747421,0,25.03283235,74.06572904,1.986,1.710180135
6,15,16.5,25.42253521,94.2,17.4,106.942552,5.931381651,29.43757785,0,24.80130373,75.34496441,1.986,1.710180135
6,15,17,-14.43661972,40,7.6,44.88946629,2.578861587,29.23965068,0,24.50937634,78.52306478,1.923,1.710180135
6,15,17.5,-37.25352113,5.6,1,6.601392102,0.257886159,28.98234535,0,23.94565448,81.45131449,1.88,1.710180135
6,15,18,-37.04225352,0,0,0,0,28.67555823,0,23.36179969,84.24964186,2.339,1.710180135
6,15,18.5,-27.46478873,0,0,0,0,28.31928932,0,22.87860953,85.2490445,1.937,1.710180135
6,15,19,-21.54929577,0,0,0,0,28.03229492,0,22.70747968,86.14850686,1.888,1.710180135
6,15,19.5,-25.98591549,0,0,0,0,27.80467867,0,22.44575167,87.04796923,2.004,1.710180135
6,15,20,-7.042253521,0,0,0,0,27.65623328,0,22.29475474,88.04737186,2.383,1.710180135
6,15,20.5,-6.408450704,0,0,0,0,27.52758062,0,22.23435597,87.74755107,2.857,1.710180135
6,15,21,-7.183098592,0,0,0,0,27.43851339,0,22.15382428,87.84749134,2.951,1.710180135
6,15,21.5,-7.253521127,0,0,0,0,27.36923888,0,22.02296028,88.64701344,3.013,1.710180135
6,15,22,-7.253521127,0,0,0,0,27.29996437,0,21.86189689,89.24665502,3.192,1.710180135
6,15,22.5,-7.183098592,0,0,0,0,27.24058622,0,21.78136519,89.8462966,3.087,1.710180135
6,15,23,-7.887323944,0,0,0,0,27.18120807,0,21.71089996,90.24605765,2.556,1.710180135
6,15,23.5,-8.591549296,0,0,0,0,27.13172627,0,21.67063411,90.84569923,2.496,1.710180135
6,16,0,-7.746478873,0,0,0,0,27.08224448,0,21.42903903,90.84569923,2.695,1.710180135
6,16,0.5,-7.112676056,0,0,0,0,27.02286633,0,21.17737749,90.84569923,2.939,1.710180135
6,16,1,-7.253521127,0,0,0,0,26.97338453,0,21.15724456,91.14552002,2.74,1.710180135
6,16,1.5,-7.253521127,0,0,0,0,26.92390274,0,21.12704518,91.54528108,2.37,1.710180135
6,16,2,-7.394366197,0,0,0,0,26.87442095,0,21.08677933,91.7451616,2.34,1.710180135
6,16,2.5,-7.253521127,0,0,0,0,26.82493915,0,21.03644702,91.94504213,2.905,1.710180135
6,16,3,-7.112676056,0,0,0,0,26.78535372,0,20.9357824,92.14492265,2.581,1.710180135
6,16,3.5,-7.605633803,0,0,0,0,26.74576828,0,20.99618117,92.54468371,1.831,1.710180135
6,16,4,-7.112676056,0,0,0,0,26.70618285,0,20.9357824,92.74456423,2.14,1.710180135
6,16,4.5,-8.732394366,0,0,0,0,26.66659741,0,20.71432024,92.8445045,2.9,1.710180135
6,16,5,-7.887323944,0,0,0,0,26.63690834,0,20.62372209,93.54408634,2.185,1.710180135
6,16,5.5,-7.957746479,0,0,0,0,26.60721926,0,20.52305747,93.94384739,2.169,1.710180135
6,16,6,-8.23943662,0.2,0,0,0,26.55773747,0,20.48279162,94.14372792,2.723,1.710180135
6,16,6.5,-3.661971831,4.2,0.6,5.281113681,0,26.4785666,0,20.4626587,94.64342923,2.905,1.710180135
6,16,7,10.77464789,20.8,4,25.61340135,1.289430794,26.44887752,0,20.53312393,94.94325002,2.543,1.710180135
6,16,7.5,28.23943662,43.2,8.2,50.96274702,2.578861587,26.4290848,0,20.68412086,95.14313055,2.268,1.710180135
6,16,8,60.14084507,84.2,15.2,97.43654742,4.899837016,26.41918845,0,20.97604825,94.64342923,2.373,1.710180135
6,16,8.5,84.85915493,117.6,21.4,133.6121761,6.705040127,26.43898116,0,21.18744395,93.94384739,2.44,1.710180135
6,16,9,97.53521127,137.8,25.2,153.9444638,7.736584762,26.52804839,0,21.51963719,93.24426555,2.051,1.710180135
6,16,9.5,117.6056338,161.6,29.6,179.0297538,9.026015556,26.65670105,0,21.67063411,92.34480318,1.647,1.710180135
6,16,10,197.3239437,266.2,48.4,293.1018093,14.18373873,26.83483551,0,22.0430932,90.44593818,2.112,1.710180135
6,16,10.5,291.9014085,387,69.2,421.1688161,20.6308927,26.97338453,0,22.58668214,88.24725239,2.67,1.710180135
6,16,11,480.6338028,643.8,111.4,691.0337252,34.55674527,27.20100078,0,23.38193262,85.2490445,2.477,1.710180135
6,16,11.5,509.0140845,658.8,112.4,716.6471265,35.84617606,27.79478231,0,23.87518924,81.65119502,2.835,1.710180135
6,16,12,483.1690141,640.2,108,705.5567878,35.33040375,28.93286356,0,24.5194428,79.00277805,2.51,1.710180135
6,16,12.5,496.056338,660.4,111.6,728.5296323,37.13560686,29.89281035,0,25.2039622,76.45430133,2.914,1.636354589
6,16,13,498.5915493,669,113.2,737.2434699,37.90926533,30.4569028,0,25.92874745,73.83586644,3.225,1.636354589
6,16,13.5,457.6760563,603.2,104,664.8922125,34.81463143,30.90223894,0,26.27100715,72.10689989,3.007,1.636354589
6,16,14,353.8732394,493.4,86.8,559.7980502,28.88324978,31.18923334,0,26.82466254,70.61778997,3.017,1.636354589
6,16,14.5,218.6619718,327.4,58,374.6950157,19.08357575,31.25850786,0,26.89512778,69.98816631,3.123,1.636354589
6,16,15,147.1830986,238,43.2,277.2584683,14.18373873,31.1991297,0,26.84479547,70.7077362,3.068,1.636354589
6,16,15.5,188.3098592,292.8,55,331.6539392,17.53625879,30.82306807,0,27.18705517,70.29798112,3.271,1.636354589
6,16,16,139.0140845,236.6,48.2,269.0727421,14.69951105,30.24907927,0,27.36825148,69.62838136,3.235,1.636354589
6,16,16.5,56.83098592,135.4,27.6,156.320965,9.026015556,30.07094481,0,27.17698871,70.86764062,3.49,1.636354589
6,16,17,-13.73239437,43.2,8.4,50.43463566,2.836747746,30.1699084,0,26.35153884,74.21563944,2.906,1.636354589
6,16,17.5,-40.14084507,7,1.2,8.44978189,0.257886159,30.0016703,0,25.49588959,77.66357852,2.73,1.636354589
6,16,18,-41.12676056,0,0,0,0,29.61571231,0,24.73083849,80.55185213,2.182,1.636354589
6,16,18.5,-36.1971831,0,0,0,0,29.17037617,0,24.19731602,83.05035871,2.314,1.636354589
6,16,19,-37.04225352,0,0,0,0,28.76462546,0,23.81479047,84.24964186,2.142,1.636354589
6,16,19.5,-34.64788732,0,0,0,0,28.43804562,0,23.50273016,85.14910423,1.327,1.636354589
6,16,20,-34.57746479,0,0,0,0,28.20053301,0,23.09000522,86.54826792,1.798,1.636354589
6,16,20.5,-40.91549296,0,0,0,0,27.99270948,0,22.8584766,88.04737186,2.882,1.636354589
6,16,21,-39.64788732,0,0,0,0,27.78488595,0,22.65714737,88.84689397,2.147,1.636354589
6,16,21.5,-40.70422535,0,0,0,0,27.63644057,0,22.35515351,90.04617713,2.631,1.636354589
6,16,22,-41.47887324,0,0,0,0,27.5077879,0,22.11355843,90.64581871,2.758,1.636354589
6,16,22.5,-36.05633803,0,0,0,0,27.40882432,0,21.86189689,91.24546029,1.832,1.636354589
6,16,23,-32.53521127,0,0,0,0,27.31975709,0,21.7008335,91.7451616,1.784,1.636354589
6,16,23.5,-30.21126761,0,0,0,0,27.2207935,0,21.5699695,92.14492265,1.978,1.636354589
6,17,0,-31.54929577,0,0,0,0,27.12182991,0,21.46930488,92.34480318,1.818,1.636354589
6,17,0.5,-33.16901408,0,0,0,0,27.03276269,0,21.25790918,92.54468371,0.802,1.636354589
6,17,1,-33.30985915,0,0,0,0,26.94369546,0,21.09684579,92.54468371,0.549,1.636354589
6,17,1.5,-34.36619718,0,0,0,0,26.84473187,0,20.87538363,92.64462397,0.539,1.636354589
6,17,2,-33.09859155,0,0,0,0,26.73587192,0,20.63378855,93.14432529,0.901,1.636354589
6,17,2.5,-34.92957746,0,0,0,0,26.62701198,0,20.56332332,93.6440266,1.902,1.636354589
6,17,3,-37.25352113,0,0,0,0,26.50825567,0,20.61365563,94.54348897,1.841,1.636354589
6,17,3.5,-35.77464789,0,0,0,0,26.4290848,0,20.6740544,94.44354871,1.198,1.636354589
6,17,4,-34.15492958,0,0,0,0,26.35981029,0,20.56332332,94.14372792,1.043,1.636354589
6,17,4.5,-27.53521127,0,0,0,0,26.3103285,0,20.50292455,94.14372792,0.968,1.636354589
6,17,5,-13.38028169,0,0,0,0,26.26084671,0,20.45259224,94.34360844,0.354,1.636354589
6,17,5.5,-5.704225352,0,0,0,0,26.25095035,0,20.58345624,94.44354871,0.137,1.636354589
6,17,6,-4.014084507,0.2,0,0,0,26.27074306,0,20.6740544,94.84330976,0.666,1.636354589
6,17,6.5,-1.830985915,3.6,0.4,3.696779577,0,26.29053578,0,20.75458609,95.04319029,0.216,1.636354589
6,17,7,9.788732394,18.4,3.4,20.33228767,1.031544635,26.32022486,0,20.9357824,95.14313055,0.275,1.636354589
6,17,7.5,34.43661972,51.8,9.2,57.03602776,2.578861587,26.33012122,0,21.20757687,95.14313055,0.769,1.636354589
6,17,8,57.81690141,86.4,15.2,94.26787921,4.384064698,26.35981029,0,21.46930488,95.44295134,0.868,1.636354589
6,17,8.5,76.83098592,130,23.2,143.9103478,6.962926286,26.4290848,0,21.73103288,95.24307081,1.098,1.636354589
6,17,9,97.46478873,144.2,25.8,161.0739673,7.994470921,26.51815203,0,22.02296028,94.34360844,1.28,1.636354589
6,17,9.5,143.3802817,191.4,34.2,210.1883245,10.31544635,26.66659741,0,22.26455536,93.6440266,1.444,1.636354589
6,17,10,138.0985915,185.6,33.4,204.6431551,10.05756019,26.87442095,0,22.44575167,93.04438502,1.518,1.636354589
6,17,10.5,276.8309859,365,64,396.8756931,18.82568959,27.09214084,0,22.9390083,91.34540055,1.459,1.636354589
6,17,11,339.8591549,463.8,80.4,505.4025793,24.49918508,27.29996437,0,23.51279662,88.74695371,1.78,1.636354589
6,17,11.5,398.4507042,555.4,94.4,603.3672381,29.3990221,27.66612964,0,24.28791418,84.64940292,1.982,1.636354589
6,17,12,345.2816901,483.8,82.6,527.5832568,25.78861587,28.44794198,0,25.23416158,81.1514937,1.642,1.559907867
6,17,12.5,312.5352113,444.4,76,481.1094564,23.20975429,29.05161986,0,26.07974437,76.64418784,1.636,1.559907867
6,17,13,287.8873239,414.6,71.2,451.5352197,21.92032349,29.3781997,0,26.72399793,74.34556178,1.993,1.559907867
6,17,13.5,314.6478873,442.8,76.6,485.0702916,24.24129892,29.64540139,0,26.90519424,74.81528102,2.502,1.559907867
6,17,14,366.6197183,509.2,88.8,566.1353866,28.88324978,29.82353584,0,27.18705517,73.82587241,1.659,1.559907867
6,17,14.5,219.4366197,333,58,370.7341804,18.82568959,29.96208486,0,27.61991303,71.32736583,1.754,1.559907867
6,17,15,160.7746479,262.2,46.6,286.5004172,14.44162489,30.37773193,0,27.6803118,71.71713286,1.803,1.559907867
6,17,15.5,191.6901408,293.2,53.2,320.2995448,16.50471416,30.26887198,0,27.71051118,69.47847096,2.739,1.559907867
6,17,16,78.30985915,151.2,28.2,171.1080833,9.026015556,30.04125573,0,27.89170749,70.01814839,1.973,1.559907867
6,17,16.5,81.33802817,160.6,31.4,177.181364,9.799674032,29.90270671,0,27.95210626,71.37733597,2.059,1.559907867
6,17,17,32.46478873,93.6,17.6,100.6052156,5.415609333,29.52664508,0,27.88164103,71.8470552,1.791,1.559907867
6,17,17.5,-24.57746479,15.4,3.2,15.57928536,0.773658476,29.48705965,0,27.61991303,74.16566931,0.973,1.559907867
6,17,18,-36.33802817,0.2,0,0.264055684,0,29.53654144,0,26.75419731,77.00397278,0.381,1.559907867
6,17,18.5,-38.09859155,0,0,0,0,29.28913247,0,25.6770859,81.75113528,1.417,1.559907867
6,17,19,-35.28169014,0,0,0,0,28.88338176,0,24.7811708,83.84988081,0.873,1.559907867
6,17,19.5,-34.29577465,0,0,0,0,28.48752742,0,24.13691725,86.44832765,0.993,1.559907867
6,17,20,-34.78873239,0,0,0,0,28.15105122,0,23.72419232,87.84749134,1.034,1.559907867
6,17,20.5,-32.04225352,0,0,0,0,27.89374589,0,23.38193262,88.94683423,1.318,1.559907867
6,17,21,-33.73239437,0,0,0,0,27.68592236,0,23.07993876,89.54647581,1.477,1.559907867
6,17,21.5,-32.67605634,0,0,0,0,27.47809883,0,22.87860953,90.44593818,1.58,1.559907867
6,17,22,-33.30985915,0,0,0,0,27.30986073,0,22.73767906,91.44534081,1.422,1.559907867
6,17,22.5,-33.73239437,0,0,0,0,27.17131171,0,22.5967486,91.84510187,1.276,1.559907867
6,17,23,-31.90140845,0,0,0,0,27.04265904,0,22.48601752,92.44474344,1.445,1.559907867
6,17,23.5,-32.6056338,0,0,0,0,26.91400638,0,22.42561875,92.64462397,1.564,1.559907867
6,18,0,-25.63380282,0,0,0,0,26.80514644,0,22.08335905,92.74456423,1.617,1.559907867
6,18,0.5,-16.1971831,0,0,0,0,26.74576828,0,22.09342551,93.54408634,1.422,1.559907867
6,18,1,-25.21126761,0,0,0,0,26.68639013,0,22.33502059,93.34420581,0.999,1.559907867
6,18,1.5,-32.04225352,0,0,0,0,26.63690834,0,22.28468828,93.44414608,0.681,1.559907867
6,18,2,-34.50704225,0,0,0,0,26.58742654,0,21.9122292,93.74396687,0.83,1.559907867
6,18,2.5,-32.74647887,0,0,0,0,26.52804839,0,21.53977011,93.94384739,0.429,1.559907867
6,18,3,-22.53521127,0,0,0,0,26.45877388,0,21.2780421,94.24366818,0.217,1.559907867
6,18,3.5,-30.70422535,0,0,0,0,26.37960301,0,21.24784272,94.64342923,1.097,1.559907867
6,18,4,-30.56338028,0,0,0,0,26.29053578,0,21.39883965,94.64342923,0.279,1.559907867
6,18,4.5,-32.46478873,0,0,0,0,26.23115763,0,21.29817503,94.64342923,0.289,1.559907867
6,18,5,-34.15492958,0,0,0,0,26.15198676,0,21.06664641,94.54348897,0.847,1.559907867
6,18,5.5,-31.61971831,0,0,0,0,26.09260861,0,20.85525071,94.84330976,1.038,1.559907867
6,18,6,-30.35211268,0.2,0,0,0,26.03323046,0,20.53312393,94.94325002,1.141,1.559907867
6,18,6.5,-22.81690141,10.4,1.6,10.03411599,0.515772317,25.95405959,0,20.62372209,95.14313055,1.202,1.559907867
6,18,7,10.70422535,61.8,11,60.99686302,2.836747746,25.82540692,0,21.18744395,95.34301108,0.858,1.559907867
6,18,7.5,60.14084507,129.4,23.2,135.9886773,6.705040127,25.76602877,0,21.75116581,95.44295134,0.853,1.559907867
6,18,8,145.7746479,190.4,34,205.6993779,10.05756019,25.78582149,0,22.20415659,94.94325002,1.709,1.559907867
6,18,8.5,302.1830986,366.2,65.2,387.3696885,19.34146191,25.79571785,0,22.78801137,94.04378766,1.695,1.559907867
6,18,9,297.2535211,440.8,75.8,484.0140689,23.46764044,26.06291953,0,23.60339478,91.14552002,1.755,1.559907867
6,18,9.5,358.6619718,514.8,86,564.5510525,27.07804667,26.69628649,0,24.42884464,87.9474316,1.545,1.559907867
6,18,10,420.1408451,576.8,94.4,632.1493076,30.17268057,27.37913524,0,25.32475974,84.84928344,1.239,1.559907867
6,18,10.5,465.3521127,627.6,101.2,686.8088342,33.00942832,28.06198399,0,26.28107361,79.93222249,1.444,1.559907867
6,18,11,498.7323944,664.6,106.2,728.2655766,35.33040375,28.84379633,0,27.22732102,74.17566333,1.909,1.480681097
6,18,11.5,520.5633803,686,109.4,752.5586996,36.8777207,29.51674872,0,27.92190688,69.73831565,2.312,1.480681097
6,18,12,522.8169014,693.4,110.6,761.5365928,37.90926533,30.69441541,0,28.60642628,66.06051396,2.585,1.480681097
6,18,12.5,517.8873239,684.8,109.6,753.3508666,37.90926533,31.34757508,0,29.3110786,61.56320212,2.91,1.480681097
6,18,13,494.084507,660.6,106,728.5296323,36.61983454,31.80280759,0,30.00566447,58.39509578,2.601,1.480681097
6,18,13.5,460.2112676,615,100.6,677.0387739,35.07251759,32.04032019,0,30.49892109,57.21580067,3.423,1.480681097
6,18,14,411.4084507,562.4,93.8,632.1493076,32.493656,32.1590765,0,30.60965217,55.75667283,4.128,1.480681097
6,18,14.5,352.7464789,504.8,84.6,563.4948298,29.14113594,32.20855829,0,30.81098141,52.97833351,4.142,1.480681097
6,18,15,295.7042254,424.8,73.2,478.4688995,25.0149574,32.11949106,0,30.99217772,53.92776601,3.628,1.480681097
6,18,15.5,223.028169,338.8,61.4,384.7291317,20.37300654,31.92156389,0,30.94184541,54.36750317,3.767,1.480681097
6,18,16,152.1126761,255.2,49.6,288.348807,15.47316952,31.58508769,0,30.78078202,54.1876107,3.739,1.480681097
6,18,16.5,31.33802817,102.8,19.8,125.4264499,7.220812445,31.43664231,0,30.15666139,56.0864757,3.135,1.480681097
6,18,17,28.5915493,82.6,15.4,88.19459848,4.899837016,31.11006248,0,29.44194261,60.37391299,2.556,1.480681097
6,18,17.5,-24.29577465,10,1.8,11.09033873,0.515772317,30.793379,0,28.71715736,64.68133833,1.528,1.480681097
6,18,18,-24.36619718,0.2,0,0,0,30.72410449,0,27.6803118,70.46787957,1.748,1.480681097
6,18,18.5,-23.73239437,0,0,0,0,30.32825014,0,26.84479547,76.23443276,2.26,1.480681097
6,18,19,-24.85915493,0,0,0,0,29.86312128,0,26.18040899,76.20445068,2.791,1.480681097
6,18,19.5,-23.16901408,0,0,0,0,29.41778514,0,26.19047545,74.93520933,2.672,1.480681097
6,18,20,-31.83098592,0,0,0,0,29.08130894,0,26.04954499,76.05454028,3.075,1.480681097
6,18,20.5,-41.33802817,0,0,0,0,28.85369269,0,25.62675359,77.95340528,2.991,1.480681097
6,18,21,-36.05633803,0,0,0,0,28.66566187,0,25.44555728,78.69296323,2.424,1.480681097
6,18,21.5,-31.1971831,0,0,0,0,28.50732013,0,25.15362989,79.28261078,1.167,1.480681097
6,18,22,-32.88732394,0,0,0,0,28.36877111,0,24.97243358,81.95101581,2.362,1.480681097
6,18,22.5,-39.85915493,0,0,0,0,28.21042937,0,24.67043972,83.65000028,1.777,1.480681097
6,18,23,-45.42253521,0,0,0,0,28.10156943,0,24.22751541,85.74874581,2.68,1.480681097
6,18,23.5,-45.49295775,0,0,0,0,27.97291676,0,23.82485693,87.24784976,2.379,1.480681097
6,19,0,-40.49295775,0,0,0,0,27.87395318,0,23.38193262,88.74695371,2.194,1.480681097
6,19,0.5,-42.46478873,0,0,0,0,27.75519687,0,23.25106861,90.44593818,2.441,1.480681097
6,19,1,-43.87323944,0,0,0,0,27.62654421,0,22.98934061,91.7451616,2.412,1.480681097
6,19,1.5,-20.14084507,0,0,0,0,27.52758062,0,22.82827722,92.74456423,2.219,1.480681097
6,19,2,-14.92957746,0,0,0,0,27.44840975,0,22.8584766,93.24426555,3.016,1.480681097
6,19,2.5,-24.85915493,0,0,0,0,27.37913524,0,22.83834368,93.34420581,3.317,1.480681097
6,19,3,-21.61971831,0,0,0,0,27.33954981,0,22.7276126,93.44414608,2.786,1.480681097
6,19,3.5,-7.323943662,0,0,0,0,27.32965345,0,22.7276126,93.44414608,2.41,1.480681097
6,19,4,-8.732394366,0,0,0,0,27.30986073,0,22.73767906,93.14432529,3.256,1.480681097
6,19,4.5,-10.49295775,0,0,0,0,27.26037894,0,22.67728029,92.24486292,3.463,1.480681097
6,19,5,-15.84507042,0,0,0,0,27.2207935,0,22.68734675,92.34480318,2.948,1.480681097
6,19,5.5,-9.929577465,0,0,0,0,27.20100078,0,22.65714737,92.64462397,2.964,1.480681097
6,19,6,-9.436619718,0,0,0,0,27.17131171,0,22.61688152,92.64462397,2.974,1.480681097
6,19,6.5,-9.929577465,2.8,0.2,4.753002313,0,27.13172627,0,22.5162169,92.34480318,2.952,1.480681097
6,19,7,4.788732394,27.6,5,33.27101619,1.547316952,27.1020372,0,22.37528644,91.84510187,2.726,1.480681097
6,19,7.5,32.32394366,56.2,9.8,64.6936426,3.094633905,27.0525554,0,22.45581813,91.34540055,3.078,1.480681097
6,19,8,63.66197183,96.2,16.8,109.0549975,5.415609333,27.03276269,0,22.58668214,89.64641608,3.443,1.480681097
6,19,8.5,95.77464789,139.6,24.6,155.2647422,7.994470921,27.0525554,0,22.79807783,87.1479095,4.114,1.480681097
6,19,9,131.1267606,185.8,32.8,205.9634336,10.57333251,27.11193356,0,23.02960645,85.2490445,3.966,1.480681097
6,19,9.5,169.8591549,239.2,42,266.1681295,13.1521941,27.19110442,0,23.32153385,82.35077686,3.661,1.480681097
6,19,10,312.1830986,447.2,75.2,490.615461,24.24129892,27.30986073,0,23.99598678,78.62300505,4.122,1.480681097
6,19,10.5,368.0985915,506,84.4,543.9547092,27.07804667,27.62654421,0,24.62010741,75.88464183,4.147,1.480681097
6,19,11,363.3098592,492.8,81.6,530.4878693,26.30438819,28.14115486,0,24.96236712,74.07572307,3.364,1.480681097
6,19,11.5,446.7605634,615.4,100.4,660.9313772,33.00942832,28.70524731,0,25.60662067,70.58780789,3.374,1.480681097
6,19,12,516.056338,680.4,110,736.4513029,37.13560686,29.57612687,0,26.08981083,69.22862031,3.328,1.39850159
6,19,12.5,472.1126761,630.2,101.8,692.0899479,35.07251759,30.27876834,0,26.63339977,66.83005399,3.365,1.39850159
6,19,13,398.943662,541.2,87.8,598.6142358,30.43056673,30.80327536,0,27.2575204,65.49085446,3.095,1.39850159
6,19,13.5,479.9295775,625.2,104,675.1903841,35.07251759,31.07047704,0,27.50918195,64.49145183,3.15,1.39850159
6,19,14,401.971831,544,91.8,602.0469597,31.20422521,31.35747144,0,27.77090995,63.32215075,3.23,1.39850159
6,19,14.5,332.8873239,473.6,80,524.4145885,27.33593283,31.67415492,0,28.14336904,62.22280786,2.708,1.39850159
6,19,15,189.0140845,290,50.4,336.9350529,17.79414495,31.81270394,0,28.01250503,62.65255099,3.174,1.39850159
6,19,15.5,230.0704225,344,63,383.1447976,20.6308927,31.54550226,0,28.32456535,61.87301694,3.422,1.39850159
6,19,16,112.4647887,199.2,38.8,228.9362781,12.63642178,31.15954427,0,28.17356842,62.78247333,3.369,1.39850159
6,19,16.5,66.12676056,144.4,29,163.7145241,9.541787873,31.04078796,0,27.85144165,64.4015056,2.807,1.39850159
6,19,17,4.225352113,64,11.8,74.19964722,4.12617854,30.68451905,0,27.31791917,66.31036462,2.602,1.39850159
6,19,17.5,-41.05633803,8.4,1.4,11.88250578,0.515772317,30.44700644,0,26.49246931,69.85824396,1.674,1.39850159
6,19,18,-41.76056338,0.2,0,0.264055684,0,30.21939019,0,25.4153579,74.62539452,2.203,1.39850159
6,19,18.5,-40.91549296,0,0,0,0,29.79384677,0,24.67043972,78.33317828,1.337,1.39850159
6,19,19,-39.57746479,0,0,0,0,29.33861427,0,23.91545509,82.45071713,2.363,1.39850159
6,19,19.5,-38.38028169,0,0,0,0,28.89327812,0,23.69399293,83.35017949,2.71,1.39850159
6,19,20,-42.67605634,0,0,0,0,28.49742377,0,24.02618617,82.35077686,3.525,1.39850159
6,19,20.5,-47.04225352,0,0,0,0,28.1807403,0,24.21744894,81.55125476,4.063,1.39850159
6,19,21,-47.53521127,0,0,0,0,28.02239856,0,23.99598678,81.95101581,3.847,1.39850159
6,19,21.5,-47.3943662,0,0,0,0,27.95312405,0,23.71412585,83.15029897,3.892,1.39850159
6,19,22,-47.88732394,0,0,0,0,27.87395318,0,23.542996,83.65000028,4.127,1.39850159
6,19,22.5,-47.46478873,0,0,0,0,27.77498959,0,23.17053692,84.54946265,4.314,1.39850159
6,19,23,-47.3943662,0,0,0,0,27.69581872,0,22.81821076,85.64880555,4.196,1.39850159
6,19,23.5,-47.25352113,0,0,0,0,27.61664785,0,22.41555229,87.24784976,3.6,1.39850159
6,20,0,-45.77464789,0,0,0,0,27.52758062,0,22.07329258,88.54707318,2.781,1.39850159
6,20,0.5,-45.70422535,0,0,0,0,27.42861703,0,21.82163104,89.44653555,2.891,1.39850159
6,20,1,-47.04225352,0,0,0,0,27.30986073,0,21.65050119,89.64641608,3.182,1.39850159
6,20,1.5,-49.08450704,0,0,0,0,27.19110442,0,21.45923842,90.24605765,3.17,1.39850159
6,20,2,-48.66197183,0,0,0,0,27.1020372,0,21.16731102,91.34540055,2.933,1.39850159
6,20,2.5,-47.11267606,0,0,0,0,27.04265904,0,20.84518425,92.24486292,2.765,1.39850159
6,20,3,-45.35211268,0,0,0,0,26.94369546,0,20.64385501,92.94444476,3.354,1.39850159
6,20,3.5,-43.5915493,0,0,0,0,26.84473187,0,20.53312393,93.34420581,3.423,1.39850159
6,20,4,-41.83098592,0,0,0,0,26.74576828,0,20.42239285,93.74396687,3.764,1.39850159
6,20,4.5,-45.14084507,0,0,0,0,26.65670105,0,20.29152885,93.94384739,3.338,1.39850159
6,20,5,-44.15492958,0,0,0,0,26.5973229,0,20.08013315,94.14372792,3.104,1.39850159
6,20,5.5,-45.28169014,0,0,0,0,26.52804839,0,19.94926915,94.24366818,2.777,1.39850159
6,20,6,-45.14084507,0.2,0,0,0,26.46867024,0,19.61707591,94.44354871,2.614,1.39850159
6,20,6.5,-20.70422535,7,1.2,7.657614838,0.257886159,26.41918845,0,19.46607898,95.04319029,2.714,1.39850159
6,20,7,3.309859155,24.2,4.4,26.93367977,1.547316952,26.33012122,0,19.84860453,94.34360844,3.129,1.39850159
6,20,7.5,-22.88732394,29.8,5.4,33.79912756,1.805203111,26.27074306,0,19.92913623,93.74396687,2.596,1.39850159
6,20,8,22.3943662,36.4,6.4,41.98485377,1.805203111,26.29053578,0,20.03986731,93.6440266,2.135,1.39850159
6,20,8.5,44.85915493,64.8,11.2,73.67153585,3.610406222,26.34991393,0,20.15059838,93.44414608,2.182,1.39850159
6,20,9,72.25352113,100.2,17.2,112.4877214,5.673495492,26.37960301,0,20.30159531,92.24486292,2.623,1.39850159
6,20,9.5,78.16901408,109.2,18.8,122.7858931,6.18926781,26.43898116,0,20.40225993,91.34540055,2.73,1.39850159
6,20,10,87.53521127,121.8,21.2,137.0449,6.962926286,26.54784111,0,20.57338978,90.44593818,1.799,1.39850159
6,20,10.5,143.5915493,194.6,34,214.4132155,10.83121867,26.6468047,0,20.84518425,89.0467745,1.694,1.39850159
6,20,11,203.5915493,267.4,46,294.158032,14.18373873,26.72597557,0,21.44917195,86.84808871,1.855,1.39850159
6,20,11.5,319.4366197,421.4,70.8,453.9117209,22.17820965,26.92390274,0,21.93236212,84.94922371,2.674,1.39850159
6,20,12,273.8028169,362.4,61,396.6116375,19.34146191,27.27027529,0,22.40548582,82.75053792,2.678,1.39850159
6,20,12.5,384.2957746,493.8,82.2,537.3533171,26.56227435,27.8442641,0,22.99940707,80.25203134,2.428,1.39850159
6,20,13,411.1971831,541,89.6,589.3722868,29.65690825,28.36877111,0,23.45239785,77.94341126,2.695,1.39850159
6,20,13.5,376.056338,494.8,82.4,540.5219853,27.85170514,28.88338176,0,23.93558801,75.89463586,2.786,1.39850159
6,20,14,344.8591549,464,77.8,515.700751,26.56227435,29.31882155,0,24.56977511,73.77590228,2.188,1.39850159
6,20,14.5,319.1549296,437.2,74.4,491.9357394,25.78861587,29.73446861,0,24.79123727,73.08631447,2.646,1.39850159
6,20,15,291.5492958,405.8,70.8,454.4398323,23.98341276,29.8334322,0,25.3348262,70.99756297,2.204,1.39850159
6,20,15.5,208.0985915,309.2,56.2,351.4581155,18.82568959,29.8334322,0,25.61668713,69.7183276,2.152,1.39850159
6,20,16,139.3661972,233.2,46.2,265.9040739,14.69951105,29.96208486,0,25.59655421,70.18804683,2.248,1.39850159
6,20,16.5,62.25352113,139.6,28.2,160.0177445,9.541787873,29.78395041,0,25.42542436,71.19744349,2.668,1.39850159
6,20,17,-1.901408451,56.4,10,66.01392102,3.610406222,29.67509046,0,24.80130373,73.85585449,2.325,1.39850159
6,20,17.5,-39.29577465,12,2.4,14.25900694,0.773658476,29.36830334,0,24.29798064,76.35436107,1.673,1.39850159
6,20,18,-43.16901408,0.6,0.2,0.264055684,0,29.10110166,0,23.53292954,79.66238378,1.416,1.39850159
6,20,18.5,-42.53521127,0,0,0,0,28.70524731,0,22.53634983,81.95101581,0.918,1.39850159
6,20,19,-41.69014085,0,0,0,0,28.24011845,0,22.19409013,83.84988081,0.638,1.39850159
6,20,19.5,-39.15492958,0,0,0,0,27.8442641,0,21.65050119,86.44832765,1.452,1.39850159
6,20,20,-37.81690141,0,0,0,0,27.53747698,0,21.13711164,88.34719265,1.925,1.39850159
6,20,20.5,-38.45070423,0,0,0,0,27.26037894,0,20.98611471,88.94683423,1.663,1.39850159
6,20,21,-37.18309859,0,0,0,0,27.06245176,0,20.66398794,88.94683423,1.159,1.39850159
6,20,21.5,-36.83098592,0,0,0,0,26.91400638,0,20.49285809,89.54647581,1.369,1.39850159
6,20,22,-37.46478873,0,0,0,0,26.765561,0,20.26132946,90.34599792,1.504,1.39850159
6,20,22.5,-37.81690141,0,0,0,0,26.62701198,0,20.02980084,90.74575897,1.06,1.39850159
6,20,23,-39.15492958,0,0,0,0,26.49835931,0,19.97946853,91.14552002,0.508,1.39850159
6,20,23.5,-40.49295775,0,0,0,0,26.38949937,0,19.50634483,91.44534081,0.64,1.39850159
6,21,0,-38.45070423,0,0,0,0,26.28063942,0,19.17415159,91.7451616,0.317,1.39850159
6,21,0.5,-37.95774648,0,0,0,0,26.18167584,0,19.06342051,92.44474344,0,1.39850159
6,21,1,-39.08450704,0,0,0,0,26.07281589,0,18.83189189,93.04438502,0.216,1.39850159
6,21,1.5,-37.74647887,0,0,0,0,25.9738523,0,18.6708285,93.34420581,0.929,1.39850159
6,21,2,-37.3943662,0,0,0,0,25.86499236,0,18.60036327,93.44414608,0.694,1.39850159
6,21,2.5,-35.42253521,0,0,0,0,25.76602877,0,18.39903404,93.14432529,0.172,1.39850159
6,21,3,-35,0,0,0,0,25.6868579,0,18.30843588,93.84390713,0.651,1.39850159
6,21,3.5,-36.12676056,0,0,0,0,25.60768703,0,18.22790418,93.84390713,0.289,1.39850159
6,21,4,-36.61971831,0,0,0,0,25.5186198,0,18.09704018,93.94384739,0.698,1.39850159
6,21,4.5,-35.98591549,0,0,0,0,25.44934529,0,17.9863091,94.14372792,0.775,1.39850159
6,21,5,-36.97183099,0,0,0,0,25.36027806,0,17.89571095,94.24366818,0.466,1.39850159
6,21,5.5,-35.56338028,0,0,0,0,25.28110719,0,17.70444817,94.64342923,0.041,1.39850159
6,21,6,-36.33802817,0.4,0,0.264055684,0,25.21183268,0,17.63398294,94.7433695,0.306,1.39850159
6,21,6.5,-29.36619718,8.8,1.4,10.56222736,0.515772317,25.15245453,0,17.53331832,94.7433695,0.8,1.39850159
6,21,7,6.971830986,63,11.4,63.37336418,3.094633905,25.0633873,0,18.22790418,95.5428916,1.106,1.39850159
6,21,7.5,59.50704225,157.2,28.4,160.2818002,8.252357079,24.99411279,0,19.25468329,95.5428916,1.23,1.39850159
6,21,8,103.7323944,230,41.2,245.0436748,12.37853562,25.00400915,0,20.120399,95.04319029,0.883,1.39850159
6,21,8.5,153.7323944,273,48.2,290.9893638,14.95739721,24.99411279,0,21.09684579,94.04378766,0.542,1.39850159
6,21,9,221.3380282,353.6,61.4,387.6337442,19.59934806,25.36027806,0,21.8316975,92.94444476,0.927,1.39850159
6,21,9.5,345.915493,494.8,83.4,532.3362591,26.56227435,25.91447415,0,22.56654921,90.64581871,1.317,1.39850159
6,21,10,418.7323944,572.4,93.2,620.2668019,30.68845289,26.62701198,0,23.25106861,88.54707318,1.42,1.39850159
6,21,10.5,474.0140845,635.4,101.4,688.1291127,34.04097295,27.5077879,0,24.37851233,84.54946265,1.669,1.39850159
6,21,11,503.943662,674.6,106.8,729.5858551,36.36194838,28.1807403,0,25.35495912,80.05215081,1.387,1.39850159
6,21,11.5,523.943662,691.2,109.2,748.86192,37.90926533,28.69535095,0,26.28107361,74.43550802,1.412,1.39850159
6,21,12,538.8028169,700.4,110.6,760.2163144,38.68292381,29.65529774,0,27.69037826,69.04872783,1.54,1.313181257
6,21,12.5,518.3098592,682,108.2,743.844862,38.42503765,30.26887198,0,28.86815429,65.06111133,1.44,1.313181257
6,21,13,500.9859155,663,105.6,721.4001289,37.65137918,30.85275715,0,29.99559801,61.12346496,1.538,1.313181257
6,21,13.5,479.9295775,624.8,101.6,679.9433865,36.10406222,31.31788601,0,30.53918694,58.60497033,1.811,1.313181257
6,21,14,416.9014085,557.6,92.4,612.609187,32.493656,31.46633139,0,30.99217772,54.62734786,2.006,1.313181257
6,21,14.5,262.2535211,376.6,63.2,420.9047604,22.17820965,31.58508769,0,31.24383927,53.85780783,1.766,1.313181257
6,21,15,301.1267606,425,73.4,470.0191176,25.53072971,31.44653867,0,32.02902328,52.00891296,1.576,1.313181257
6,21,15.5,224.5070423,332,60,371.2622918,20.37300654,31.18923334,0,32.38134945,50.68970149,0.965,1.313181257
6,21,16,144.2253521,238.4,47,268.8086864,14.95739721,31.37726416,0,32.06928913,51.73907425,1.095,1.313181257
6,21,16.5,67.95774648,145.4,29.2,164.5066912,10.05756019,31.29809329,0,31.68676358,53.69790341,1.566,1.313181257
6,21,17,5.492957746,62,11.4,71.55909038,4.12617854,31.22881878,0,30.92171249,59.5444088,1.744,1.313181257
6,21,17.5,-35.63380282,9,1.6,12.14656147,0.515772317,31.0803734,0,29.79426877,67.13986881,1.737,1.313181257
6,21,18,-41.05633803,0.2,0,0.264055684,0,30.92203166,0,27.7306441,73.77590228,1.688,1.313181257
6,21,18.5,-39.29577465,0,0,0,0,30.31835378,0,26.50253577,78.6429931,2.293,1.313181257
6,21,19,-38.5915493,0,0,0,0,29.62560867,0,25.78781698,80.75173265,2.322,1.313181257
6,21,19.5,-38.5915493,0,0,0,0,29.05161986,0,25.42542436,81.85107555,2.894,1.313181257
6,21,20,-39.71830986,0,0,0,0,28.59638736,0,25.27442743,82.05095607,2.858,1.313181257
6,21,20.5,-38.30985915,0,0,0,0,28.32918568,0,25.05296527,83.45011976,2.552,1.313181257
6,21,21,-36.90140845,0,0,0,0,28.1312585,0,24.83150311,84.64940292,2.502,1.313181257
6,21,21.5,-38.09859155,0,0,0,0,27.95312405,0,24.63017388,85.34898476,1.895,1.313181257
6,21,22,-39.15492958,0,0,0,0,27.79478231,0,24.23758187,87.04796923,2.352,1.313181257
6,21,22.5,-36.69014085,0,0,0,0,27.676026,0,24.01611971,87.9474316,2.103,1.313181257
6,21,23,-34.85915493,0,0,0,0,27.56716606,0,23.52286308,88.84689397,1.872,1.313181257
6,21,23.5,-33.45070423,0,0,0,0,27.46820247,0,23.17053692,88.64701344,0.697,1.313181257
6,22,0,-29.57746479,0,0,0,0,27.34944616,0,22.73767906,89.54647581,0.894,1.313181257
6,22,0.5,-27.95774648,0,0,0,0,27.2207935,0,22.3853529,90.9456395,1.043,1.313181257
6,22,1,-32.3943662,0,0,0,0,27.12182991,0,22.2544889,91.64522134,0.54,1.313181257
6,22,1.5,-30.56338028,0,0,0,0,27.01296997,0,22.11355843,91.84510187,0.473,1.313181257
6,22,2,-27.25352113,0,0,0,0,26.91400638,0,22.01289381,92.34480318,1.507,1.313181257
6,22,2.5,-30.56338028,0,0,0,0,26.83483551,0,21.96256151,92.54468371,1.849,1.313181257
6,22,3,-28.38028169,0,0,0,0,26.74576828,0,22.08335905,92.94444476,1.582,1.313181257
6,22,3.5,-31.83098592,0,0,0,0,26.66659741,0,21.80149812,92.94444476,1.354,1.313181257
6,22,4,-29.43661972,0,0,0,0,26.58742654,0,21.82163104,93.24426555,1.681,1.313181257
6,22,4.5,-31.26760563,0,0,0,0,26.48846296,0,21.81156458,93.34420581,0.925,1.313181257
6,22,5,-34.85915493,0,0,0,0,26.43898116,0,21.36864026,93.44414608,1.375,1.313181257
6,22,5.5,-28.09859155,0,0,0,0,26.38949937,0,21.12704518,94.04378766,1.199,1.313181257
6,22,6,-29.57746479,0.2,0,0,0,26.33012122,0,21.0163141,94.24366818,1.001,1.313181257
6,22,6.5,-23.02816901,8.6,1.6,7.921670522,0.257886159,26.23115763,0,21.12704518,94.04378766,1.503,1.313181257
6,22,7,-1.76056338,42.6,7.8,43.0410765,2.06308927,26.15198676,0,21.13711164,94.34360844,0.781,1.313181257
6,22,7.5,33.5915493,90.2,15.4,95.06004626,4.641950857,26.11240133,0,21.84176396,94.54348897,1.252,1.313181257
6,22,8,81.69014085,160.2,28.2,169.2596935,8.510243238,26.06291953,0,22.33502059,93.74396687,1.837,1.313181257
6,22,8.5,147.5352113,278.2,49.2,294.158032,15.21528337,26.00354138,0,23.04973938,91.44534081,2.269,1.313181257
6,22,9,303.6619718,448.2,77.2,476.6205097,24.49918508,26.06291953,0,24.23758187,88.24725239,1.933,1.313181257
6,22,9.5,323.3802817,459.4,76.6,496.6887417,25.0149574,26.23115763,0,25.4153579,80.85167292,2.072,1.313181257
6,22,10,368.7323944,511.4,83,553.1966581,27.85170514,26.75566464,0,27.3883844,69.93819618,2.066,1.313181257
6,22,10.5,480.915493,649.6,103.8,696.3148389,35.07251759,27.48799519,0,29.0493506,59.98414596,2.347,1.313181257
6,22,11,492.4647887,661.4,104.6,710.8379015,36.36194838,28.17084394,0,30.83111433,53.35810651,2.229,1.313181257
6,22,11.5,517.3943662,689.2,108.6,744.3729734,38.42503765,28.86358905,0,31.9988239,47.82141593,3.65,1.313181257
6,22,12,533.5915493,715.8,112.8,775.2674884,40.23024076,30.1204266,0,32.82427377,44.36348283,3.677,1.313181257
6,22,12.5,568.3098592,748.2,118.4,803.2573909,42.03544387,30.93192802,0,33.39806209,41.80501209,3.603,1.313181257
6,22,13,431.4084507,581.2,93.4,635.3179759,33.26731448,31.20902606,0,33.37792916,39.73624864,4.19,1.313181257
6,22,13.5,409.084507,553.8,90.4,601.2547926,31.97788368,31.61477677,0,33.27726455,39.55635617,3.787,1.313181257
6,22,14,265.0704225,379.6,63,418.7923149,21.92032349,31.85228938,0,33.27726455,39.51638006,3.811,1.313181257
6,22,14.5,259.1549296,374.2,62.4,415.6236467,22.17820965,31.6543622,0,33.37792916,40.45581854,3.534,1.313181257
6,22,15,270.9859155,388,66.4,427.2420968,23.20975429,31.4168496,0,33.41819501,40.12601567,2.816,1.313181257
6,22,15.5,183.7323944,288.6,51.6,326.3728255,18.05203111,31.0803734,0,33.78058763,38.4670073,2.873,1.313181257
6,22,16,87.67605634,178.4,33.6,206.4915449,11.8627633,31.04078796,0,33.52892609,39.19657122,2.614,1.313181257
6,22,16.5,26.47887324,98.6,18,113.2798885,6.447153968,31.15954427,0,32.44174822,43.0242833,2.495,1.313181257
6,22,17,-14.64788732,40.4,7.2,45.15352197,2.578861587,31.1991297,0,31.21363988,48.12123672,1.98,1.313181257
6,22,17.5,-35.56338028,7.4,1.4,8.44978189,0.257886159,31.20902606,0,29.603006,60.31394883,1.734,1.313181257
6,22,18,-36.4084507,0,0,0,0,30.98140981,0,27.10652347,70.24801099,1.911,1.313181257
6,22,18.5,-30.14084507,0,0,0,0,30.50638459,0,25.65695298,74.81528102,2.351,1.313181257
6,22,19,-26.05633803,0,0,0,0,29.98187758,0,25.38515851,77.55364423,2.322,1.313181257
6,22,19.5,-28.73239437,0,0,0,0,29.51674872,0,24.91203481,79.04275415,2.282,1.313181257
6,22,20,-28.38028169,0,0,0,0,29.18027253,0,24.72077203,77.44370994,2.305,1.313181257
6,22,20.5,-36.26760563,0,0,0,0,28.87348541,0,25.28449389,77.03395486,3.645,1.313181257
6,22,21,-35.07042254,0,0,0,0,28.61618008,0,25.25429451,77.34376968,3.331,1.313181257
6,22,21.5,-34.50704225,0,0,0,0,28.4677347,0,25.23416158,76.1744686,2.956,1.313181257
6,22,22,-27.04225352,0,0,0,0,28.37866747,0,24.90196834,76.92402057,1.787,1.313181257
6,22,22.5,-30.63380282,0,0,0,0,28.34897839,0,24.4389111,78.4531066,2.405,1.313181257
6,22,23,-31.1971831,0,0,0,0,28.20053301,0,24.42884464,77.68356657,2.583,1.313181257
6,22,23.5,-30.70422535,0,0,0,0,28.03229492,0,24.20738248,77.62360241,2.119,1.313181257
6,23,0,-29.01408451,0,0,0,0,27.93333133,0,24.05638556,78.12330373,1.639,1.313181257
6,23,0.5,-24.57746479,0,0,0,0,27.88384953,0,23.55306247,79.28261078,1.075,1.313181257
6,23,1,-25.42253521,0,0,0,0,27.82447138,0,23.31146738,83.15029897,1.405,1.313181257
6,23,1.5,-24.15492958,0,0,0,0,27.74530051,0,22.90880891,84.94922371,1.253,1.313181257
6,23,2,-26.90140845,0,0,0,0,27.61664785,0,22.74774552,86.0485666,1.035,1.313181257
6,23,2.5,-25.28169014,0,0,0,0,27.51768426,0,22.49608398,87.24784976,0.475,1.313181257
6,23,3,-24.57746479,0,0,0,0,27.43851339,0,22.26455536,88.24725239,0.85,1.313181257
6,23,3.5,-23.94366197,0,0,0,0,27.35934252,0,22.13369136,88.94683423,0.896,1.313181257
6,23,4,-23.94366197,0,0,0,0,27.28017165,0,21.96256151,89.54647581,0.825,1.313181257
6,23,4.5,-23.38028169,0,0,0,0,27.20100078,0,22.01289381,90.04617713,0.595,1.313181257
6,23,5,-24.85915493,0,0,0,0,27.15151899,0,21.96256151,90.54587844,0.125,1.313181257
6,23,5.5,-22.46478873,0,0,0,0,27.08224448,0,21.71089996,90.74575897,0.357,1.313181257
6,23,6,-19.50704225,0,0,0,0,27.03276269,0,21.75116581,91.04557976,0.717,1.313181257
6,23,6.5,-25.28169014,3.4,0.6,4.488946629,0,26.97338453,0,21.77129873,91.14552002,0.724,1.313181257
6,23,7,-16.1971831,23,4.2,28.25395819,1.547316952,26.91400638,0,21.59010242,91.34540055,0.929,1.313181257
6,23,7.5,14.08450704,76.8,14,89.25082121,4.899837016,26.83483551,0,22.00282735,92.04498239,0.98,1.313181257
6,23,8,154.9295775,280,52.2,294.158032,15.98894184,26.65670105,0,23.30140092,90.14611739,1.524,1.313181257
6,23,8.5,121.4084507,209.6,37,233.6892804,12.37853562,26.34001758,0,24.29798064,84.44952239,2.153,1.313181257
6,23,9,215.6338028,333.8,57.8,369.1498463,19.34146191,26.60721926,0,25.32475974,76.80409226,2.725,1.313181257
6,23,9.5,360.0704225,522,87.2,565.8713309,29.65690825,26.87442095,0,27.45884964,64.00174454,3.205,1.313181257
6,23,10,414.084507,582.8,94.8,632.9414747,32.75154216,27.20100078,0,29.66340477,51.70909217,3.636,1.313181257
6,23,10.5,400.9859155,561.4,89.6,617.0981337,31.71999752,27.89374589,0,30.73044972,46.95193564,4.35,1.313181257
6,23,11,493.0985915,677.4,107.2,736.1872472,38.16715149,28.62607644,0,31.49550081,43.28412798,4.457,1.313181257
6,23,11.5,385.3521127,531.6,84.6,582.7708947,30.43056673,29.2594434,0,31.69683005,42.56455809,3.946,1.313181257
6,23,12,524.2957746,698.4,110.6,762.0647042,40.23024076,30.21939019,0,32.31088421,41.43523312,3.555,1.313181257
6,23,12.5,516.4788732,679.2,107.8,745.4291961,39.71446845,30.78348264,0,32.69340976,39.97610527,3.89,1.313181257
6,23,13,496.1267606,653.8,104.2,721.4001289,38.68292381,31.1991297,0,32.894739,39.72625462,4.085,1.313181257
6,23,13.5,471.971831,609.6,99,675.9825512,36.8777207,31.58508769,0,32.96520423,39.70626656,4.292,1.313181257
6,23,14,417.1126761,557,91.8,622.643303,34.04097295,31.89187481,0,33.03566946,38.59692964,3.908,1.224514794
6,23,14.5,357.4647887,495.8,82.6,556.1012706,30.68845289,32.14918014,0,33.17659993,38.90674446,3.493,1.224514794
6,23,15,291.1267606,419.6,72.2,474.2440086,26.56227435,32.1590765,0,33.08600177,38.60692367,3.221,1.224514794
6,23,15.5,224.7183099,335.2,60.4,381.5604635,21.66243733,32.07990563,0,33.27726455,39.00668472,2.645,1.224514794
6,23,16,143.4507042,243.4,48,278.5787467,16.246828,31.8226003,0,33.24706516,39.44642188,2.544,1.224514794
6,23,16.5,66.05633803,151,30.4,173.4845844,10.83121867,31.61477677,0,33.17659993,40.19597385,2.058,1.224514794
6,23,17,5.985915493,67.4,12.2,78.95264953,4.641950857,31.4168496,0,32.59274514,44.24355451,1.496,1.313181257
6,23,17.5,-39.92957746,8.8,1.4,12.67467284,0.773658476,31.57519133,0,30.10632908,57.9853407,1.6,1.313181257
6,23,18,-41.76056338,0.4,0,0.264055684,0,31.80280759,0,27.06625763,67.20982699,1.795,1.224514794
6,23,18.5,-39.64788732,0,0,0,0,31.28819693,0,25.62675359,73.69595007,1.769,1.313181257
6,23,19,-38.16901408,0,0,0,0,30.59545182,0,24.57984157,77.51366812,2.23,1.224514794
6,23,19.5,-39.78873239,0,0,0,0,29.98187758,0,24.19731602,80.3519716,2.392,1.313181257
6,23,20,-36.76056338,0,0,0,0,29.496956,0,23.50273016,81.55125476,2.285,1.313181257
6,23,20.5,-39.29577465,0,0,0,0,29.14068709,0,23.04973938,82.15089634,2.088,1.313181257
6,23,21,-33.52112676,0,0,0,0,28.86358905,0,22.77794491,83.55006002,1.181,1.313181257
6,23,21.5,-41.26760563,0,0,0,0,28.60628372,0,23.00947353,82.2508366,2.845,1.313181257
6,23,22,-40.63380282,0,0,0,0,28.31928932,0,23.47253077,79.61241365,2.234,1.313181257
6,23,22.5,-36.69014085,0,0,0,0,28.20053301,0,23.21080277,79.67237781,1.605,1.313181257
6,23,23,-36.05633803,0,0,0,0,28.12136214,0,22.92894184,81.35137423,1.647,1.313181257
6,23,23.5,-38.02816901,0,0,0,0,28.0125022,0,22.45581813,84.24964186,2.231,1.313181257
6,24,0,-37.11267606,0,0,0,0,27.89374589,0,22.1739572,84.84928344,1.602,1.313181257
6,24,0.5,-39.08450704,0,0,0,0,27.76509323,0,21.97262797,85.54886528,1.301,1.313181257
6,24,1,-50.56338028,0,0,0,0,27.59685513,0,21.94242858,84.34958213,2.726,1.313181257
6,24,1.5,-39.36619718,0,0,0,0,27.36923888,0,22.13369136,80.95161318,2.596,1.313181257
6,24,2,-42.46478873,0,0,0,0,27.23068986,0,22.08335905,80.25203134,2.153,1.313181257
6,24,2.5,-41.12676056,0,0,0,0,27.18120807,0,21.75116581,80.85167292,2.056,1.313181257
6,24,3,-40.35211268,0,0,0,0,27.16141535,0,21.2277098,82.65059765,1.661,1.313181257
6,24,3.5,-39.43661972,0,0,0,0,27.11193356,0,20.70425378,85.2490445,1.483,1.313181257
6,24,4,-41.4084507,0,0,0,0,26.99317725,0,20.00966792,87.24784976,0.904,1.313181257
6,24,4.5,-40.35211268,0,0,0,0,26.86452459,0,19.57681006,88.64701344,0.677,1.313181257
6,24,5,-40.98591549,0,0,0,0,26.70618285,0,19.34528144,89.44653555,0.692,1.313181257
6,24,5.5,-40.98591549,0,0,0,0,26.55773747,0,19.14395221,90.04617713,1.056,1.313181257
6,24,6,-38.8028169,0.2,0,0,0,26.4290848,0,19.0130882,90.54587844,0.831,1.313181257
6,24,6.5,-32.25352113,10,1.4,10.82628305,0.515772317,26.30043214,0,18.82182543,91.24546029,0.465,1.224514794
6,24,7,6.408450704,79,13.2,73.67153585,3.868292381,26.13219404,0,19.57681006,92.04498239,0.181,1.224514794
6,24,7.5,54.29577465,167,32.2,168.9956378,9.799674032,25.91447415,0,22.26455536,92.24486292,0.527,1.224514794
6,24,8,113.8732394,258,48.2,274.6179114,14.95739721,25.65716882,0,23.01953999,87.04796923,1.011,1.224514794
6,24,8.5,206.1267606,352.2,62.6,376.8074612,20.37300654,25.63737611,0,23.65372708,82.55065739,1.073,1.224514794
6,24,9,278.7323944,440.8,75.2,472.6596745,25.0149574,26.01343774,0,25.06303173,74.98517947,1.035,1.224514794
6,24,9.5,345.2816901,518,85.8,554.2528808,28.88324978,26.67649377,0,27.02599178,65.82065733,1.128,1.224514794
6,24,10,405.7746479,581.2,94.2,623.1714144,32.493656,27.40882432,0,28.81782198,51.07946851,2.988,1.224514794
6,24,10.5,444.7887324,633.6,100.8,680.9996092,35.58828991,28.2994966,0,30.53918694,44.89316622,2.87,1.224514794
6,24,11,481.3380282,672.6,106,724.8328528,37.90926533,28.77452182,0,31.58609897,40.47580659,3.706,1.224514794
6,24,11.5,517.6760563,693.8,109.2,750.4462541,39.71446845,29.29902883,0,32.02902328,37.88735377,4.242,1.224514794
6,24,12,514.9295775,698.6,109.8,757.3117019,40.23024076,30.06104845,0,32.65314392,37.50758077,3.53,1.224514794
6,24,12.5,513.3802817,687,108.8,749.3900314,40.23024076,30.73400084,0,32.43168176,38.47700133,4.231,1.224514794
6,24,13,504.0140845,672,107,734.0748017,39.71446845,31.14964791,0,32.63301099,38.24713872,3.222,1.224514794
6,24,13.5,471.5492958,629.4,102.2,688.9212797,37.90926533,31.61477677,0,32.79407438,38.11721638,2.941,1.224514794
6,24,14,428.8732394,584,96.4,641.1272009,35.58828991,32.03042384,0,33.04573592,37.15778985,2.828,1.224514794
6,24,14.5,391.8309859,542.4,90,593.0690664,33.00942832,32.23824737,0,33.16653347,36.99788543,2.725,1.224514794
6,24,15,304.084507,435.8,74.8,484.0140689,27.33593283,32.40648547,0,33.01553654,36.9479153,3.082,1.224514794
6,24,15.5,220.4225352,341.2,61.4,381.5604635,21.92032349,32.34710731,0,33.07593531,36.9878914,2.222,1.224514794
6,24,16,137.1830986,247.6,48.8,278.8428024,16.246828,32.13928378,0,32.73367561,37.8973478,2.22,1.224514794
6,24,16.5,59.57746479,153.6,30.8,173.4845844,10.83121867,32.14918014,0,32.30081775,39.51638006,1.278,1.224514794
6,24,17,-0.211267606,67,12.2,76.84020406,4.641950857,31.83249666,0,32.18002021,43.14421162,0.679,1.224514794
6,24,17.5,-46.05633803,8.4,1.4,11.88250578,0.515772317,31.92156389,0,29.75400292,54.72728812,0.471,1.224514794
6,24,18,-47.3943662,0.4,0,0.264055684,0,32.01063112,0,26.87499485,63.78187596,0.726,1.224514794
6,24,18.5,-44.57746479,0,0,0,0,31.39705688,0,25.29456035,72.76650562,1.06,1.224514794
6,24,19,-42.81690141,0,0,0,0,30.65482997,0,24.00605325,78.62300505,1.245,1.224514794
6,24,19.5,-43.02816901,0,0,0,0,30.01156666,0,23.00947353,80.85167292,1.187,1.224514794
6,24,20,-40.14084507,0,0,0,0,29.51674872,0,22.56654921,82.55065739,0.614,1.224514794
6,24,20.5,-41.26760563,0,0,0,0,29.13079073,0,22.24442244,83.84988081,0.485,1.224514794
6,24,21,-40.14084507,0,0,0,0,28.83389997,0,21.72096642,85.04916397,0.279,1.224514794
6,24,21.5,-39.78873239,0,0,0,0,28.586491,0,21.33844087,86.0485666,1.255,1.224514794
6,24,22,-41.12676056,0,0,0,0,28.35887475,0,21.11697872,84.64940292,2.25,1.224514794
6,24,22.5,-41.54929577,0,0,0,0,28.14115486,0,21.33844087,84.64940292,2.095,1.224514794
6,24,23,-41.33802817,0,0,0,0,27.94322769,0,21.40890611,84.64940292,2.178,1.224514794
6,24,23.5,-46.47887324,0,0,0,0,27.75519687,0,21.37870672,84.34958213,2.628,1.224514794
6,25,0,-58.73239437,0,0,0,0,27.57706241,0,21.53977011,82.85047818,2.585,1.224514794
6,25,0.5,-40.28169014,0,0,0,0,27.43851339,0,21.25790918,83.15029897,1.199,1.224514794
6,25,1,-40.91549296,0,0,0,0,27.3890316,0,20.54319039,85.14910423,1.475,1.224514794
6,25,1.5,-42.25352113,0,0,0,0,27.31975709,0,20.03986731,86.64820818,1.076,1.224514794
6,25,2,-41.54929577,0,0,0,0,27.20100078,0,19.57681006,88.14731213,0.993,1.224514794
6,25,2.5,-39.71830986,0,0,0,0,27.04265904,0,19.42581314,89.24665502,1.441,1.224514794
6,25,3,-41.1971831,0,0,0,0,26.87442095,0,19.18421805,89.94623686,1.708,1.224514794
6,25,3.5,-41.76056338,0,0,0,0,26.75566464,0,18.93255651,90.74575897,1.576,1.224514794
6,25,4,-43.30985915,0,0,0,0,26.63690834,0,18.89229066,91.14552002,1.976,1.224514794
6,25,4.5,-44.43661972,0,0,0,0,26.48846296,0,19.23455036,91.04557976,1.748,1.224514794
6,25,5,-41.90140845,0,0,0,0,26.35981029,0,19.00302174,91.14552002,1.217,1.224514794
6,25,5.5,-41.90140845,0,0,0,0,26.28063942,0,18.45943281,91.7451616,0.838,1.224514794
6,25,6,-41.97183099,0.2,0,0,0,26.20146855,0,18.22790418,92.14492265,0.918,1.224514794
6,25,6.5,-34.08450704,10,1.6,10.82628305,0.515772317,26.10250497,0,18.07690726,92.44474344,0.824,1.224514794
6,25,7,5.281690141,77.6,13,73.93559154,3.610406222,25.93426687,0,19.04328759,93.24426555,0.822,1.224514794
6,25,7.5,58.45070423,170.6,32.4,172.6924174,9.799674032,25.76602877,0,21.02638056,92.54468371,0.308,1.224514794
6,25,8,107.3943662,262.8,48.8,279.6349694,15.21528337,25.50872344,0,22.07329258,89.34659529,1.128,1.224514794
6,25,8.5,213.028169,355.2,63,382.3526305,20.6308927,25.46913801,0,22.69741322,85.64880555,1.127,1.224514794
6,25,9,288.028169,441.4,75.2,475.8283427,25.27284356,25.83530328,0,23.93558801,79.36256299,1.407,1.224514794
6,25,9.5,361.5492958,516.8,85.4,558.2137161,29.3990221,26.34991393,0,25.42542436,68.78888315,2.377,1.224514794
6,25,10,410.9859155,580.2,94,625.0198042,32.75154216,26.9337991,0,27.17698871,60.92358444,2.609,1.224514794
6,25,10.5,451.8309859,631.6,101,677.830941,35.58828991,27.69581872,0,28.63662567,55.8965892,2.376,1.224514794
6,25,11,493.7323944,670.6,106.2,722.984463,38.16715149,28.37866747,0,29.57280661,52.92836338,2.941,1.224514794
6,25,11.5,517.4647887,695.4,109.8,752.8227553,40.23024076,28.97244899,0,30.36805709,50.08006588,3.49,1.224514794
6,25,12,533.4507042,699.6,110.6,761.2725372,41.2617854,30.11053025,0,31.12304172,46.66210888,3.91,1.224514794
6,25,12.5,519.7183099,689.4,109.6,752.5586996,41.00389924,30.78348264,0,31.49550081,44.80321998,3.634,1.224514794
6,25,13,512.9577465,667.6,106.4,731.1701892,39.9723546,31.12985519,0,32.14982083,43.48400851,3.437,1.224514794
6,25,13.5,300.4929577,401.4,65.2,463.9458369,25.27284356,31.52570954,0,31.97869098,44.28353062,3.26,1.224514794
6,25,14,379.4366197,525,86.6,586.2036186,32.493656,32.00073476,0,32.32095068,42.58454614,3.527,1.224514794
6,25,14.5,361.7605634,506.8,84.6,561.9104957,31.46211137,31.71374036,0,32.91487192,41.04546609,2.866,1.224514794
6,25,15,300.2816901,426.4,73.6,475.564287,27.07804667,31.72363672,0,33.00547008,40.54576477,2.809,1.224514794
6,25,15.5,224.6478873,343.6,62.2,384.9931874,22.17820965,31.80280759,0,33.06586885,39.6063263,2.799,1.224514794
6,25,16,143.4507042,251.2,49.8,283.331749,16.76260032,31.71374036,0,32.88467254,40.54576477,2.67,1.224514794
6,25,16.5,63.52112676,156.4,31.6,177.4454197,11.08910483,31.52570954,0,32.79407438,41.63511364,2.055,1.224514794
6,25,17,4.436619718,71,13,82.12131774,4.899837016,31.34757508,0,32.33101714,46.86198941,1.27,1.224514794
6,25,17.5,-43.23943662,9.4,1.6,13.46683989,0.515772317,31.48612411,0,29.87480046,58.45505994,1.355,1.224514794
6,25,18,-45.98591549,0.4,0,0.264055684,0,31.75332579,0,26.65353269,69.59839928,1.35,1.224514794
6,25,18.5,-42.6056338,0,0,0,0,31.22881878,0,24.94223419,73.96578878,1.542,1.224514794
6,25,19,-40.21126761,0,0,0,0,30.47669552,0,24.1771831,76.34436705,1.477,1.224514794
6,25,19.5,-39.08450704,0,0,0,0,29.88291399,0,23.45239785,79.60241963,1.555,1.224514794
6,25,20,-41.90140845,0,0,0,0,29.39799242,0,23.09000522,80.55185213,2.139,1.224514794
6,25,20.5,-38.94366197,0,0,0,0,28.98234535,0,22.97927414,78.97279597,2.47,1.224514794
6,25,21,-37.95774648,0,0,0,0,28.69535095,0,23.00947353,78.40313647,2.201,1.224514794
6,25,21.5,-36.47887324,0,0,0,0,28.48752742,0,22.8584766,80.95161318,1.41,1.224514794
6,25,22,-38.87323944,0,0,0,0,28.31928932,0,21.95249504,83.94982107,1.231,1.224514794
6,25,22.5,-38.73239437,0,0,0,0,28.1312585,0,21.65050119,84.94922371,2.254,1.224514794
6,25,23,-36.83098592,0,0,0,0,27.93333133,0,21.73103288,85.2490445,2.088,1.224514794
6,25,23.5,-40.42253521,0,0,0,0,27.74530051,0,21.74109935,86.14850686,2.551,1.224514794
6,26,0,-41.12676056,0,0,0,0,27.52758062,0,21.90216273,85.14910423,2.336,1.224514794
6,26,0.5,-41.4084507,0,0,0,0,27.37913524,0,21.6203018,84.64940292,1.285,1.224514794
6,26,1,-37.88732394,0,0,0,0,27.31975709,0,21.03644702,86.24844713,1.3,1.224514794
6,26,1.5,-37.3943662,0,0,0,0,27.23068986,0,20.61365563,86.94802897,1.371,1.224514794
6,26,2,-37.3943662,0,0,0,0,27.14162263,0,20.23113008,87.24784976,1.119,1.224514794
6,26,2.5,-37.11267606,0,0,0,0,27.01296997,0,20.03986731,88.94683423,1.181,1.224514794
6,26,3,-37.04225352,0,0,0,0,26.89421366,0,19.83853807,88.94683423,1.384,1.224514794
6,26,3.5,-36.4084507,0,0,0,0,26.78535372,0,19.75800638,90.14611739,1.169,1.224514794
6,26,4,-35.49295775,0,0,0,0,26.68639013,0,19.5667436,91.14552002,1.309,1.224514794
6,26,4.5,-33.94366197,0,0,0,0,26.57753018,0,19.47614545,91.24546029,1.76,1.224514794
6,26,5,-34.57746479,0,0,0,0,26.4785666,0,19.6472753,91.7451616,1.659,1.224514794
6,26,5.5,-35.35211268,0,0,0,0,26.38949937,0,19.68754114,91.94504213,1.556,1.224514794
6,26,6,-33.87323944,0.2,0,0,0,26.32022486,0,19.66740822,91.94504213,1.428,1.224514794
6,26,6.5,-29.64788732,9.8,1.4,10.56222736,0.515772317,26.24105399,0,19.79827222,92.34480318,1.679,1.224514794
6,26,7,8.521126761,77.8,12.8,74.46370291,3.868292381,26.09260861,0,20.79485194,92.44474344,1.247,1.224514794
6,26,7.5,53.52112676,167.8,31.8,173.7486401,10.05756019,25.87488872,0,22.06322612,90.9456395,1.071,1.224514794
6,26,8,105.8450704,257.4,47.6,278.0506353,15.47316952,25.63737611,0,22.52628336,88.44713292,1.605,1.224514794
6,26,8.5,220.7042254,347.6,61.6,378.1277396,20.6308927,25.65716882,0,23.33160031,84.74934318,2.106,1.224514794
6,26,9,291.4788732,432.2,73.6,471.3393961,25.27284356,26.01343774,0,24.74090496,79.95221055,1.803,1.224514794
6,26,9.5,357.5352113,507.2,84,551.8763797,29.3990221,26.56763383,0,26.26094069,73.01635628,1.795,1.224514794
6,26,10,412.7464789,569.6,92.4,618.4184121,32.75154216,27.16141535,0,27.83130872,66.18044228,2.031,1.224514794
6,26,10.5,458.2394366,620.6,99.2,673.60605,35.84617606,27.90364225,0,29.3110786,60.66373975,2.209,1.224514794
6,26,11,499.7887324,665.2,105.4,719.2876834,38.42503765,28.57659464,0,30.55931986,58.37510773,1.554,1.224514794
6,26,11.5,493.0985915,658,104.2,714.0065697,38.42503765,29.41778514,0,31.3143045,55.66672659,1.938,1.224514794
6,26,12,531.4788732,693.6,109.8,754.1430337,41.00389924,30.63503726,0,32.29075129,51.86899659,2.401,1.224514794
6,26,12.5,454.9295775,604.4,96,664.3641011,36.36194838,31.39705688,0,32.60281161,48.56097388,2.679,1.224514794
6,26,13,511.971831,668.8,106.8,730.6420778,40.48812692,31.85228938,0,33.03566946,45.84259872,3.073,1.224514794
6,26,13.5,479.5774648,619.2,100.2,679.4152751,37.90926533,32.04032019,0,33.50879317,43.68388904,2.803,1.224514794
6,26,14,418.2394366,563.4,92.8,622.9073587,35.07251759,32.3273146,0,33.80072056,43.25414591,2.463,1.224514794
6,26,14.5,371.6197183,508.8,84.8,566.3994423,31.97788368,32.50544905,0,34.0523821,42.86437888,2.603,1.224514794
6,26,15,299.3661972,413.2,71.2,464.2098926,26.56227435,32.58461992,0,34.0523821,42.97431317,2.248,1.224514794
6,26,15.5,220.2112676,332,59.8,372.5825702,21.66243733,32.54503449,0,34.27384426,42.87437291,1.589,1.224514794
6,26,16,132.6056338,227.4,44.2,258.246459,15.21528337,32.41638183,0,34.2637778,43.06425941,1.769,1.224514794
6,26,16.5,53.02816901,133.8,26.6,153.9444638,9.799674032,32.22835101,0,34.32417657,44.37347685,0.934,1.224514794
6,26,17,0.070422535,58.8,10.8,68.65447786,4.12617854,32.12938742,0,33.4483944,52.23877557,0.292,1.224514794
6,26,17.5,-36.69014085,10.4,1.8,12.67467284,0.773658476,32.25804009,0,31.15324111,64.05171467,0.954,1.224514794
6,26,18,-40.98591549,0.4,0,0.264055684,0,32.23824737,0,28.20376781,71.50725831,0.95,1.224514794
6,26,18.5,-38.30985915,0,0,0,0,31.67415492,0,26.71393147,77.97339334,1.117,1.224514794
6,26,19,-38.38028169,0,0,0,0,30.96161709,0,25.56635482,80.55185213,1.383,1.224514794
6,26,19.5,-38.02816901,0,0,0,0,30.35793921,0,24.73083849,82.15089634,1.831,1.224514794
6,26,20,-36.69014085,0,0,0,0,29.90270671,0,24.34831295,82.35077686,2.254,1.224514794
6,26,20.5,-37.67605634,0,0,0,0,29.50685236,0,24.74090496,81.1514937,3.145,1.224514794
6,26,21,-34.92957746,0,0,0,0,29.20006524,0,24.56977511,80.85167292,2.71,1.224514794
6,26,21.5,-33.73239437,0,0,0,0,28.99224171,0,24.12685079,81.95101581,1.95,1.224514794
6,26,22,-33.8028169,0,0,0,0,28.81410725,0,23.68392647,83.35017949,1.373,1.224514794
6,26,22.5,-35.91549296,0,0,0,0,28.66566187,0,23.27120154,85.04916397,0.857,1.224514794
6,26,23,-37.81690141,0,0,0,0,28.53700921,0,22.86854307,85.64880555,1.87,1.224514794
6,26,23.5,-37.53521127,0,0,0,0,28.42814926,0,22.42561875,86.74814844,1.357,1.224514794
6,27,0,-37.11267606,0,0,0,0,28.26980752,0,21.96256151,87.84749134,1.034,1.224514794
6,27,0.5,-36.76056338,0,0,0,0,28.12136214,0,21.65050119,88.64701344,1.866,1.224514794
6,27,1,-35.63380282,0,0,0,0,27.94322769,0,21.52970365,88.24725239,2.193,1.224514794
6,27,1.5,-37.25352113,0,0,0,0,27.79478231,0,21.42903903,88.14731213,1.367,1.224514794
6,27,2,-36.05633803,0,0,0,0,27.676026,0,20.90558302,89.24665502,0.185,1.224514794
6,27,2.5,-35.35211268,0,0,0,0,27.54737334,0,20.56332332,89.8462966,0.713,1.224514794
6,27,3,-35.28169014,0,0,0,0,27.41872068,0,20.4626587,90.34599792,1.06,1.224514794
6,27,3.5,-35.77464789,0,0,0,0,27.30986073,0,20.36199408,91.14552002,2.031,1.224514794
6,27,4,-39.43661972,0,0,0,0,27.18120807,0,21.38877318,91.64522134,2.14,1.224514794
6,27,4.5,-38.5915493,0,0,0,0,27.0525554,0,21.43910549,91.14552002,1.866,1.224514794
6,27,5,-39.78873239,0,0,0,0,26.98328089,0,21.30824149,91.04557976,2.182,1.224514794
6,27,5.5,-37.81690141,0,0,0,0,26.9337991,0,21.04651348,90.64581871,1.981,1.224514794
6,27,6,-36.12676056,0.2,0,0,0,26.90411002,0,21.0163141,90.84569923,2.015,1.224514794
6,27,6.5,-31.1971831,9.2,1.4,10.29817168,0.515772317,26.83483551,0,20.64385501,91.64522134,1.79,1.224514794
6,27,7,8.028169014,73.8,12.4,73.14342449,3.868292381,26.70618285,0,21.18744395,92.14492265,1.327,1.224514794
6,27,7.5,58.45070423,165.8,31.4,170.0518605,9.799674032,26.46867024,0,22.40548582,91.34540055,1.202,1.224514794
6,27,8,91.61971831,253.6,47.2,271.7132989,14.95739721,26.23115763,0,23.34166677,89.44653555,1.386,1.224514794
6,27,8.5,215.4225352,343,61,370.7341804,20.37300654,26.24105399,0,24.01611971,85.94862634,2.125,1.224514794
6,27,9,287.4647887,428.4,73,464.4739483,25.0149574,26.54784111,0,25.06303173,79.95221055,2.015,1.224514794
6,27,9.5,350.915493,502.4,83,544.2187649,29.14113594,27.0525554,0,26.61326685,72.96638615,1.489,1.224514794
6,27,10,413.3802817,567,91.6,614.7216325,32.75154216,27.59685513,0,28.29436596,64.50144586,1.79,1.224514794
6,27,10.5,461.056338,615.4,98,668.3249364,35.84617606,28.19063665,0,29.64327184,56.94596196,2.642,1.224514794
6,27,11,489.7183099,652,103,707.933289,38.16715149,28.93286356,0,30.82104787,53.50801691,2.382,1.224514794
6,27,11.5,517.5352113,676,106.6,737.7715813,39.9723546,29.56623052,0,31.72702943,49.92016146,3.055,1.224514794
6,27,12,532.9577465,693,109.4,758.3679246,41.51967156,30.63503726,0,32.50214699,47.93135022,3.18,1.224514794
6,27,12.5,445.6338028,601.2,95.6,664.1000454,36.36194838,31.27830057,0,32.67327684,46.64212083,3.466,1.224514794
6,27,13,523.4507042,685.4,109.4,749.1259757,41.77755771,31.74342943,0,33.09606823,45.53278391,3.023,1.224514794
6,27,13.5,489.2957746,629.8,102.6,692.882115,39.19869613,32.03042384,0,33.4987267,44.36348283,3.133,1.224514794
6,27,14,415.915493,552.4,91.2,608.9124074,34.55674527,32.42627818,0,33.72018886,42.02488067,2.901,1.224514794
6,27,14.5,237.1830986,352.2,58.6,401.6286955,22.69398197,32.76275438,0,33.39806209,42.70447446,2.177,1.224514794
6,27,15,324.5774648,449.8,77.6,495.8965747,28.62536362,32.86171797,0,33.91145164,40.81560348,2.25,1.224514794
6,27,15.5,236.4084507,345.6,61.8,383.6729089,22.43609581,32.45596726,0,34.06244856,39.86617098,1.99,1.224514794
6,27,16,-5.352112676,48.2,7.6,79.21670522,4.12617854,32.59451628,0,32.93500484,43.13421759,1.796,1.224514794
6,27,16.5,64.22535211,141.8,28.6,160.0177445,10.31544635,32.84192525,0,32.37128299,49.4404482,0.809,1.224514794
6,27,17,7.605633803,68,12.6,78.95264953,4.899837016,32.01063112,0,32.82427377,50.03009575,0.35,1.224514794
6,27,17.5,-37.67605634,9.4,1.6,12.67467284,0.515772317,31.98094204,0,31.1834405,63.00234191,1.037,1.224514794
6,27,18,-40.77464789,0.2,0,0.264055684,0,32.19866193,0,28.05277088,70.33795723,1.977,1.224514794
6,27,18.5,-45.42253521,0,0,0,0,31.57519133,0,27.44878318,68.82885925,4.18,1.224514794
6,27,19,-49.43661972,0,0,0,0,30.82306807,0,26.89512778,76.47428939,3.727,1.224514794
6,27,19.5,-47.74647887,0,0,0,0,30.37773193,0,26.19047545,81.35137423,3.571,1.224514794
6,27,20,-47.88732394,0,0,0,0,30.09073753,0,25.26436097,83.65000028,4.338,1.224514794
6,27,20.5,-45.70422535,0,0,0,0,29.86312128,0,24.53957572,84.84928344,3.554,1.224514794
6,27,21,-44.64788732,0,0,0,0,29.65529774,0,23.90538863,85.94862634,3.838,1.224514794
6,27,21.5,-39.71830986,0,0,0,0,29.46726693,0,23.35173323,86.94802897,4.145,1.224514794
6,27,22,-26.12676056,0,0,0,0,29.24954704,0,22.61688152,86.64820818,4.702,1.224514794
6,27,22.5,-8.943661972,0,0,0,0,29.0912053,0,22.20415659,86.54826792,3.809,1.224514794
6,27,23,-9.295774648,0,0,0,0,28.96255263,0,21.34850734,85.54886528,5.199,1.224514794
6,27,23.5,-10.21126761,0,0,0,0,28.86358905,0,20.73445317,85.04916397,4.83,1.224514794
6,28,0,-10.35211268,0,0,0,0,28.71514367,0,20.251263,84.94922371,5.076,1.224514794
6,28,0.5,-9.154929577,0,0,0,0,28.57659464,0,19.67747468,84.74934318,4.951,1.224514794
6,28,1,-11.26760563,0,0,0,0,28.41825291,0,19.34528144,86.14850686,5.066,1.224514794
6,28,1.5,-18.09859155,0,0,0,0,28.25991117,0,18.87215774,88.24725239,5.351,1.224514794
6,28,2,-27.18309859,0,0,0,0,28.14115486,0,18.51983158,90.84569923,4.182,1.224514794
6,28,2.5,-20.14084507,0,0,0,0,28.02239856,0,18.27823649,92.54468371,3.968,1.224514794
6,28,3,-18.52112676,0.6,0,0,0,27.8442641,0,18.16750541,93.34420581,3.484,1.224514794
6,28,3.5,-23.16901408,0.6,0,0,0,27.676026,0,18.08697372,93.54408634,3.997,1.224514794
6,28,4,-18.38028169,0.6,0,0,0,27.52758062,0,18.0668408,94.04378766,3.275,1.224514794
6,28,4.5,-14.78873239,0.6,0,0,0,27.40882432,0.1,17.93597679,94.54348897,3.18,1.224514794
6,28,5,-13.09859155,0,0,0,0,27.32965345,0.1,17.82524571,94.94325002,3.05,1.224514794
6,28,5.5,-12.46478873,0,0,0,0,27.29006801,0,17.63398294,95.34301108,3.354,1.224514794
6,28,6,-12.6056338,0.2,0,0,0,27.20100078,0.1,17.56351771,95.5428916,3.526,1.224514794
6,28,6.5,-16.69014085,2,0.2,2.112445473,0,27.1020372,0,17.54338478,95.44295134,3.986,1.224514794
6,28,7,-8.591549296,8.4,1.4,10.29817168,0.773658476,26.99317725,0.1,17.4326537,95.74277213,3.443,1.224514794
6,28,7.5,-2.746478873,25.2,4.2,29.57423662,1.547316952,26.85462823,0.1,17.31185616,95.74277213,3.992,1.224514794
6,28,8,17.04225352,65,10,75.51992564,3.094633905,26.73587192,0.2,17.18099216,95.84271239,4.581,1.224514794
6,28,8.5,43.87323944,116,17.8,133.8762318,5.673495492,26.6468047,0,16.97966292,95.84271239,4.62,1.224514794
6,28,9,100.6338028,170.8,26.6,195.1371505,8.510243238,26.5973229,0,16.85886538,95.14313055,4.525,1.224514794
6,28,9.5,210.4929577,286.6,46.2,318.9792663,14.18373873,26.49835931,0,17.26152385,94.24366818,4.459,1.224514794
6,28,10,210.6338028,267.6,44.2,297.3267003,13.92585257,26.50825567,0,17.26152385,91.94504213,5.653,1.224514794
6,28,10.5,252.2535211,316,52.6,353.570561,17.02048648,26.69628649,0,17.47291955,89.54647581,5.338,1.224514794
6,28,11,319.6478873,406,67.4,454.1757766,22.69398197,26.75566464,0,17.95610972,86.34838739,4.737,1.224514794
6,28,11.5,350.5633803,458.8,76,512.2680271,26.30438819,26.87442095,0,18.85202482,81.65119502,5.229,1.224514794
6,28,12,323.8028169,423.2,70.2,469.4910063,23.98341276,27.11193356,0,19.67747468,75.75471949,5.161,1.224514794
6,28,12.5,305.1408451,402,66.6,446.2541061,22.69398197,27.40882432,0,20.3317947,71.60719857,4.806,1.224514794
6,28,13,264.2253521,350.4,58.4,390.0102454,19.59934806,27.65623328,0,20.42239285,70.67775412,4.774,1.224514794
6,28,13.5,185.2816901,255,42.6,284.6520274,14.44162489,27.82447138,0,20.30159531,70.87763465,4.656,1.224514794
6,28,14,116.9014085,170,28.6,190.6482039,10.05756019,28.00260584,0,20.02980084,72.50666094,4.492,1.224514794
6,28,14.5,93.45070423,139,23.2,156.8490763,8.252357079,28.04219127,0,19.65734176,73.35615318,5.067,1.224514794
6,28,15,89.57746479,133,22.4,151.0398513,7.994470921,27.90364225,0,19.72780699,72.93640407,4.987,1.224514794
6,28,15.5,97.11267606,140.2,23.4,160.2818002,8.252357079,27.74530051,0,19.62714237,72.36674457,4.702,1.224514794
6,28,16,56.4084507,88.6,14.6,102.9817168,5.415609333,27.63644057,0,19.38554729,72.74651757,4.928,1.224514794
6,28,16.5,22.32394366,46.4,8.2,54.13141523,2.836747746,27.60675149,0,19.0130882,74.3155797,4.751,1.224514794
6,28,17,1.126760563,19.6,3.6,22.97284451,1.289430794,27.5077879,0,18.56009742,75.51486286,4.83,1.224514794
6,28,17.5,-9.718309859,6,1,6.865447786,0.257886159,27.36923888,0,18.23797065,77.30379357,3.924,1.224514794
6,28,18,-14.01408451,0.4,0,0,0,27.19110442,0,17.84537864,78.59302297,4.557,1.224514794
6,28,18.5,-14.36619718,0,0,0,0,27.00307361,0,17.50311894,79.72234794,4.124,1.224514794
6,28,19,-16.33802817,0,0,0,0,26.84473187,0,17.34205555,81.45131449,3.872,1.224514794
6,28,19.5,-28.52112676,0,0,0,0,26.71607921,0,16.828666,84.84928344,3.823,1.224514794
6,28,20,-13.02816901,0,0,0,0,26.60721926,0,16.70786846,85.74874581,3.814,1.224514794
6,28,20.5,-13.52112676,0,0,0,0,26.45877388,0,16.58707091,86.34838739,3.911,1.224514794
6,28,21,-13.52112676,0,0,0,0,26.34001758,0,16.54680507,87.1479095,2.953,1.224514794
6,28,21.5,-13.16901408,0,0,0,0,26.22126127,0,16.37567522,85.54886528,3.381,1.224514794
6,28,22,-13.02816901,0,0,0,0,26.11240133,0,16.30520999,85.14910423,3.412,1.224514794
6,28,22.5,-12.88732394,0,0,0,0,26.03323046,0,16.30520999,85.74874581,2.95,1.224514794
6,28,23,-12.6056338,0,0,0,0,25.96395594,0,16.24481121,86.74814844,2.819,1.224514794
6,28,23.5,-12.04225352,0,0,0,0,25.90457779,0,16.03341552,86.94802897,3.888,1.224514794
6,29,0,-11.61971831,0,0,0,0,25.83530328,0,15.70122228,85.84868607,3.793,1.224514794
6,29,0.5,-10.98591549,0,0,0,0,25.77592513,0,15.54015889,86.64820818,4.192,1.224514794
6,29,1,-11.4084507,0,0,0,0,25.70665062,0,15.3790955,87.24784976,3.045,1.224514794
6,29,1.5,-11.1971831,0,0,0,0,25.63737611,0,15.22809857,87.04796923,3.182,1.224514794
6,29,2,-10.84507042,0,0,0,0,25.5681016,0,15.19789919,87.54767055,3.187,1.224514794
6,29,2.5,-10.77464789,0,0,0,0,25.49882708,0,15.15763334,87.84749134,3.19,1.132277608
6,29,3,-10.84507042,0,0,0,0,25.43944893,0,15.09723457,88.14731213,3.049,1.224514794
6,29,3.5,-10.77464789,0,0,0,0,25.38007078,0,15.07710165,88.34719265,2.697,1.224514794
6,29,4,-11.4084507,0,0,0,0,25.32069263,0,15.02676934,88.94683423,3.355,1.224514794
6,29,4.5,-22.11267606,0,0,0,0,25.27121083,0,14.77510779,90.74575897,3.434,1.132277608
6,29,5,-22.04225352,0,0,0,0,25.25141812,0,14.50331333,92.04498239,3.69,1.132277608
6,29,5.5,-17.88732394,0.2,0,0,0,25.19203996,0,14.31205055,93.04438502,3.554,1.132277608
6,29,6,-19.15492958,0.2,0,0,0,25.10297274,0,14.34224994,93.54408634,2.778,1.132277608
6,29,6.5,-21.83098592,5.6,1,6.073280733,0.515772317,24.99411279,0,14.39258225,93.74396687,2.241,1.132277608
6,29,7,-5.070422535,18.4,3,22.70878883,1.031544635,24.91494192,0,14.55364564,93.74396687,1.96,1.132277608
6,29,7.5,12.53521127,40.2,7,45.68163334,2.320975429,24.84566741,0,14.73484195,93.34420581,2.364,1.132277608
6,29,8,48.8028169,92.6,15.6,105.0941623,5.415609333,24.82587469,0,14.95630411,92.94444476,2.968,1.132277608
6,29,8.5,99.08450704,150.4,25.6,171.6361946,9.026015556,24.81597833,0,15.27843088,91.94504213,3.261,1.132277608
6,29,9,75.42253521,113.8,19.4,129.1232295,6.705040127,24.85556377,0,15.5099595,89.74635634,3.211,1.132277608
6,29,9.5,111.7605634,158,27,178.5016424,9.283901714,25.05349094,0,15.74148813,88.24725239,2.886,1.132277608
6,29,10,88.8028169,139.4,23.8,156.8490763,8.252357079,25.15245453,0,15.98308321,86.34838739,3.271,1.132277608
6,29,10.5,104.9295775,152.6,26,172.164306,8.768129397,25.26131448,0,16.15421306,84.64940292,3.36,1.132277608
6,29,11,100.8450704,144.2,24.4,162.9223571,8.252357079,25.3503817,0,16.28507706,83.84988081,3.353,1.132277608
6,29,11.5,98.09859155,144.4,24.4,162.9223571,8.252357079,25.45924165,0,16.22467829,83.84988081,3.089,1.132277608
6,29,12,137.6056338,194.8,33.4,215.9975496,11.08910483,25.55820524,0,16.55687153,82.55065739,2.463,1.132277608
6,29,12.5,180,243,41,269.0727421,13.41008025,25.64727247,0,17.090394,80.45191186,2.336,1.132277608
6,29,13,163.7323944,227.4,38.4,253.4934567,12.63642178,25.73633969,0,17.32192262,78.94281389,2.264,1.132277608
6,29,13.5,161.971831,220.4,37,245.8358419,12.37853562,25.92437051,0,18.03664141,76.16447457,2.55,1.132277608
6,29,14,97.67605634,144.8,24.4,163.4504684,8.252357079,26.08271225,0,18.26817003,75.43491065,2.716,1.132277608
6,29,14.5,90.77464789,134,22.4,152.096074,7.736584762,26.24105399,0,18.21783772,75.74472547,2.791,1.132277608
6,29,15,57.95774648,92.8,15.6,105.3582179,5.415609333,26.30043214,0,18.03664141,77.49368007,2.879,1.224514794
6,29,15.5,50.49295775,82.2,13.6,94.53193489,4.899837016,26.29053578,0,17.86551156,77.60361436,3.038,1.224514794
6,29,16,37.46478873,64,10.8,74.46370291,3.868292381,26.23115763,0,17.78497987,77.32378162,2.983,1.224514794
6,29,16.5,13.87323944,34.8,6,40.66457535,1.805203111,26.17177948,0,17.75478048,78.09332165,2.455,1.224514794
6,29,17,-0.774647887,15.4,2.8,19.01200925,1.031544635,26.06291953,0,17.67424879,78.62300505,2.345,1.224514794
6,29,17.5,-10.42253521,3.6,0.6,5.017057997,0,25.9738523,0,17.55345125,79.66238378,2.487,1.224514794
6,29,18,-13.94366197,0.2,0,0,0,25.86499236,0,17.40245432,81.1514937,1.943,1.224514794
6,29,18.5,-13.8028169,0,0,0,0,25.75613241,0,17.32192262,82.2508366,1.879,1.224514794
6,29,19,-17.18309859,0,0,0,0,25.65716882,0,17.22125801,82.75053792,2.17,1.224514794
6,29,19.5,-15.91549296,0,0,0,0,25.5681016,0,17.23132447,83.84988081,1.248,1.224514794
6,29,20,-14.43661972,0,0,0,0,25.48893073,0,17.23132447,84.64940292,1.37,1.224514794
6,29,20.5,-14.64788732,0,0,0,0,25.43944893,0,17.22125801,85.14910423,1.073,1.224514794
6,29,21,-14.01408451,0,0,0,0,25.38996714,0,17.25145739,85.54886528,1.175,1.132277608
6,29,21.5,-16.61971831,0,0,0,0,25.33058899,0,17.11052693,85.84868607,1.148,1.132277608
6,29,22,-19.78873239,0,0,0,0,25.29100355,0,17.18099216,86.74814844,1.089,1.132277608
6,29,22.5,-31.90140845,0,0,0,0,25.21183268,0,17.06019462,87.04796923,1.131,1.132277608
6,29,23,-31.26760563,0,0,0,0,25.16235089,0,16.86893184,87.54767055,0.876,1.132277608
6,29,23.5,-21.97183099,0,0,0,0,25.1128691,0,16.62733676,88.74695371,0.296,1.132277608
6,30,0,-15.84507042,0,0,0,0,25.04359458,0,16.57700445,89.14671476,0.24,1.132277608
6,30,0.5,-15.21126761,0,0,0,0,24.97432007,0,16.87899831,89.8462966,0.634,1.132277608
6,30,1,-14.36619718,0,0,0,0,24.93473464,0,16.79846661,89.74635634,0.411,1.132277608
6,30,1.5,-13.73239437,0,0,0,0,24.91494192,0,16.78840015,89.64641608,0.548,1.132277608
6,30,2,-12.88732394,0,0,0,0,24.8951492,0,16.73806784,89.34659529,0.293,1.132277608
6,30,2.5,-12.6056338,0,0,0,0,24.88525284,0,16.80853307,89.8462966,0.627,1.224514794
6,30,3,-12.6056338,0,0,0,0,24.86546013,0,16.89913123,89.94623686,0.511,1.132277608
6,30,3.5,-11.76056338,0,0,0,0,24.85556377,0,16.92933062,90.24605765,0.783,1.224514794
6,30,4,-11.69014085,0,0,0,0,24.82587469,0,16.92933062,90.54587844,0.956,1.224514794
6,30,4.5,-12.25352113,0,0,0,0,24.81597833,0,17.01992877,90.54587844,0.435,1.224514794
6,30,5,-11.12676056,0,0,0,0,24.79618562,0,17.0400617,90.64581871,0.589,1.224514794
6,30,5.5,-11.47887324,0,0,0,0,24.79618562,0,17.05012816,90.84569923,0.896,1.224514794
6,30,6,-10.56338028,0,0,0,0,24.7763929,0,16.95953,90.54587844,1.436,1.224514794
6,30,6.5,-8.38028169,2.8,0.4,3.960835261,0.257886159,24.75660018,0,16.88906477,90.84569923,1.657,1.224514794
6,30,7,3.732394366,16.8,3,20.59634336,1.031544635,24.70711839,0,16.828666,90.84569923,1.929,1.224514794
6,30,7.5,30.84507042,49.6,8.6,58.35630618,2.836747746,24.71701475,0,16.58707091,89.54647581,1.987,1.224514794
6,30,8,58.16901408,84.6,14.4,97.96465879,4.899837016,24.71701475,0,16.68773553,88.64701344,1.996,1.224514794
6,30,8.5,60.07042254,90.2,15.4,101.6614384,5.415609333,24.73680746,0,16.83873246,87.44773029,2.389,1.224514794
6,30,9,96.47887324,136,23.4,152.3601297,7.736584762,24.80608198,0,17.07026108,86.54826792,2.062,1.224514794
6,30,9.5,146.971831,198.8,34,221.5427189,11.08910483,24.92483828,0,17.26152385,85.44892502,1.423,1.224514794
6,30,10,408.8028169,532.8,87.8,576.697614,28.36747746,25.12276545,0,18.16750541,83.55006002,1.696,1.224514794
6,30,10.5,391.8309859,493.2,81,539.2017069,26.04650203,25.01390551,0,18.80169251,79.83228223,2.04,1.224514794
6,30,11,432.3239437,560.4,90.2,612.609187,29.65690825,25.60768703,0,19.75800638,75.95460002,1.736,1.132277608
6,30,11.5,531.1971831,697.2,109.4,764.705261,37.90926533,26.55773747,0,20.3317947,72.93640407,1.492,1.132277608
6,30,12,529.6478873,701.6,110,769.722319,38.68292381,27.88384953,0,21.55990303,69.03873381,1.645,1.132277608
6,30,12.5,524.9295775,692.4,108.6,761.2725372,38.42503765,28.99224171,0,22.44575167,65.66075291,1.368,1.132277608
6,30,13,510.7746479,667.8,105,737.2434699,37.39349302,29.48705965,0,23.44233139,62.85243152,1.636,1.132277608
6,30,13.5,482.3943662,622.2,99.8,689.9775025,35.58828991,29.91260307,0,24.36844587,61.84303486,2.052,1.224514794
6,30,14,429.5070423,570.8,93,631.0930849,33.00942832,30.09073753,0,25.04289881,60.31394883,1.822,1.224514794
6,30,14.5,373.028169,510,84,571.1524446,29.91479441,30.30845742,0,25.35495912,59.49443867,2.063,1.224514794
6,30,15,312.6056338,433.2,73.6,488.2389598,25.78861587,30.42721372,0,25.95894683,58.16523317,1.715,1.224514794
6,30,15.5,235.7746479,347,61.8,394.7632477,21.40455117,30.41731737,0,26.10994376,57.85541836,1.844,1.224514794
6,30,16,153.3098592,254.8,49.8,292.3096423,15.98894184,30.30845742,0,26.17034253,58.15523915,1.929,1.224514794
6,30,16.5,74.08450704,162.2,32.4,186.9514243,11.08910483,30.07094481,0,25.95894683,58.90479112,1.873,1.224514794
6,30,17,5.633802817,75.8,13.8,88.72270985,5.157723175,29.86312128,0,25.11336404,61.94297512,2.308,1.224514794
6,30,17.5,-44.50704225,10.4,1.6,15.31522968,0.773658476,29.65529774,0,24.18724956,66.36033475,2.027,1.224514794
6,30,18,-50.63380282,0.4,0,0.264055684,0,29.43757785,0,22.68734675,73.07632044,1.762,1.224514794
6,30,18.5,-46.4084507,0,0,0,0,28.88338176,0,21.31830795,77.46369799,1.602,1.224514794
6,30,19,-46.61971831,0,0,0,0,28.23022209,0,20.68412086,80.85167292,1.942,1.224514794
6,30,19.5,-44.78873239,0,0,0,0,27.65623328,0,19.95933561,83.55006002,2.163,1.224514794
6,30,20,-46.83098592,0,0,0,0,27.18120807,0,19.94926915,84.24964186,2.874,1.224514794
6,30,20.5,-47.04225352,0,0,0,0,26.73587192,0,19.989535,83.45011976,2.114,1.224514794
6,30,21,-44.57746479,0,0,0,0,26.52804839,0,19.57681006,83.94982107,1.688,1.224514794
6,30,21.5,-43.73239437,0,0,0,0,26.37960301,0,19.00302174,84.84928344,1.048,1.224514794
6,30,22,-43.52112676,0,0,0,0,26.23115763,0,18.38896757,86.94802897,1.343,1.224514794
6,30,22.5,-42.18309859,0,0,0,0,26.05302317,0,18.01650849,88.74695371,2.406,1.224514794
6,30,23,-42.53521127,0,0,0,0,25.82540692,0,18.31850234,88.64701344,2.118,1.224514794
6,30,23.5,-42.46478873,0,0,0,0,25.60768703,0,18.24803711,88.64701344,1.12,1.224514794
7,1,0,-40.42253521,0,0,0,0,25.50872344,0,17.4326537,89.54647581,1.093,1.224514794
7,1,0.5,-39.71830986,0,0,0,0,25.43944893,0,16.89913123,90.24605765,1.169,1.224514794
7,1,1,-40.14084507,0,0,0,0,25.32069263,0,16.79846661,90.74575897,1.221,1.224514794
7,1,1.5,-40.98591549,0,0,0,0,25.18214361,0,16.53673861,91.24546029,1.603,1.224514794
7,1,2,-39.71830986,0,0,0,0,25.0633873,0,16.45620691,91.34540055,1.406,1.224514794
7,1,2.5,-37.67605634,0,0,0,0,24.93473464,0,16.37567522,91.84510187,1.557,1.224514794
7,1,3,-40.07042254,0,0,0,0,24.83577105,0,16.43607399,92.8445045,2.052,1.224514794
7,1,3.5,-40.91549296,0,0,0,0,24.71701475,0,16.52667214,92.64462397,1.688,1.224514794
7,1,4,-40.91549296,0,0,0,0,24.63784388,0,16.39580814,92.34480318,1.254,1.224514794
7,1,4.5,-40.07042254,0,0,0,0,24.55867301,0,16.0636149,92.44474344,1.064,1.224514794
7,1,5,-40.07042254,0,0,0,0,24.45970942,0,15.84215274,92.8445045,0.658,1.132277608
7,1,5.5,-39.22535211,0,0,0,0,24.40033127,0,15.4596272,93.04438502,0.828,1.224514794
7,1,6,-37.3943662,0.4,0,0.264055684,0,24.33105676,0,15.15763334,93.44414608,0.776,1.132277608
7,1,6.5,-31.1971831,8.2,1.2,9.241948942,0.515772317,24.24198953,0,15.09723457,93.6440266,0.98,1.132277608
7,1,7,7.183098592,78.2,12.2,67.33419944,3.352520064,24.09354415,0,16.21461183,94.54348897,1.301,1.132277608
7,1,7.5,56.76056338,169.2,31.4,169.7878049,9.026015556,23.90551333,0,17.65411586,93.6440266,1.672,1.132277608
7,1,8,114.2957746,259.4,47.8,269.8649091,14.18373873,23.71748252,0,18.86209128,93.14432529,1.158,1.132277608
7,1,8.5,170.6338028,351.8,62,377.0715168,19.08357575,23.64820801,0,20.01973438,91.7451616,1.241,1.132277608
7,1,9,284.1549296,436.4,74.2,470.547229,23.46764044,23.99458056,0,20.92571594,89.14671476,1.434,1.132277608
7,1,9.5,356.056338,515.2,84.8,557.1574934,27.59381898,24.58836208,0,21.98269443,86.14850686,1.455,1.132277608
7,1,10,408.2394366,582.2,93.6,628.9806394,31.20422521,25.34048535,0,23.45239785,80.25203134,1.377,1.132277608
7,1,10.5,459.9295775,637,100.6,686.2807229,34.29885911,26.16188312,0,24.87176896,72.28679236,1.517,1.132277608
7,1,11,496.6901408,680.8,105.8,727.7374653,36.36194838,26.83483551,0,26.45220346,64.86123081,1.605,1.132277608
7,1,11.5,518.3098592,701.6,108.8,749.9181427,38.16715149,27.51768426,0,27.91184042,58.13525109,1.705,1.132277608
7,1,12,529.3661972,710,110.2,759.1600917,39.19869613,28.87348541,0,29.1802146,52.5186083,1.932,1.132277608
7,1,12.5,519.3661972,699,109.6,750.7103098,39.19869613,29.76415769,0,30.14659493,48.51100375,1.859,1.132277608
7,1,13,497.7464789,672.4,105.4,718.2314607,37.90926533,30.20949383,0,30.78078202,46.91195954,1.91,1.132277608
7,1,13.5,466.3380282,626.2,100,672.0217159,35.84617606,30.82306807,0,31.2337728,44.36348283,2.352,1.132277608
7,1,14,422.5352113,575.2,93.2,624.2276371,33.52520064,31.25850786,0,31.45523496,42.47461185,2.057,1.132277608
7,1,14.5,358.0985915,516.8,84.4,563.7588855,30.43056673,31.45643503,0,31.89815928,40.39585438,1.857,1.132277608
7,1,15,298.4507042,435.4,73.4,478.7329552,26.30438819,31.43664231,0,32.27061837,39.2665294,1.861,1.132277608
7,1,15.5,222.3239437,347,61.4,384.7291317,21.40455117,31.40695324,0,32.36121652,38.96670862,1.726,1.132277608
7,1,16,142.0422535,251.8,48.6,280.9552478,15.98894184,31.31788601,0,32.40148237,38.35707301,1.287,1.132277608
7,1,16.5,66.1971831,161,31.8,180.8781436,10.83121867,31.09026976,0,32.02902328,40.44582451,1.484,1.132277608
7,1,17,4.154929577,75.2,13.6,85.55404164,5.157723175,31.03089161,0,31.16330757,44.77323791,1.088,1.132277608
7,1,17.5,-41.83098592,11.4,1.8,15.31522968,0.773658476,30.90223894,0,29.92513277,55.16702528,1.479,1.132277608
7,1,18,-45.91549296,0.6,0,0.528111368,0,30.95172074,0,26.03947853,64.49145183,1.76,1.132277608
7,1,18.5,-44.15492958,0,0,0,0,30.30845742,0,24.48924341,72.16686404,2.238,1.132277608
7,1,19,-40.77464789,0,0,0,0,29.52664508,0,23.31146738,74.97518544,2.297,1.224514794
7,1,19.5,-40.14084507,0,0,0,0,28.81410725,0,23.02960645,75.58482105,2.043,1.224514794
7,1,20,-39.71830986,0,0,0,0,28.32918568,0,22.34508705,79.14269441,1.576,1.224514794
7,1,20.5,-37.88732394,0,0,0,0,27.94322769,0,21.92229566,81.45131449,2.038,1.224514794
7,1,21,-37.46478873,0,0,0,0,27.63644057,0,21.47937134,82.45071713,1.941,1.132277608
7,1,21.5,-37.25352113,0,0,0,0,27.3890316,0,21.07671287,83.65000028,1.825,1.132277608
7,1,22,-38.16901408,0,0,0,0,27.17131171,0,20.73445317,84.34958213,1.388,1.132277608
7,1,22.5,-36.90140845,0,0,0,0,26.99317725,0,20.47272516,85.34898476,1.087,1.132277608
7,1,23,-36.12676056,0,0,0,0,26.81504279,0,20.251263,85.74874581,1.408,1.132277608
7,1,23.5,-37.74647887,0,0,0,0,26.66659741,0,19.95933561,87.04796923,0.438,1.132277608
7,2,0,-36.26760563,0,0,0,0,26.49835931,0,19.76807284,88.04737186,1.467,1.132277608
7,2,0.5,-37.04225352,0,0,0,0,26.36970665,0,19.41574667,89.0467745,1.177,1.224514794
7,2,1,-36.83098592,0,0,0,0,26.23115763,0,19.17415159,89.44653555,1.299,1.224514794
7,2,1.5,-37.46478873,0,0,0,0,26.09260861,0,18.96275589,90.24605765,1.836,1.224514794
7,2,2,-37.46478873,0,0,0,0,25.9738523,0,18.69096143,91.24546029,1.368,1.224514794
7,2,2.5,-38.02816901,0,0,0,0,25.855096,0,18.59029681,91.14552002,0.996,1.224514794
7,2,3,-37.46478873,0,0,0,0,25.74623605,0,18.28830296,91.24546029,1.665,1.224514794
7,2,3.5,-36.33802817,0,0,0,0,25.64727247,0,18.39903404,91.94504213,0.867,1.224514794
7,2,4,-37.74647887,0,0,0,0,25.52851616,0,18.03664141,92.04498239,0.853,1.224514794
7,2,4.5,-38.09859155,0,0,0,0,25.42955257,0,17.7749134,92.34480318,0.75,1.224514794
7,2,5,-37.3943662,0,0,0,0,25.33058899,0,17.61385002,92.74456423,0.705,1.224514794
7,2,5.5,-37.81690141,0,0,0,0,25.2316254,0,17.61385002,93.14432529,1.784,1.224514794
7,2,6,-38.16901408,0.2,0,0,0,25.13266181,0,17.91584387,93.34420581,2.354,1.224514794
7,2,6.5,-33.94366197,8.2,1.4,9.241948942,0.515772317,25.02380187,0,18.21783772,92.8445045,1.13,1.224514794
7,2,7,6.971830986,73.6,12,67.07014375,3.352520064,24.8951492,0,18.33863526,93.44414608,1.033,1.132277608
7,2,7.5,56.47887324,169.2,31.4,167.6753594,9.283901714,24.71701475,0,20.02980084,92.54468371,1.764,1.132277608
7,2,8,88.16901408,262.8,48,275.4100785,14.69951105,24.4399167,0,20.61365563,89.94623686,2.234,1.132277608
7,2,8.5,218.5915493,352.4,61.8,377.3355725,19.85723422,24.41022763,0,21.46930488,85.64880555,2.874,1.132277608
7,2,9,294.2253521,439.4,74,471.3393961,24.49918508,24.74670382,0,23.14033753,78.52306478,2.98,1.132277608
7,2,9.5,363.5915493,517,84.4,554.7809922,28.36747746,25.25141812,0,25.11336404,68.24920573,2.948,1.132277608
7,2,10,419.0140845,584,93.2,625.2838599,31.97788368,25.855096,0,27.16692225,59.94416986,2.283,1.132277608
7,2,10.5,471.6197183,637.4,100.2,683.1120547,35.07251759,26.55773747,0,28.61649274,54.31753304,2.53,1.132277608
7,2,11,494.7887324,666.8,104,713.742514,36.8777207,27.29996437,0,29.87480046,50.56977317,2.645,1.132277608
7,2,11.5,505.9859155,679,105.6,724.0406857,37.90926533,28.10156943,0,30.5492534,47.85139801,2.601,1.132277608
7,2,12,531.5492958,707.2,109.8,758.1038689,39.9723546,29.34851062,0,31.28410511,43.60393683,3.154,1.132277608
7,2,12.5,523.4507042,698.8,108.8,749.9181427,39.71446845,30.10063389,0,31.7874282,42.06485677,2.562,1.132277608
7,2,13,508.0985915,675.6,105.4,727.4734096,39.19869613,30.64493362,0,32.33101714,40.3658723,3.068,1.132277608
7,2,13.5,481.4788732,629.2,100.2,682.0558319,37.13560686,31.13975155,0,32.65314392,37.83738364,3.298,1.132277608
7,2,14,425.915493,575.4,92.8,625.5479155,34.55674527,31.5356059,0,32.88467254,37.33768233,2.97,1.132277608
7,2,14.5,370.6338028,512.6,83.6,559.2699388,30.94633905,31.78301487,0,33.08600177,37.53756285,2.929,1.132277608
7,2,15,305.2816901,434.4,73.2,476.8845654,26.82016051,31.8720821,0,33.18666639,37.79740754,2.946,1.132277608
7,2,15.5,229.3661972,344.6,60.8,381.0323521,21.66243733,31.76322215,0,33.11620116,38.30710288,3.253,1.132277608
7,2,16,147.6056338,252.2,48.6,280.4271365,16.246828,31.54550226,0,32.96520423,39.34648162,3.17,1.132277608
7,2,16.5,70.14084507,160.6,31.6,179.2938095,11.08910483,31.27830057,0,32.63301099,41.65510169,2.276,1.132277608
7,2,17,7.323943662,74.6,13.6,84.23376322,5.157723175,31.02099525,0,31.88809282,44.5033992,2.012,1.132277608
7,2,17.5,-39.01408451,12,1.8,15.84334104,0.773658476,30.95172074,0,30.55931986,49.42046014,2.125,1.132277608
7,2,18,-44.92957746,0.6,0,0.264055684,0,31.12985519,0,27.66017887,61.99294525,1.209,1.132277608
7,2,18.5,-45.77464789,0,0,0,0,30.793379,0,24.9925665,72.29678639,1.188,1.132277608
7,2,19,-42.46478873,0,0,0,0,30.10063389,0,23.81479047,75.46489273,0.611,1.132277608
7,2,19.5,-40.07042254,0,0,0,0,29.45737057,0,23.01953999,78.41313049,0.818,1.132277608
7,2,20,-39.71830986,0,0,0,0,28.93286356,0,22.35515351,80.3519716,1.91,1.132277608
7,2,20.5,-37.32394366,0,0,0,0,28.51721649,0,22.14375782,81.85107555,1.603,1.132277608
7,2,21,-35.63380282,0,0,0,0,28.20053301,0,21.7008335,83.65000028,1.82,1.132277608
7,2,21.5,-36.61971831,0,0,0,0,27.93333133,0,21.16731102,84.74934318,1.752,1.132277608
7,2,22,-51.12676056,0,0,0,0,27.65623328,0,21.46930488,83.65000028,2.435,1.132277608
7,2,22.5,-41.33802817,0,0,0,0,27.37913524,0,21.78136519,82.65059765,2.589,1.132277608
7,2,23,-39.85915493,0,0,0,0,27.20100078,0,21.5699695,82.55065739,2.147,1.132277608
7,2,23.5,-37.67605634,0,0,0,0,27.09214084,0,21.3585738,82.45071713,1.305,1.132277608
7,3,0,-37.04225352,0,0,0,0,27.02286633,0,20.71432024,84.54946265,1.217,1.132277608
7,3,0.5,-37.74647887,0,0,0,0,26.92390274,0,20.15059838,86.34838739,1.973,1.132277608
7,3,1,-37.88732394,0,0,0,0,26.78535372,0,19.94926915,87.1479095,1.673,1.132277608
7,3,1.5,-37.53521127,0,0,0,0,26.63690834,0,19.68754114,88.34719265,1.963,1.132277608
7,3,2,-35.49295775,0,0,0,0,26.4785666,0,19.46607898,88.94683423,1.616,1.132277608
7,3,2.5,-39.22535211,0,0,0,0,26.34001758,0,19.21441744,89.34659529,0.363,1.132277608
7,3,3,-39.43661972,0,0,0,0,26.20146855,0,18.92249005,89.64641608,0.924,1.132277608
7,3,3.5,-39.57746479,0,0,0,0,26.11240133,0,18.56009742,90.34599792,0.799,1.132277608
7,3,4,-39.43661972,0,0,0,0,26.00354138,0,18.33863526,90.84569923,1.357,1.132277608
7,3,4.5,-38.38028169,0,0,0,0,25.87488872,0,18.22790418,91.44534081,1.343,1.132277608
7,3,5,-37.81690141,0,0,0,0,25.76602877,0,18.04670787,91.94504213,1.051,1.132277608
7,3,5.5,-39.78873239,0,0,0,0,25.64727247,0,17.92591033,92.04498239,1.501,1.132277608
7,3,6,-40.42253521,0.2,0,0,0,25.54830888,0,17.71451463,92.54468371,1.043,1.132277608
7,3,6.5,-31.97183099,8.2,1.4,9.506004626,0.515772317,25.43944893,0,17.62391648,92.74456423,0.954,1.132277608
7,3,7,5,74.2,12,71.2950347,3.352520064,25.27121083,0,18.39903404,93.54408634,1.014,1.132277608
7,3,7.5,53.23943662,167.2,31.4,167.9394151,9.541787873,25.0633873,0,20.89551656,93.04438502,0.845,1.132277608
7,3,8,105.4929577,258.6,47.6,270.9211318,14.95739721,24.82587469,0,21.85183043,90.34599792,1.069,1.132277608
7,3,8.5,206.1971831,351.2,61.8,372.0544588,20.37300654,24.80608198,0,22.80814429,87.34779002,1.128,1.132277608
7,3,9,280.4225352,437.8,73.8,466.3223381,25.0149574,25.21183268,0,24.0966514,81.55125476,1.137,1.132277608
7,3,9.5,350.7042254,516.2,84.2,550.2920456,29.14113594,25.78582149,0,25.95894683,71.44729415,1.905,1.132277608
7,3,10,409.7887324,579.2,92.4,617.3621893,32.493656,26.38949937,0,27.91184042,60.81365015,1.814,1.132277608
7,3,10.5,455,629.4,99,669.1171034,35.33040375,27.1020372,0,29.89493339,53.01830962,1.651,1.132277608
7,3,11,493.3802817,667.6,104,710.5738458,37.90926533,27.89374589,0,31.07270942,46.89197149,2.344,1.132277608
7,3,11.5,510.6338028,684.2,106.4,728.5296323,39.19869613,28.69535095,0,31.71696297,45.1130348,2.278,1.132277608
7,3,12,518.4507042,695.6,108.2,743.5808063,40.23024076,29.91260307,0,32.46188114,43.08424746,2.325,1.132277608
7,3,12.5,513.6619718,689.2,107.6,740.1480824,40.23024076,30.80327536,0,33.05580239,40.85557959,2.487,1.132277608
7,3,13,496.6901408,665.4,104.2,716.1190152,39.45658229,31.39705688,0,33.25713162,40.08603956,2.043,1.132277608
7,3,13.5,467.1126761,626.6,100,676.7747183,37.65137918,31.89187481,0,33.86111933,39.15659512,2.435,1.132277608
7,3,14,411.6197183,572.4,92.6,621.0589689,35.07251759,32.31741824,0,34.14298026,35.01906822,2.924,1.132277608
7,3,14.5,360.6338028,511.2,83.6,556.3653263,31.20422521,32.43617454,0,34.19331257,33.89973727,3.54,1.132277608
7,3,15,293.4507042,428.4,72.4,466.5863937,26.56227435,32.54503449,0,34.08258149,32.9602988,3.198,1.132277608
7,3,15.5,214.2253521,343.2,60.6,375.4871827,21.66243733,32.48565634,0,34.04231564,32.30069306,3.162,1.132277608
7,3,16,131.7605634,247.2,47.6,270.1289648,15.98894184,32.18876557,0,34.07251503,31.81098577,2.742,1.132277608
7,3,16.5,58.73239437,157,31,172.4283617,10.83121867,31.8226003,0,33.72018886,33.30009569,2.541,1.132277608
7,3,17,3.098591549,74.6,13.6,82.38537343,5.157723175,31.60488041,0,32.77394146,36.84797504,1.928,1.132277608
7,3,17.5,-41.61971831,11.4,1.6,15.57928536,0.773658476,31.56529498,0,31.40490265,47.9613323,1.272,1.132277608
7,3,18,-45.70422535,0.6,0,0.264055684,0,31.76322215,0,27.27765332,61.32334549,1.087,1.132277608
7,3,18.5,-43.66197183,0,0,0,0,31.27830057,0,24.9925665,69.81826786,1.399,1.224514794
7,3,19,-41.76056338,0,0,0,0,30.50638459,0,23.95572094,73.82587241,1.872,1.224514794
7,3,19.5,-39.64788732,0,0,0,0,29.85322492,0,22.99940707,78.24323205,1.574,1.224514794
7,3,20,-45.14084507,0,0,0,0,29.2594434,0,23.46246431,72.47667886,2.917,1.224514794
7,3,20.5,-39.36619718,0,0,0,0,28.67555823,0,24.41877818,70.1380767,3.016,1.224514794
7,3,21,-40.07042254,0,0,0,0,28.36877111,0,24.6503068,72.81647576,2.913,1.132277608
7,3,21.5,-39.50704225,0,0,0,0,28.19063665,0,24.24764833,74.73532881,2.596,1.132277608
7,3,22,-43.30985915,0,0,0,0,27.99270948,0,24.15705017,74.47548412,2.941,1.224514794
7,3,22.5,-42.95774648,0,0,0,0,27.82447138,0,23.61346124,74.64538257,3.097,1.132277608
7,3,23,-40.35211268,0,0,0,0,27.7255078,0,23.31146738,74.6553766,2.783,1.132277608
7,3,23.5,-38.8028169,0,0,0,0,27.64633693,0,22.95914122,75.89463586,2.546,1.132277608
7,4,0,-37.81690141,0,0,0,0,27.5572697,0,22.16389074,78.52306478,2.814,1.132277608
7,4,0.5,-36.76056338,0,0,0,0,27.39892796,0,22.12362489,77.70355462,2.281,1.132277608
7,4,1,-34.43661972,0,0,0,0,27.26037894,0,21.53977011,78.96280194,2.068,1.132277608
7,4,1.5,-36.61971831,0,0,0,0,27.14162263,0,21.43910549,79.87225834,1.628,1.132277608
7,4,2,-38.52112676,0,0,0,0,27.00307361,0,20.99618117,82.15089634,1.618,1.132277608
7,4,2.5,-39.57746479,0,0,0,0,26.86452459,0,20.57338978,84.84928344,1.24,1.132277608
7,4,3,-38.8028169,0,0,0,0,26.73587192,0,20.00966792,86.54826792,0.514,1.132277608
7,4,3.5,-40,0,0,0,0,26.5973229,0,19.54661068,87.64761081,0.079,1.132277608
7,4,4,-38.45070423,0,0,0,0,26.45877388,0,19.25468329,88.64701344,1.453,1.132277608
7,4,4.5,-39.78873239,0,0,0,0,26.3103285,0,18.86209128,89.54647581,0.938,1.132277608
7,4,5,-37.3943662,0,0,0,0,26.18167584,0,18.69096143,90.24605765,1.755,1.132277608
7,4,5.5,-37.53521127,0,0,0,0,26.04312681,0,18.84195835,90.84569923,1.199,1.132277608
7,4,6,-38.45070423,0.2,0,0,0,25.92437051,0,18.55003096,90.84569923,1.318,1.132277608
7,4,6.5,-34.71830986,7.6,1.2,9.241948942,0.515772317,25.81551056,0,18.31850234,91.24546029,1.369,1.132277608
7,4,7,2.112676056,73.4,12,69.97475628,3.610406222,25.64727247,0,19.06342051,92.04498239,1.467,1.132277608
7,4,7.5,50.70422535,163,31.6,164.5066912,9.799674032,25.43944893,0,21.13711164,91.7451616,1.013,1.132277608
7,4,8,105.7042254,256.6,48,269.3367977,15.21528337,25.21183268,0,22.37528644,89.0467745,1.015,1.132277608
7,4,8.5,204.2957746,350,62,370.9982361,20.6308927,25.16235089,0,23.23093569,84.34958213,1.301,1.132277608
7,4,9,280.7042254,436.6,74.2,464.2098926,25.27284356,25.48893073,0,24.81137019,77.5436502,1.515,1.132277608
7,4,9.5,344.5774648,512.8,84.6,545.5390433,29.3990221,26.12229768,0,26.38173823,68.66895483,1.298,1.132277608
7,4,10,401.8309859,580.8,93.6,617.626245,33.26731448,26.90411002,0,28.16350196,58.76487475,1.11,1.132277608
7,4,10.5,446.9014085,633.6,100.4,674.1341614,36.36194838,27.676026,0,30.00566447,51.29933709,1.156,1.132277608
7,4,11,481.5492958,669.6,105,712.6862913,38.42503765,28.34897839,0,31.32437096,46.28233588,1.246,1.132277608
7,4,11.5,504.6478873,686.4,107.4,731.4342449,39.71446845,29.21985796,0,32.28068483,44.20357841,1.14,1.132277608
7,4,12,506.971831,687.8,107.8,734.0748017,40.48812692,30.72410449,0,32.60281161,42.11482691,1.724,1.132277608
7,4,12.5,483.6619718,661,104.6,703.708398,39.19869613,31.66425856,0,33.05580239,41.09543622,1.659,1.132277608
7,4,13,485.2816901,655,103.6,702.916231,39.45658229,32.13928378,0,33.50879317,39.06664888,1.433,1.132277608
7,4,13.5,450.3521127,619,99.2,670.4373818,38.16715149,32.87161433,0,33.73025533,33.42002401,3.481,1.132277608
7,4,14,374.084507,525.8,85.2,577.2257254,32.75154216,33.16850509,0,34.30404365,31.01146367,3.732,1.132277608
7,4,14.5,334.6478873,494.4,81.2,543.4265978,30.94633905,32.9013034,0,34.57583811,30.19195351,2.909,1.132277608
7,4,15,300.9859155,438,74.2,482.4297348,27.85170514,32.57472356,0,34.79730027,29.7722044,2.815,1.132277608
7,4,15.5,220.7746479,349.2,61.8,387.8977999,22.69398197,32.4955527,0,34.62617042,30.05203714,2.693,1.132277608
7,4,16,139.7183099,251.4,48.4,281.2193035,16.76260032,32.33721096,0,34.52550581,30.74162496,3.251,1.132277608
7,4,16.5,52.32394366,145.4,28.6,165.5629139,10.57333251,32.09969835,0,34.1329138,32.28070501,2.387,1.132277608
7,4,17,4.577464789,75,13.6,85.28998595,5.415609333,31.77311851,0,33.70005594,36.26832151,1.959,1.132277608
7,4,17.5,-40.21126761,12.6,2,16.6355081,0.773658476,31.78301487,0,31.55589958,48.85080064,0.985,1.132277608
7,4,18,-46.47887324,0.6,0,0.528111368,0,32.06011291,0,27.49911548,61.55320809,0.244,1.132277608
7,4,18.5,-48.5915493,0,0,0,0,31.56529498,0,25.27442743,69.5284411,0.675,1.132277608
7,4,19,-44.71830986,0,0,0,0,30.7438972,0,24.57984157,68.60899068,2.773,1.132277608
7,4,19.5,-42.74647887,0,0,0,0,29.99177394,0,24.84156957,65.86063344,2.455,1.132277608
7,4,20,-42.6056338,0,0,0,0,29.48705965,0,23.9657874,70.63777802,2.118,1.132277608
7,4,20.5,-40.56338028,0,0,0,0,29.14068709,0,23.27120154,73.85585449,1.76,1.132277608
7,4,21,-42.74647887,0,0,0,0,28.86358905,0,22.66721383,77.45370397,2.202,1.132277608
7,4,21.5,-43.45070423,0,0,0,0,28.57659464,0,22.1739572,80.05215081,2.964,1.132277608
7,4,22,-42.3943662,0,0,0,0,28.2994966,0,22.05315966,81.05155344,2.127,1.132277608
7,4,22.5,-45.63380282,0,0,0,0,28.06198399,0,21.51963719,82.2508366,0.69,1.132277608
7,4,23,-47.74647887,0,0,0,0,27.88384953,0,20.92571594,84.24964186,1.266,1.132277608
7,4,23.5,-45.63380282,0,0,0,0,27.66612964,0,20.53312393,85.14910423,2.446,1.132277608
7,5,0,-52.18309859,0,0,0,0,27.45830611,0,20.63378855,83.74994055,2.976,1.132277608
7,5,0.5,-56.61971831,0,0,0,0,27.2207935,0,20.62372209,81.75113528,2.289,1.132277608
7,5,1,-43.16901408,0,0,0,0,27.11193356,0,19.80833868,81.85107555,1.347,1.132277608
7,5,1.5,-41.4084507,0,0,0,0,27.04265904,0,19.15401867,82.55065739,0.784,1.132277608
7,5,2,-40.49295775,0,0,0,0,26.92390274,0,18.78155958,84.94922371,1.841,1.132277608
7,5,2.5,-41.76056338,0,0,0,0,26.72597557,0,18.7513602,86.34838739,0.704,1.132277608
7,5,3,-43.5915493,0,0,0,0,26.55773747,0,18.26817003,87.24784976,1.67,1.132277608
7,5,3.5,-39.64788732,0,0,0,0,26.43898116,0,18.09704018,88.64701344,2.289,1.132277608
7,5,4,-40.63380282,0,0,0,0,26.30043214,0,17.83531218,89.0467745,2.577,1.132277608
7,5,4.5,-40.35211268,0,0,0,0,26.1420904,0,18.23797065,86.14850686,2.41,1.132277608
7,5,5,-56.69014085,0,0,0,0,25.94416323,0,18.81175897,80.85167292,1.922,1.132277608
7,5,5.5,-40.70422535,0,0,0,0,25.86499236,0,18.30843588,81.45131449,1.865,1.132277608
7,5,6,-39.29577465,0.2,0,0,0,25.86499236,0,17.80511279,84.74934318,1.894,1.132277608
7,5,6.5,-33.5915493,7.6,1.2,9.241948942,0.515772317,25.76602877,0,17.50311894,84.84928344,1.507,1.132277608
7,5,7,-0.352112676,77,12.6,73.67153585,3.868292381,25.57799795,0,18.31850234,85.14910423,2.186,1.132277608
7,5,7.5,60.21126761,168,32.8,170.8440276,10.31544635,25.3503817,0,20.95591533,80.3519716,1.431,1.132277608
7,5,8,131.4788732,264.6,49.4,275.9381898,15.73105568,25.18214361,0,23.59332831,73.38613526,0.89,1.132277608
7,5,8.5,207.8169014,358.8,63.6,378.3917953,21.14666502,25.09307638,0,25.06303173,64.27158325,1.278,1.132277608
7,5,9,281.6901408,445.6,75.6,472.1315631,26.04650203,25.46913801,0,26.69379854,58.54500617,1.364,1.132277608
7,5,9.5,349.2957746,523.8,86,555.3091036,30.17268057,26.07281589,0,28.54602751,49.34050793,1.821,1.132277608
7,5,10,413.0985915,593,94.8,628.7165838,34.04097295,26.73587192,0,30.32779124,41.63511364,2.679,1.132277608
7,5,10.5,457.8169014,649.6,101.6,686.8088342,37.13560686,27.51768426,0,31.67669712,36.38824982,3.088,1.132277608
7,5,11,486.2676056,684.8,106,724.8328528,39.45658229,28.37866747,0,32.76387499,34.43941469,2.639,1.132277608
7,5,11.5,500.3521127,711.4,110,753.3508666,41.2617854,29.06151622,0,33.156467,30.75161898,4.648,1.132277608
7,5,12,513.7323944,719.6,111.6,763.913094,42.29333003,30.37773193,0,33.60945778,28.27310045,5.286,1.132277608
7,5,12.5,510.1408451,706.8,110.2,755.4633121,42.03544387,30.96161709,0,33.73025533,28.56292722,5.21,1.132277608
7,5,13,495.9859155,682.2,106.8,731.9623562,41.2617854,31.29809329,0,33.59939132,28.50296306,5.365,1.132277608
7,5,13.5,463.0985915,638.4,101.8,689.4493911,39.19869613,31.66425856,0,33.67992302,28.94270022,5.294,1.132277608
7,5,14,411.3380282,582.4,94.2,630.8290292,36.36194838,32.03042384,0,33.96178395,28.5929093,4.62,1.132277608
7,5,14.5,365.8450704,521.6,85.4,567.1916094,32.493656,32.20855829,0,33.96178395,28.52295111,4.626,1.132277608
7,5,15,298.5915493,442.6,74.6,484.8062359,28.36747746,32.24814373,0,34.07251503,29.46238959,4.048,1.132277608
7,5,15.5,225.5633803,354.4,62.6,389.7461897,23.20975429,32.18876557,0,34.10271441,30.01206103,3.983,1.132277608
7,5,16,124.9295775,238.6,45.8,266.1681295,15.98894184,32.07990563,0,33.90138518,30.86155327,2.789,1.132277608
7,5,16.5,65.70422535,166.4,33,184.3108675,11.60487714,31.83249666,0,34.00204979,32.06083643,1.958,1.132277608
7,5,17,3.802816901,78,14.2,87.13837574,5.415609333,31.6543622,0,33.28733101,34.79919964,1.493,1.132277608
7,5,17.5,-41.26760563,12.8,2,16.89956378,0.773658476,31.90177117,0,30.83111433,46.36228809,0.651,1.132277608
7,5,18,-48.5915493,0.6,0,0.528111368,0,32.13928378,0,27.35818502,58.94476723,1.147,1.132277608
7,5,18.5,-45.35211268,0,0,0,0,31.61477677,0,25.29456035,65.99055578,2.063,1.132277608
7,5,19,-42.95774648,0,0,0,0,30.80327536,0,24.05638556,69.11868602,2.026,1.132277608
7,5,19.5,-40.42253521,0,0,0,0,30.14021932,0,23.281268,71.40731804,2.24,1.132277608
7,5,20,-40.14084507,0,0,0,0,29.61571231,0,22.68734675,73.34615915,2.028,1.132277608
7,5,20.5,-38.5915493,0,0,0,0,29.21985796,0,22.42561875,76.15448055,2.158,1.132277608
7,5,21,-29.71830986,0,0,0,0,28.87348541,0,22.00282735,75.7946956,2.688,1.132277608
7,5,21.5,-26.33802817,0,0,0,0,28.55680193,0,22.42561875,73.19624876,1.291,1.132277608
7,5,22,-29.50704225,0,0,0,0,28.35887475,0,22.2544889,76.79409823,2.478,1.132277608
7,5,22.5,-26.33802817,0,0,0,0,28.23022209,0,22.18402366,77.67357255,2.458,1.132277608
7,5,23,-34.36619718,0,0,0,0,28.05208763,0,22.79807783,72.66656536,3.301,1.132277608
7,5,23.5,-27.18309859,0,0,0,0,27.81457502,0,23.26113507,68.62897873,1.534,1.132277608
7,6,0,-31.47887324,0,0,0,0,27.78488595,0,22.77794491,71.70713883,1.034,1.132277608
7,6,0.5,-40.84507042,0,0,0,0,27.78488595,0,21.97262797,77.06393694,1.831,1.132277608
7,6,1,-35.42253521,0,0,0,0,27.69581872,0,21.39883965,78.99278402,1.763,1.132277608
7,6,1.5,-40.35211268,0,0,0,0,27.62654421,0,20.90558302,81.35137423,1.204,1.132277608
7,6,2,-41.12676056,0,0,0,0,27.46820247,0,20.22106362,83.74994055,1.52,1.132277608
7,6,2.5,-53.73239437,0,0,0,0,27.26037894,0,20.72438671,83.45011976,3.021,1.132277608
7,6,3,-44.36619718,0,0,0,0,26.96348817,0,21.26797564,80.55185213,2.352,1.132277608
7,6,3.5,-40.77464789,0,0,0,0,26.84473187,0,20.75458609,81.25143397,1.172,1.132277608
7,6,4,-38.02816901,0,0,0,0,26.85462823,0,19.62714237,84.54946265,1.234,1.132277608
7,6,4.5,-41.47887324,0,0,0,0,26.765561,0,19.32514852,85.44892502,2.269,1.132277608
7,6,5,-41.69014085,0,0,0,0,26.60721926,0,19.21441744,85.94862634,2.025,1.132277608
7,6,5.5,-39.15492958,0,0,0,0,26.44887752,0,18.81175897,86.54826792,2.113,1.132277608
7,6,6,-38.45070423,0.2,0,0,0,26.32022486,0,18.66076204,87.84749134,1.692,1.132277608
7,6,6.5,-33.38028169,7.4,1.4,9.241948942,0.515772317,26.18167584,0,18.29836942,88.54707318,1.648,1.132277608
7,6,7,5.352112676,74,12,70.23881196,3.868292381,25.99364502,0,18.97282236,89.74635634,1.147,1.132277608
7,6,7.5,43.09859155,164.2,32.2,167.6753594,10.31544635,25.75613241,0,21.06664641,88.64701344,0.761,1.132277608
7,6,8,135.2112676,262.2,49.2,274.8819671,15.98894184,25.53841252,0,22.06322612,83.15029897,1.2,1.132277608
7,6,8.5,202.4647887,343.8,61,365.7171224,20.88877886,25.45924165,0,23.46246431,74.92521531,1.605,1.132277608
7,6,9,274.084507,431.2,73.2,460.2490573,25.78861587,25.80561421,0,25.47575667,65.7307111,1.142,1.132277608
7,6,9.5,343.3802817,505,83,540.786041,29.91479441,26.54784111,0,27.3380521,57.62555575,1.42,1.132277608
7,6,10,404.8591549,577.4,92.8,618.9465234,34.04097295,27.13172627,0,28.79768905,51.45924151,1.962,1.132277608
7,6,10.5,454.0140845,630,99.6,676.2466069,37.13560686,27.80467867,0,30.08619616,47.87138606,2.34,1.132277608
7,6,11,489.3661972,667.6,104.6,716.6471265,39.45658229,28.54690557,0,31.15324111,45.12302883,2.622,1.132277608
7,6,11.5,512.4647887,688.4,107.6,741.4683608,41.2617854,29.24954704,0,32.15988729,40.99549596,2.913,1.132277608
7,6,12,519.084507,701.4,109.6,758.1038689,42.55121619,30.44700644,0,33.01553654,37.3676644,3.21,1.132277608
7,6,12.5,512.3943662,689.8,108.4,747.8056973,42.29333003,31.25850786,0,33.33766332,36.42822593,3.751,1.132277608
7,6,13,494.2253521,655.4,103.4,714.5346811,40.48812692,31.69394764,0,33.50879317,36.07843501,3.778,1.132277608
7,6,13.5,470.2112676,631.6,101.4,688.3931684,39.71446845,32.12938742,0,34.08258149,34.73923548,2.951,1.132277608
7,6,14,428.943662,577.2,94,635.3179759,36.8777207,32.51534541,0,34.30404365,33.44001206,3.498,1.132277608
7,6,14.5,358.3098592,511.6,84,565.6072753,32.75154216,32.82213253,0,34.33424303,32.25072293,2.977,1.132277608
7,6,15,300.7746479,433.8,73.4,482.9578462,28.36747746,32.9507852,0,34.40470826,32.2007528,2.675,1.132277608
7,6,15.5,226.4084507,349.6,61.8,388.9540226,23.20975429,32.84192525,0,34.78723381,32.35066319,1.89,1.132277608
7,6,16,148.2394366,258.8,49.2,290.4612525,17.53625879,32.66379079,0,34.78723381,31.80099174,1.092,1.132277608
7,6,16.5,65.56338028,159,31,178.5016424,11.34699098,32.63410172,0,34.69663566,34.24952819,1.205,1.132277608
7,6,17,9.929577465,81.6,15,91.89137805,5.931381651,32.52524177,0,33.32759685,40.5557588,1.694,1.132277608
7,6,17.5,-44.57746479,8,1.2,12.41061715,0.515772317,32.58461992,0,31.08277588,51.17940878,0.733,1.132277608
7,6,18,-45.98591549,0.4,0,0.264055684,0,32.65389443,0,27.9420398,62.21281383,1.346,1.132277608
7,6,18.5,-43.30985915,0,0,0,0,32.04032019,0,25.81801637,70.20803489,1.641,1.132277608
7,6,19,-40.84507042,0,0,0,0,31.22881878,0,24.81137019,71.44729415,2.337,1.132277608
7,6,19.5,-40,0,0,0,0,30.55586639,0,24.23758187,74.11569918,2.48,1.132277608
7,6,20,-38.16901408,0,0,0,0,30.03135938,0,23.542996,74.61540049,2.164,1.132277608
7,6,20.5,-37.74647887,0,0,0,0,29.59591959,0,23.11013815,75.74472547,1.544,1.132277608
7,6,21,-38.16901408,0,0,0,0,29.26933975,0,22.77794491,75.18505999,2.097,1.132277608
7,6,21.5,-41.76056338,0,0,0,0,28.94275992,0,23.04973938,74.64538257,2.273,1.132277608
7,6,22,-50.35211268,0,0,0,0,28.6359728,0,24.13691725,78.66298115,5.196,1.132277608
7,6,22.5,-51.05633803,0,0,0,0,28.37866747,0,23.86512278,83.65000028,4.71,1.132277608
7,6,23,-49.64788732,0,0,0,0,28.36877111,0,23.36179969,86.64820818,3.95,1.132277608
7,6,23.5,-46.54929577,0,0,0,0,28.36877111,0,23.05980584,88.64701344,3.543,1.132277608
7,7,0,-8.309859155,0,0,0,0,28.2994966,0,22.9390083,89.74635634,4.264,1.132277608
7,7,0.5,-7.183098592,0,0,0,0,28.20053301,0,22.8584766,89.74635634,4.573,1.132277608
7,7,1,-7.957746479,0,0,0,0,28.15105122,0,22.52628336,89.24665502,4.589,1.132277608
7,7,1.5,-9.225352113,0,0,0,0,28.1312585,0,22.02296028,88.34719265,4.625,1.132277608
7,7,2,-28.5915493,0,0,0,0,28.10156943,0,21.63036827,88.24725239,4.155,1.132277608
7,7,2.5,-27.95774648,0,0,0,0,28.04219127,0,21.28810857,89.0467745,4.061,1.132277608
7,7,3,-11.05633803,0,0,0,0,27.90364225,0,21.21764333,89.14671476,3.6,1.132277608
7,7,3.5,-8.873239437,0,0,0,0,27.77498959,0,21.08677933,89.14671476,3.027,1.132277608
7,7,4,-8.661971831,0,0,0,0,27.70571508,0,20.85525071,89.44653555,3.063,1.132277608
7,7,4.5,-8.732394366,0,0,0,0,27.64633693,0,20.69418732,89.64641608,3.148,1.132277608
7,7,5,-9.929577465,0,0,0,0,27.59685513,0,20.53312393,89.8462966,3.781,1.132277608
7,7,5.5,-12.3943662,0,0,0,0,27.52758062,0,20.38212701,90.34599792,3.431,1.132277608
7,7,6,-20.98591549,0,0,0,0,27.46820247,0,20.20093069,91.14552002,3.229,1.132277608
7,7,6.5,-15.70422535,1.6,0.2,2.112445473,0,27.42861703,0,19.96940207,92.74456423,2.933,1.132277608
7,7,7,-7.253521127,10,1.8,11.88250578,0.515772317,27.36923888,0,19.86873746,93.6440266,2.53,1.132277608
7,7,7.5,0.422535211,23.6,4.2,26.93367977,1.547316952,27.29006801,0,19.85867099,94.24366818,2.072,1.132277608
7,7,8,7.887323944,40,7,45.68163334,2.320975429,27.20100078,0,19.83853807,94.54348897,2.137,1.132277608
7,7,8.5,15.35211268,65.4,10.6,74.19964722,3.610406222,27.18120807,0,19.83853807,94.64342923,2.295,1.132277608
7,7,9,23.45070423,84,13.8,95.32410195,4.899837016,27.15151899,0,19.80833868,94.84330976,3.117,1.132277608
7,7,9.5,77.74647887,134.6,22.4,152.8882411,7.994470921,27.15151899,0,19.96940207,94.7433695,3.094,1.132277608
7,7,10,86.4084507,131.4,22.6,147.8711831,8.252357079,27.16141535,0,20.00966792,94.04378766,3.391,1.132277608
7,7,10.5,116.1971831,155.8,27,176.1251413,10.05756019,27.2207935,0,20.20093069,93.04438502,4.002,1.132277608
7,7,11,137.1830986,183.2,31.4,208.6039904,11.34699098,27.30986073,0,20.47272516,92.04498239,3.372,1.132277608
7,7,11.5,214.8591549,275,46.8,308.1529833,16.246828,27.37913524,0,20.92571594,90.64581871,3.091,1.132277608
7,7,12,254.084507,331.8,55.6,371.5263475,19.85723422,27.43851339,0,21.59010242,88.04737186,3.126,1.132277608
7,7,12.5,200.1408451,266.8,45,301.0234798,15.73105568,27.69581872,0,22.06322612,85.2490445,3.437,1.132277608
7,7,13,271.5492958,354.6,59.4,397.9319159,21.14666502,28.05208763,0,22.5967486,82.05095607,2.814,1.132277608
7,7,13.5,171.5492958,233.2,39.8,260.0948488,13.66796641,28.2994966,0,22.98934061,79.62240768,3.088,1.132277608
7,7,14,199.2957746,259.8,43.8,292.8377536,15.47316952,28.59638736,0,23.2007363,78.35316634,3.535,1.132277608
7,7,14.5,193.8028169,253.8,42.8,285.7082502,15.47316952,28.72504003,0,23.19066984,77.95340528,4.27,1.132277608
7,7,15,163.5915493,219.6,38,245.5717862,13.66796641,28.85369269,0,23.07993876,78.00337541,3.616,1.132277608
7,7,15.5,124.1549296,172.2,29.2,200.1542085,11.34699098,28.89327812,0,23.0698723,77.11390707,3.063,1.132277608
7,7,16,80.84507042,122.6,21.4,141.7979023,7.994470921,28.93286356,0,23.29133446,76.1744686,2.681,1.132277608
7,7,16.5,25.35211268,49.4,8.6,57.82819481,3.352520064,28.96255263,0,22.96920768,77.13389512,3.311,1.132277608
7,7,17,7.535211268,36.6,6.4,44.62541061,2.320975429,28.94275992,0,22.78801137,78.09332165,2.892,1.132277608
7,7,17.5,-12.18309859,9.4,1.6,12.14656147,0.515772317,28.7547291,0,22.45581813,78.85286765,3.23,1.132277608
7,7,18,-15.91549296,0.2,0,0.264055684,0,28.53700921,0,22.13369136,80.3519716,3.142,1.132277608
7,7,18.5,-19.29577465,0,0,0,0,28.33908204,0,21.86189689,81.75113528,3.056,1.132277608
7,7,19,-14.43661972,0,0,0,0,28.16094758,0,21.66056765,82.75053792,2.177,1.132277608
7,7,19.5,-12.53521127,0,0,0,0,27.99270948,0,21.50957073,83.45011976,2.444,1.132277608
7,7,20,-11.97183099,0,0,0,0,27.85416046,0,21.40890611,84.54946265,3.209,1.132277608
7,7,20.5,-11.05633803,0,0,0,0,27.7255078,0,21.13711164,84.04976134,3.395,1.132277608
7,7,21,-19.15492958,0,0,0,0,27.60675149,0,21.09684579,83.45011976,3.232,1.132277608
7,7,21.5,-27.74647887,0,0,0,0,27.5077879,0,20.83511779,83.55006002,2.779,1.132277608
7,7,22,-9.084507042,0,0,0,0,27.42861703,0,20.88545009,83.94982107,2.252,1.132277608
7,7,22.5,-10.35211268,0,0,0,0,27.29006801,0,20.95591533,85.04916397,3.652,1.132277608
7,7,23,-9.577464789,0,0,0,0,27.23068986,0,20.75458609,87.44773029,3.657,1.132277608
7,7,23.5,-9.295774648,0,0,0,0,27.19110442,0,20.58345624,88.64701344,3.653,1.132277608
7,8,0,-9.014084507,0,0,0,0,27.13172627,0,20.36199408,89.74635634,3.25,1.132277608
7,8,0.5,-9.014084507,0,0,0,0,27.08224448,0,20.27139593,90.74575897,2.651,1.132277608
7,8,1,-8.450704225,0,0,0,0,27.02286633,0,20.20093069,91.04557976,2.626,1.132277608
7,8,1.5,-8.169014085,0,0,0,0,26.96348817,0,20.120399,91.14552002,3.108,1.132277608
7,8,2,-8.802816901,0,0,0,0,26.90411002,0,19.79827222,90.84569923,3.475,1.132277608
7,8,2.5,-8.309859155,0,0,0,0,26.84473187,0,19.61707591,90.9456395,3.26,1.132277608
7,8,3,-7.957746479,0,0,0,0,26.79525008,0,19.37548083,91.44534081,3.736,1.132277608
7,8,3.5,-8.943661972,0,0,0,0,26.74576828,0,19.07348697,92.04498239,3.557,1.132277608
7,8,4,-10,0,0,0,0,26.69628649,0,18.94262297,93.04438502,3.242,1.132277608
7,8,4.5,-14.85915493,0,0,0,0,26.63690834,0,18.78155958,93.74396687,3.369,1.132277608
7,8,5,-13.52112676,0.2,0,0,0,26.57753018,0,18.72116081,94.54348897,2.949,1.132277608
7,8,5.5,-13.38028169,0.6,0,0,0,26.51815203,0,18.65069558,94.7433695,2.557,1.132277608
7,8,6,-11.05633803,0.6,0,0,0,26.43898116,0,18.58023035,95.14313055,2.162,1.132277608
7,8,6.5,-8.450704225,4,0.6,3.432723893,0,26.36970665,0,18.64062912,95.44295134,2.198,1.132277608
7,8,7,1.478873239,24.2,4.4,24.55717862,1.289430794,26.32022486,0,18.65069558,95.64283187,2.502,1.132277608
7,8,7.5,7.394366197,32.8,5.4,39.87240829,2.06308927,26.27074306,0.1,18.71109435,95.84271239,2.258,1.132277608
7,8,8,21.54929577,65.2,10.4,74.99181427,3.352520064,26.23115763,0,18.84195835,95.84271239,2.419,1.132277608
7,8,8.5,38.09859155,98,15.8,111.4314987,5.415609333,26.22126127,0,19.13388575,95.94265266,2.157,1.132277608
7,8,9,59.64788732,140,23,156.5850206,7.478698603,26.26084671,0,19.28488267,95.74277213,2.403,1.132277608
7,8,9.5,49.29577465,150.2,25,167.4113037,8.252357079,26.32022486,0,19.53654422,95.04319029,2.482,1.132277608
7,8,10,114.6478873,183.4,31.4,201.7385426,10.57333251,26.43898116,0,19.72780699,93.94384739,2.347,1.132277608
7,8,10.5,110.8450704,157.6,26.8,176.9173083,9.541787873,26.55773747,0,20.04993377,91.84510187,2.018,1.132277608
7,8,11,142.8873239,191.8,32.6,215.2053825,11.34699098,26.74576828,0,20.22106362,90.34599792,2.404,1.132277608
7,8,11.5,139.3661972,191.4,32.6,214.4132155,11.34699098,26.89421366,0,20.41232639,89.44653555,2.424,1.132277608
7,8,12,124.1549296,174.2,29.6,196.1933733,10.31544635,27.01296997,0,20.5935227,88.84689397,3.068,1.132277608
7,8,12.5,236.9014085,311.8,52.2,346.9691689,17.79414495,27.19110442,0,20.71432024,87.9474316,2.044,1.132277608
7,8,13,170.4225352,229.8,38.8,255.6059022,13.41008025,27.25048258,0,21.32837441,85.44892502,3.147,1.132277608
7,8,13.5,182.3943662,238.8,40.4,265.9040739,13.41008025,27.51768426,0,21.26797564,85.04916397,2.789,1.132277608
7,8,14,214.4366197,283.6,47.8,316.8668209,15.73105568,27.66612964,0,21.74109935,82.45071713,2.341,1.132277608
7,8,14.5,197.5352113,263.6,44.4,295.7423662,15.21528337,27.78488595,0,22.31488767,80.65179239,2.123,1.132277608
7,8,15,188.7323944,253.8,43,284.6520274,14.69951105,27.9630204,0,22.61688152,78.15328581,2.495,1.132277608
7,8,15.5,247.2535211,346,61.2,384.465076,21.14666502,28.21042937,0,23.17053692,75.62479715,2.078,1.132277608
7,8,16,105.2112676,178.6,32.6,208.8680461,11.8627633,28.2994966,0,23.40206554,74.10570515,1.793,1.132277608
7,8,16.5,24.15492958,83.4,15,101.3973827,5.931381651,28.72504003,0,23.24100215,75.55483897,2.002,1.132277608
7,8,17,-7.957746479,46.4,8.6,54.92358229,3.094633905,28.66566187,0,22.97927414,76.47428939,2.069,1.132277608
7,8,17.5,-36.12676056,12.4,2.4,14.25900694,0.773658476,28.4677347,0,22.34508705,79.20265857,2.163,1.132277608
7,8,18,-40.77464789,0.6,0,0.264055684,0,28.26980752,0,21.60016888,82.35077686,2.589,1.132277608
7,8,18.5,-31.12676056,0,0,0,0,27.95312405,0,21.05657995,84.74934318,2.347,1.132277608
7,8,19,-11.26760563,0,0,0,0,27.60675149,0,20.96598179,85.34898476,1.584,1.132277608
7,8,19.5,-9.788732394,0,0,0,0,27.32965345,0,21.08677933,85.64880555,1.349,1.132277608
7,8,20,-9.647887324,0,0,0,0,27.16141535,0,21.03644702,85.74874581,2.016,1.132277608
7,8,20.5,-8.802816901,0,0,0,0,27.07234812,0,20.91564948,86.0485666,1.797,1.132277608
7,8,21,-8.802816901,0,0,0,0,27.01296997,0,20.91564948,86.54826792,1.443,1.132277608
7,8,21.5,-8.873239437,0,0,0,0,26.94369546,0,20.81498486,86.94802897,2.093,1.132277608
7,8,22,-8.661971831,0,0,0,0,26.8843173,0,20.71432024,86.74814844,2.396,1.132277608
7,8,22.5,-8.732394366,0,0,0,0,26.81504279,0,20.6740544,86.64820818,2.37,1.132277608
7,8,23,-9.154929577,0,0,0,0,26.765561,0,20.64385501,86.94802897,2.026,1.132277608
7,8,23.5,-9.507042254,0,0,0,0,26.71607921,0,20.54319039,87.34779002,1.848,1.132277608
7,9,0,-9.788732394,0,0,0,0,26.66659741,0,20.51299101,87.74755107,1.878,1.132277608
7,9,0.5,-9.507042254,0,0,0,0,26.61711562,0,20.41232639,88.64701344,2.609,1.132277608
7,9,1,-9.366197183,0,0,0,0,26.56763383,0,20.30159531,89.64641608,2.316,1.132277608
7,9,1.5,-8.943661972,0,0,0,0,26.52804839,0,20.16066485,90.64581871,2.74,1.132277608
7,9,2,-8.943661972,0,0,0,0,26.48846296,0,20.08013315,91.34540055,2.447,1.132277608
7,9,2.5,-8.802816901,0,0,0,0,26.43898116,0,19.94926915,91.7451616,2.37,1.132277608
7,9,3,-8.521126761,0,0,0,0,26.37960301,0,19.82847161,92.14492265,2.325,1.132277608
7,9,3.5,-8.309859155,0,0,0,0,26.34001758,0,19.72780699,92.34480318,2.178,1.132277608
7,9,4,-13.52112676,0,0,0,0,26.3103285,0,19.68754114,92.94444476,2.36,1.132277608
7,9,4.5,-14.01408451,0,0,0,0,26.27074306,0,19.62714237,93.74396687,2.122,1.132277608
7,9,5,-10.35211268,0,0,0,0,26.24105399,0,19.47614545,94.34360844,1.795,1.132277608
7,9,5.5,-11.61971831,0.6,0,0,0,26.21136491,0,19.29494913,94.64342923,1.791,1.132277608
7,9,6,-11.90140845,0.8,0,0,0,26.17177948,0,19.20435098,94.94325002,2.065,1.132277608
7,9,6.5,-10.49295775,2.6,0.4,2.112445473,0,26.12229768,0,19.04328759,95.24307081,2.404,1.132277608
7,9,7,-4.154929577,14.2,2.4,15.84334104,0.773658476,26.08271225,0,18.89229066,95.44295134,2.688,1.132277608
7,9,7.5,7.042253521,37,6.4,41.4567424,2.06308927,26.03323046,0,18.71109435,95.64283187,2.479,1.132277608
7,9,8,22.25352113,59.4,10,66.2779767,3.352520064,25.99364502,0,18.87215774,95.84271239,2.097,1.132277608
7,9,8.5,68.38028169,105.4,17.8,117.2407237,6.18926781,25.96395594,0,19.08355344,95.34301108,2.277,1.132277608
7,9,9,100.3521127,139,23.6,154.4725752,7.994470921,25.96395594,0,19.48621191,94.7433695,1.839,1.132277608
7,9,9.5,117.1830986,154.4,26.2,173.2205287,9.026015556,26.0233341,0,19.87880392,93.6440266,1.866,1.132277608
7,9,10,104.084507,144.6,24.4,162.6583014,8.252357079,26.17177948,0,20.06000023,92.14492265,1.54,1.132277608
7,9,10.5,112.2535211,157.2,26.6,176.1251413,9.026015556,26.39939573,0,20.24119654,90.74575897,1.522,1.132277608
7,9,11,160.3521127,214.2,36.2,236.8579486,12.12064946,26.58742654,0,20.60358916,89.44653555,1.131,1.132277608
7,9,11.5,183.2394366,247.2,41.4,271.4492432,13.66796641,26.68639013,0,21.05657995,87.44773029,1.281,1.132277608
7,9,12,282.8873239,368,61,402.1568068,19.85723422,26.86452459,0,21.68070058,84.04976134,1.592,1.132277608
7,9,12.5,387.7464789,508.2,82.4,553.1966581,28.1095913,27.27027529,0,22.43568521,81.45131449,1.78,1.132277608
7,9,13,508.6619718,666.2,104.4,732.2264119,37.39349302,28.21042937,0,23.32153385,77.27381149,2.076,1.132277608
7,9,13.5,476.9014085,628.6,99.8,693.4102263,36.36194838,29.11099802,0,24.26778125,73.10630252,2.005,1.132277608
7,9,14,429.6478873,574.6,92.4,641.919368,33.78308679,29.95218851,0,24.95230065,70.17805281,1.945,1.132277608
7,9,14.5,370.7746479,514,83.4,574.5851685,30.43056673,30.55586639,0,25.56635482,67.95937896,2.306,1.132277608
7,9,15,305.7746479,435.4,73,490.615461,26.30438819,30.81317171,0,25.70728529,67.31976128,2.844,1.132277608
7,9,15.5,232.8873239,348.6,61,394.7632477,21.66243733,30.97151345,0,25.59655421,67.44968362,2.499,1.132277608
7,9,16,154.7183099,259,49.4,297.3267003,16.50471416,30.70431177,0,25.50595605,68.06931325,3.221,1.132277608
7,9,16.5,79.08450704,165.8,32.8,192.232538,11.34699098,30.40742101,0,24.92210127,70.80767647,3.506,1.132277608
7,9,17,13.66197183,80.8,14.8,94.79599058,5.673495492,30.15011568,0,24.25771479,72.84645783,3.662,1.132277608
7,9,17.5,-37.95774648,14.8,2.2,19.54012062,0.773658476,29.77405405,0,23.51279662,76.13449249,3.779,1.132277608
7,9,18,-38.66197183,0.6,0,0.528111368,0,29.42768149,0,22.60681506,79.81229418,3.601,1.132277608
7,9,18.5,-25.49295775,0,0,0,0,28.91307084,0,21.7008335,82.75053792,4.628,1.132277608
7,9,19,-32.32394366,0,0,0,0,28.48752742,0,21.06664641,84.64940292,3.648,1.132277608
7,9,19.5,-49.71830986,0,0,0,0,28.11146579,0,20.63378855,85.44892502,3.061,1.132277608
7,9,20,-48.87323944,0,0,0,0,27.81457502,0,20.29152885,86.64820818,2.528,1.132277608
7,9,20.5,-43.38028169,0,0,0,0,27.57706241,0,19.92913623,87.9474316,2.21,1.132277608
7,9,21,-19.01408451,0,0,0,0,27.35934252,0,19.78820576,89.34659529,2.301,1.132277608
7,9,21.5,-22.32394366,0,0,0,0,27.15151899,0,19.79827222,89.8462966,2.87,1.132277608
7,9,22,-32.25352113,0,0,0,0,26.99317725,0,19.6976076,90.14611739,2.929,1.132277608
7,9,22.5,-20.70422535,0,0,0,0,26.89421366,0,19.59694299,90.44593818,2.19,1.132277608
7,9,23,-8.169014085,0,0,0,0,26.78535372,0,19.68754114,90.74575897,3.072,1.132277608
7,9,23.5,-8.028169014,0,0,0,0,26.69628649,0,19.60700945,90.84569923,3.227,1.132277608
7,10,0,-8.169014085,0,0,0,0,26.6468047,0,19.44594606,91.14552002,3.246,1.132277608
7,10,0.5,-8.661971831,0,0,0,0,26.60721926,0,19.3050156,91.7451616,2.4,1.132277608
7,10,1,-11.26760563,0,0,0,0,26.57753018,0,19.26474975,92.44474344,2.189,1.132277608
7,10,1.5,-14.64788732,0,0,0,0,26.52804839,0,19.15401867,93.24426555,1.913,1.132277608
7,10,2,-15.14084507,0,0,0,0,26.48846296,0,19.11375282,93.74396687,1.845,1.132277608
7,10,2.5,-12.6056338,0,0,0,0,26.4290848,0,19.14395221,94.34360844,2.061,1.132277608
7,10,3,-10.42253521,0.2,0,0,0,26.37960301,0,19.15401867,94.84330976,1.852,1.132277608
7,10,3.5,-11.33802817,0.6,0,0,0,26.32022486,0,19.19428452,94.94325002,1.445,1.132277608
7,10,4,-10.84507042,0.6,0,0,0,26.27074306,0,19.29494913,95.04319029,1.397,1.132277608
7,10,4.5,-10.63380282,0.6,0,0,0,26.22126127,0,19.20435098,95.14313055,1.556,1.132277608
7,10,5,-9.295774648,0.6,0,0,0,26.18167584,0,19.24461682,95.5428916,1.862,1.132277608
7,10,5.5,-8.802816901,0.6,0,0,0,26.15198676,0,19.20435098,95.84271239,2.034,1.132277608
7,10,6,-8.098591549,0.6,0,0,0,26.11240133,0,19.25468329,95.94265266,1.502,1.132277608
7,10,6.5,-7.323943662,2.2,0.2,2.112445473,0,26.07281589,0,19.3050156,96.04259292,1.703,1.132277608
7,10,7,-0.563380282,13.8,2.2,16.10739673,0.773658476,26.03323046,0.1,19.19428452,96.24247345,2.21,1.132277608
7,10,7.5,6.478873239,30,4.8,34.32723893,1.805203111,26.00354138,0,19.24461682,96.44235397,2.414,1.132277608
7,10,8,12.53521127,43.4,7,50.17057997,2.06308927,25.9738523,0.1,19.29494913,96.34241371,2.38,1.132277608
7,10,8.5,31.61971831,81.2,12.4,92.94760079,3.868292381,25.95405959,0,19.41574667,96.34241371,2.338,1.132277608
7,10,9,63.52112676,137.2,20.6,156.5850206,6.447153968,25.9738523,0,19.48621191,96.24247345,2.215,1.132277608
7,10,9.5,56.76056338,140,21.6,157.9052991,6.705040127,26.04312681,0,19.71774053,95.94265266,2.145,1.132277608
7,10,10,86.83098592,191.4,30.4,212.30077,9.283901714,26.1420904,0,19.91906976,95.74277213,2.2,1.132277608
7,10,10.5,100.7042254,198.2,32,217.5818837,10.05756019,26.25095035,0,20.23113008,95.34301108,1.721,1.132277608
7,10,11,180.6338028,262.6,43,290.4612525,13.41008025,26.37960301,0,20.56332332,93.74396687,2.465,1.132277608
7,10,11.5,186.4788732,250.6,41.4,278.5787467,12.89430794,26.52804839,0,20.86531717,91.54528108,2.95,1.132277608
7,10,12,302.7464789,389.6,63.2,425.9218184,20.37300654,26.77545736,0,21.15724456,90.24605765,2.8,1.132277608
7,10,12.5,255.6338028,330.6,54.2,363.3406213,17.27837264,27.06245176,0,21.54983657,87.84749134,2.831,1.132277608
7,10,13,299.2253521,396.2,64.4,437.0121571,20.88877886,27.37913524,0,22.08335905,83.65000028,3.209,1.132277608
7,10,13.5,320.6338028,420.8,68,465.530171,22.69398197,27.77498959,0,22.49608398,81.1514937,3.673,1.132277608
7,10,14,355.7042254,453.4,73.6,510.1555816,25.0149574,28.1807403,0,23.01953999,78.42312452,2.973,1.132277608
7,10,14.5,304.6478873,406.6,66.6,454.9679436,22.69398197,28.57659464,0,23.38193262,76.34436705,3.26,1.132277608
7,10,15,203.6619718,290.4,48.2,327.4290482,16.50471416,28.9229672,0,23.67386001,74.97518544,3.375,1.132277608
7,10,15.5,107.0422535,175,29.2,208.6039904,10.57333251,29.12089437,0,23.55306247,74.16566931,3.604,1.132277608
7,10,16,115.6338028,181.2,31.6,205.9634336,10.83121867,29.07141258,0,23.46246431,74.95519739,3.361,1.132277608
7,10,16.5,44.01408451,83,13.4,96.116269,4.899837016,28.87348541,0,23.27120154,75.94460599,3.33,1.132277608
7,10,17,13.73239437,37.4,6.4,43.0410765,2.320975429,28.77452182,0,22.94907476,76.96399668,2.849,1.132277608
7,10,17.5,-8.591549296,7.2,1.2,8.977893258,0.257886159,28.52711285,0,22.73767906,78.03335749,2.401,1.132277608
7,10,18,-12.74647887,0.2,0,0.264055684,0,28.25991117,0,22.47595106,79.8222882,2.099,1.132277608
7,10,18.5,-12.04225352,0,0,0,0,28.0125022,0,22.14375782,80.65179239,2.175,1.132277608
7,10,19,-11.61971831,0,0,0,0,27.80467867,0,21.93236212,81.55125476,2.425,1.132277608
7,10,19.5,-11.12676056,0,0,0,0,27.62654421,0,21.75116581,82.35077686,2.19,1.132277608
7,10,20,-10.63380282,0,0,0,0,27.46820247,0,21.61023534,83.05035871,2.751,1.132277608
7,10,20.5,-10.63380282,0,0,0,0,27.31975709,0,21.4894378,84.04976134,3.252,1.132277608
7,10,21,-10.70422535,0,0,0,0,27.20100078,0,21.30824149,85.14910423,2.988,1.132277608
7,10,21.5,-10.98591549,0,0,0,0,27.1020372,0,21.20757687,86.54826792,2.978,1.132277608
7,10,22,-10.70422535,0,0,0,0,27.02286633,0,21.07671287,87.44773029,3.037,1.132277608
7,10,22.5,-10.77464789,0,0,0,0,26.9337991,0,20.97604825,88.24725239,2.798,1.132277608
7,10,23,-10.63380282,0,0,0,0,26.85462823,0,20.88545009,88.74695371,2.845,1.132277608
7,10,23.5,-11.69014085,0,0,0,0,26.77545736,0,20.70425378,89.14671476,3.517,1.132277608
7,11,0,-10.21126761,0,0,0,0,26.71607921,0,20.50292455,90.04617713,3.479,1.132277608
7,11,0.5,-10,0,0,0,0,26.65670105,0,20.31166177,90.34599792,2.869,1.132277608
7,11,1,-9.85915493,0,0,0,0,26.58742654,0,20.22106362,90.9456395,2.575,1.132277608
7,11,1.5,-9.295774648,0,0,0,0,26.52804839,0,20.01973438,91.24546029,3.215,1.132277608
7,11,2,-8.661971831,0,0,0,0,26.44887752,0,19.989535,91.54528108,2.645,1.132277608
7,11,2.5,-9.788732394,0,0,0,0,26.37960301,0,19.89893684,92.04498239,2.484,1.132277608
7,11,3,-12.32394366,0,0,0,0,26.34001758,0,19.80833868,92.8445045,2.03,1.132277608
7,11,3.5,-12.46478873,0,0,0,0,26.30043214,0,19.70767407,93.6440266,2.293,1.132277608
7,11,4,-10.63380282,0,0,0,0,26.26084671,0,19.65734176,94.04378766,2.07,1.132277608
7,11,4.5,-11.76056338,0,0,0,0,26.19157219,0,19.65734176,94.44354871,1.807,1.132277608
7,11,5,-10,0,0,0,0,26.15198676,0,19.6472753,94.94325002,1.84,1.132277608
7,11,5.5,-9.85915493,0.2,0,0,0,26.11240133,0,19.62714237,95.24307081,1.977,1.132277608
7,11,6,-10,0.6,0,0,0,26.06291953,0,19.58687653,95.34301108,1.847,1.132277608
7,11,6.5,-8.450704225,2.2,0.2,2.376501157,0,26.03323046,0,19.62714237,95.5428916,1.87,1.132277608
7,11,7,-3.450704225,12,2,13.99495126,0.773658476,26.00354138,0,19.59694299,95.74277213,2.278,1.132277608
7,11,7.5,12.81690141,43,7.2,49.37841292,2.06308927,25.9738523,0,19.49627837,95.84271239,1.987,1.132277608
7,11,8,34.78873239,68.4,11,77.36831543,3.610406222,25.94416323,0,19.59694299,95.64283187,2.025,1.132277608
7,11,8.5,57.6056338,95.4,15.8,106.942552,5.157723175,25.96395594,0,19.78820576,95.24307081,2.237,1.132277608
7,11,9,103.3802817,148.4,24.8,163.9785798,7.994470921,25.99364502,0,19.989535,94.44354871,2.02,1.132277608
7,11,9.5,128.3802817,173.4,29.4,191.7044266,9.283901714,26.06291953,0,20.28146239,93.6440266,1.728,1.132277608
7,11,10,210.4225352,272,45.2,302.6078139,14.18373873,26.1420904,0,20.85525071,91.64522134,1.544,1.132277608
7,11,10.5,213.943662,281.8,46.6,312.6419299,14.44162489,26.40929209,0,21.26797564,89.64641608,1.477,1.132277608
7,11,11,517.6056338,679,106.8,718.759572,33.78308679,26.81504279,0,22.06322612,85.84868607,1.828,1.132277608
7,11,11.5,393.6619718,531,81.8,593.0690664,28.1095913,27.14162263,0,22.92894184,80.95161318,2.061,1.132277608
7,11,12,560.7746479,718,109.8,782.3969919,37.39349302,28.54690557,0,23.84498986,77.11390707,2.518,1.132277608
7,11,12.5,499.4366197,659.2,100.8,725.8890755,35.07251759,29.51674872,0,24.85163604,73.16626668,2.55,1.132277608
7,11,13,516.1971831,673.6,103.2,740.9402495,35.84617606,30.21939019,0,25.76768406,69.51844707,2.4,1.132277608
7,11,13.5,479.8591549,625.4,97.4,686.0166672,34.04097295,30.97151345,0,26.25087422,67.13986881,2.186,1.132277608
7,11,14,422.0422535,574.6,91,642.9755907,31.97788368,31.52570954,0,26.86492839,65.59079473,2.614,1.132277608
7,11,14.5,371.1971831,515.4,82.4,575.1132799,28.88324978,31.85228938,0,27.14678932,64.64136223,2.572,1.132277608
7,11,15,309.2957746,437,72,491.6716837,25.0149574,31.90177117,0,27.44878318,63.46206712,2.463,1.132277608
7,11,15.5,236.9014085,350.2,60.4,396.8756931,20.37300654,31.75332579,0,27.5997801,63.33214478,3.02,1.132277608
7,11,16,158.5211268,258,48.4,294.9501991,15.47316952,31.54550226,0,27.48904902,63.86182817,3.112,1.132277608
7,11,16.5,80,166.2,32.6,190.9122596,10.83121867,31.28819693,0,27.17698871,64.72131444,3.42,1.132277608
7,11,17,14.57746479,81.2,14.8,94.00382353,5.157723175,30.88244622,0,26.69379854,66.54022723,3.282,1.132277608
7,11,17.5,-37.18309859,14.8,2,19.8041763,0.773658476,30.56576275,0,25.97907976,69.49845902,2.432,1.132277608
7,11,18,-45.07042254,0.8,0,0.792167052,0,30.23918291,0,25.00263296,73.1762607,2.099,1.132277608
7,11,18.5,-41.12676056,0,0,0,0,29.73446861,0,24.07651848,77.1239011,2.234,1.132277608
7,11,19,-39.85915493,0,0,0,0,29.2099616,0,23.40206554,80.05215081,2.024,1.132277608
7,11,19.5,-38.52112676,0,0,0,0,28.73493638,0,23.03967292,82.15089634,2.042,1.132277608
7,11,20,-38.16901408,0,0,0,0,28.35887475,0,22.60681506,83.65000028,2.189,1.132277608
7,11,20.5,-38.5915493,0,0,0,0,28.03229492,0,22.36521998,84.44952239,2.564,1.132277608
7,11,21,-39.50704225,0,0,0,0,27.76509323,0,22.1739572,85.14910423,2.487,1.132277608
7,11,21.5,-36.90140845,0,0,0,0,27.57706241,0,21.81156458,85.64880555,1.779,1.132277608
7,11,22,-37.04225352,0,0,0,0,27.44840975,0,21.53977011,87.24784976,2.298,1.132277608
7,11,22.5,-37.3943662,0,0,0,0,27.29006801,0,21.40890611,87.54767055,1.393,1.132277608
7,11,23,-34.08450704,0,0,0,0,27.14162263,0,21.13711164,87.9474316,1.446,1.132277608
7,11,23.5,-35.42253521,0,0,0,0,27.00307361,0,20.75458609,88.34719265,0.161,1.132277608
7,12,0,-35.35211268,0,0,0,0,26.87442095,0,20.30159531,88.64701344,0.335,1.132277608
7,12,0.5,-34.71830986,0,0,0,0,26.73587192,0,19.989535,89.34659529,1.291,1.132277608
7,12,1,-34.43661972,0,0,0,0,26.5973229,0,19.74793991,90.24605765,0.999,1.132277608
7,12,1.5,-35.35211268,0,0,0,0,26.46867024,0,19.41574667,90.84569923,0.645,1.132277608
7,12,2,-33.23943662,0,0,0,0,26.33012122,0,19.07348697,91.24546029,0.714,1.132277608
7,12,2.5,-35.42253521,0,0,0,0,26.21136491,0,18.84195835,92.14492265,0.848,1.132277608
7,12,3,-35.63380282,0,0,0,0,26.07281589,0,18.6708285,92.64462397,1.371,1.132277608
7,12,3.5,-35.21126761,0,0,0,0,25.96395594,0,18.57016389,92.54468371,0.543,1.132277608
7,12,4,-32.81690141,0,0,0,0,25.83530328,0,18.44936634,92.94444476,0.933,1.132277608
7,12,4.5,-32.67605634,0,0,0,0,25.73633969,0,18.24803711,92.94444476,0.793,1.132277608
7,12,5,-35.98591549,0,0,0,0,25.64727247,0,18.08697372,93.24426555,0.901,1.132277608
7,12,5.5,-33.52112676,0.2,0,0,0,25.5681016,0,17.91584387,93.54408634,1.14,1.132277608
7,12,6,-33.30985915,0.4,0,0,0,25.46913801,0,17.73464756,93.74396687,0.483,1.132277608
7,12,6.5,-29.78873239,6.8,1.2,8.44978189,0.515772317,25.38007078,0,17.60378355,93.94384739,1.049,1.132277608
7,12,7,3.661971831,64.2,10.4,60.73280733,2.836747746,25.25141812,0,18.36883465,94.64342923,0.279,1.132277608
7,12,7.5,51.12676056,153.2,28,152.3601297,7.736584762,25.0633873,0,20.06000023,94.34360844,0.043,1.132277608
7,12,8,112.5352113,248.4,44.2,257.454292,12.89430794,24.96442371,0,20.95591533,93.44414608,0.524,1.132277608
7,12,8.5,156.4788732,305.8,52.2,335.8788301,15.98894184,24.96442371,0,21.75116581,91.64522134,0.796,1.132277608
7,12,9,278.4507042,423.8,69.6,460.7771687,21.66243733,25.42955257,0,22.3853529,89.94623686,1.072,1.132277608
7,12,9.5,345.1408451,506.6,80.4,550.0279899,25.53072971,26.09260861,0,23.25106861,86.94802897,1.382,1.132277608
7,12,10,405.8450704,574.4,89.2,624.4916928,28.88324978,27.02286633,0,24.21744894,82.65059765,1.759,1.132277608
7,12,10.5,448.5915493,628.2,96,682.847999,31.71999752,27.89374589,0,25.08316466,77.09391902,1.996,1.132277608
7,12,11,487.8873239,668.6,101.2,725.8890755,34.04097295,28.59638736,0,26.39180469,71.87703728,1.831,1.132277608
7,12,11.5,508.5915493,694.4,104.6,754.1430337,35.58828991,29.33861427,0,27.74071057,66.1104841,1.344,1.132277608
7,12,12,515.8450704,703,106,764.705261,36.8777207,30.48659188,0,29.01915121,59.6943192,1.665,1.132277608
7,12,12.5,521.6197183,693.4,105.2,756.5195348,36.8777207,31.40695324,0,29.93519923,55.72669075,1.77,1.132277608
7,12,13,494.084507,672.8,102,735.6591358,36.10406222,31.703844,0,30.68011741,52.74847091,1.712,1.132277608
7,12,13.5,465.8450704,630.8,97.4,687.3369456,34.55674527,32.4955527,0,31.13310819,50.81962383,1.444,1.132277608
7,12,14,414.6478873,578,90.8,641.3912566,32.23576984,32.92109612,0,32.26055191,47.67150554,1.096,1.132277608
7,12,14.5,360.2816901,519.4,82.4,575.6413913,29.3990221,33.29715775,0,32.41154883,47.29173254,1.727,1.132277608
7,12,15,309.9295775,441.2,72.2,492.9919621,25.53072971,33.64353031,0,32.64307745,47.36169072,1.696,1.132277608
7,12,15.5,234.7887324,352,60.4,395.5554147,20.88877886,33.25757232,0,32.51221345,47.31172059,2.005,1.132277608
7,12,16,151.1971831,257.6,47.8,290.4612525,15.47316952,32.97057791,0,32.62294453,45.34289741,1.727,1.132277608
7,12,16.5,70.98591549,162.4,31.6,182.9905891,10.57333251,32.51534541,0,32.63301099,44.74325583,1.769,1.132277608
7,12,17,7.253521127,77.2,14,88.19459848,5.157723175,32.24814373,0,31.7874282,50.68970149,2.013,1.132277608
7,12,17.5,-34.92957746,12.6,1.8,17.42767515,0.773658476,32.03042384,0,30.30765832,57.37570509,1.938,1.132277608
7,12,18,-39.50704225,0.6,0,0.528111368,0,31.86218574,0,28.23396719,64.89121288,1.989,1.132277608
7,12,18.5,-37.81690141,0,0,0,0,31.27830057,0,26.66359916,70.52784373,2.396,1.132277608
7,12,19,-34.36619718,0,0,0,0,30.56576275,0,26.14014314,72.80648173,2.507,1.132277608
7,12,19.5,-33.73239437,0,0,0,0,29.91260307,0,25.85828221,72.70654147,2.962,1.132277608
7,12,20,-36.12676056,0,0,0,0,29.36830334,0,26.10994376,71.34735389,3.091,1.132277608
7,12,20.5,-34.50704225,0,0,0,0,28.98234535,0,25.58648775,74.05573502,2.904,1.132277608
7,12,21,-32.6056338,0,0,0,0,28.7547291,0,25.23416158,75.8346717,2.743,1.132277608
7,12,21.5,-30.91549296,0,0,0,0,28.54690557,0,24.91203481,77.22384136,2.783,1.132277608
7,12,22,-35.42253521,0,0,0,0,28.33908204,0,24.6503068,78.57303491,2.487,1.132277608
7,12,22.5,-32.25352113,0,0,0,0,28.23022209,0,24.12685079,81.65119502,2.689,1.132277608
7,12,23,-33.5915493,0,0,0,0,28.07188035,0,23.85505632,82.45071713,1.533,1.132277608
7,12,23.5,-33.45070423,0,0,0,0,27.93333133,0,23.27120154,83.25023923,0.904,1.132277608
7,13,0,-32.25352113,0,0,0,0,27.82447138,0,22.56654921,86.34838739,1.442,1.132277608
7,13,0.5,-35.21126761,0,0,0,0,27.64633693,0,22.10349197,87.04796923,0.614,1.132277608
7,13,1,-36.05633803,0,0,0,0,27.46820247,0,21.50957073,87.84749134,0.742,1.132277608
7,13,1.5,-33.5915493,0,0,0,0,27.31975709,0,21.1471781,89.0467745,0.637,1.132277608
7,13,2,-32.95774648,0,0,0,0,27.16141535,0,20.83511779,89.94623686,0.668,1.132277608
7,13,2.5,-32.6056338,0,0,0,0,26.98328089,0,20.50292455,90.24605765,1.518,1.132277608
7,13,3,-33.38028169,0,0,0,0,26.83483551,0,20.3317947,90.64581871,1.377,1.132277608
7,13,3.5,-32.74647887,0,0,0,0,26.69628649,0,20.3317947,91.44534081,1.652,1.132277608
7,13,4,-32.46478873,0,0,0,0,26.57753018,0,20.27139593,92.14492265,1.762,1.132277608
7,13,4.5,-33.38028169,0,0,0,0,26.44887752,0,20.18079777,91.94504213,1.583,1.132277608
7,13,5,-31.83098592,0,0,0,0,26.34001758,0,19.91906976,92.24486292,1.767,1.132277608
7,13,5.5,-33.8028169,0,0,0,0,26.24105399,0,19.75800638,92.14492265,1.447,1.132277608
7,13,6,-29.92957746,0.4,0,0,0,26.15198676,0,19.66740822,92.74456423,1.677,1.132277608
7,13,6.5,-29.50704225,6.2,1.2,6.865447786,0.257886159,26.08271225,0,19.70767407,92.74456423,1.443,1.132277608
7,13,7,-4.014084507,51.6,8.8,49.90652429,2.320975429,25.96395594,0,19.95933561,93.24426555,1.182,1.132277608
7,13,7.5,24.36619718,112.2,20,118.8250578,6.18926781,25.78582149,0,21.23777626,93.34420581,1.19,1.132277608
7,13,8,101.6197183,239.2,42.6,250.3247885,12.89430794,25.64727247,0,22.20415659,92.34480318,1.143,1.132277608
7,13,8.5,140.4929577,292.2,50.6,316.0746538,15.73105568,25.79571785,0,23.14033753,91.24546029,0.987,1.132277608
7,13,9,288.4507042,453.4,75.4,485.0702916,23.7255266,26.04312681,0,24.59997449,88.84689397,0.862,1.132277608
7,13,9.5,363.8028169,536.2,86.2,573.5289458,27.85170514,26.33012122,0,25.71735175,84.1497016,1.044,1.132277608
7,13,10,416.1971831,600.2,93.4,639.0147554,30.94633905,26.9337991,0,26.90519424,71.68715078,1.327,1.132277608
7,13,10.5,481.4084507,676,103.4,717.7033493,34.81463143,27.90364225,0,29.09968291,51.27934904,2.693,1.132277608
7,13,11,419.4366197,597.8,91,641.6553123,31.46211137,29.14068709,0,31.27403865,39.10662498,3.546,1.132277608
7,13,11.5,494.0140845,696.4,105.8,743.052695,36.8777207,30.07094481,0,31.80756113,37.20775998,3.579,1.132277608
7,13,12,520.1408451,726.2,109.8,774.2112657,38.94080997,31.13975155,0,32.45181468,35.98848877,3.45,1.132277608
7,13,12.5,513.028169,728.8,110.4,776.8518225,39.19869613,31.91166753,0,33.13633408,34.56933704,3.102,1.132277608
7,13,13,430.2112676,611.6,93,660.9313772,33.52520064,32.28772916,0,33.45846086,32.13079461,2.496,1.132277608
7,13,13.5,473.2394366,664.2,102.4,706.8770662,36.8777207,32.84192525,0,34.0523821,30.14198338,3.166,1.132277608
7,13,14,427.2535211,606.6,95,659.3470431,34.29885911,33.29715775,0,34.27384426,29.72223427,2.967,1.132277608
7,13,14.5,356.7605634,537.8,85,582.506839,30.68845289,33.60394487,0,34.37450888,29.2025449,2.576,1.132277608
7,13,15,298.4507042,462.4,75.2,503.5541895,26.82016051,33.79197569,0,34.63623689,29.36244932,2.282,1.132277608
7,13,15.5,219.6478873,367,62,403.2130296,21.92032349,33.71280482,0,34.4751735,30.28189974,2.081,1.132277608
7,13,16,136.5492958,262.4,47.8,290.1971968,15.98894184,33.55446308,0,33.99198333,33.59991648,2.522,1.132277608
7,13,16.5,64.43661972,170,32,188.5357584,10.83121867,33.2377796,0,32.88467254,38.3170969,3.423,1.132277608
7,13,17,1.830985915,85.4,15.6,94.26787921,5.673495492,32.85182161,0,31.92835867,41.95492248,2.866,1.132277608
7,13,17.5,-38.38028169,17,3,20.33228767,1.031544635,32.40648547,0,30.57945279,47.38167878,2.613,1.132277608
7,13,18,-43.94366197,1.2,0.2,0.792167052,0,32.05021655,0,28.63662567,53.81783172,3.133,1.132277608
7,13,18.5,-41.47887324,0,0,0,0,31.43664231,0,27.57964718,56.26636817,3.328,1.132277608
7,13,19,-41.83098592,0,0,0,0,30.7438972,0,26.76426377,58.66493449,3.222,1.132277608
7,13,19.5,-41.33802817,0,0,0,0,30.20949383,0,25.83814929,62.44267644,3.179,1.132277608
7,13,20,-43.87323944,0,0,0,0,29.74436497,0,25.35495912,63.07230009,2.976,1.132277608
7,13,20.5,-41.54929577,0,0,0,0,29.32871791,0,24.92210127,64.2515952,2.75,1.132277608
7,13,21,-41.83098592,0,0,0,0,29.0417235,0,24.3080471,66.45028099,2.133,1.132277608
7,13,21.5,-44.78873239,0,0,0,0,28.86358905,0,23.6235277,70.4778736,1.081,1.132277608
7,13,22,-45.70422535,0,0,0,0,28.70524731,0,22.55648275,75.75471949,1.658,1.132277608
7,13,22.5,-44.01408451,0,0,0,0,28.4677347,0,21.87196335,79.05274818,0.984,1.132277608
7,13,23,-44.85915493,0,0,0,0,28.25001481,0,21.00624764,81.65119502,1.503,1.132277608
7,13,23.5,-45,0,0,0,0,28.03229492,0,20.50292455,82.95041844,0.77,1.132277608
7,14,0,-45.14084507,0,0,0,0,27.79478231,0,19.84860453,84.84928344,0.966,1.132277608
7,14,0.5,-42.46478873,0,0,0,0,27.59685513,0,19.50634483,86.64820818,1.673,1.132277608
7,14,1,-45.21126761,0,0,0,0,27.37913524,0,19.36541437,87.54767055,1.903,1.132277608
7,14,1.5,-42.95774648,0,0,0,0,27.16141535,0,19.19428452,88.04737186,1.656,1.132277608
7,14,2,-44.71830986,0,0,0,0,26.96348817,0,18.69096143,88.64701344,1.386,1.132277608
7,14,2.5,-45.63380282,0,0,0,0,26.80514644,0,18.31850234,89.74635634,0.667,1.132277608
7,14,3,-45.42253521,0,0,0,0,26.6468047,0,18.0668408,89.8462966,0.635,1.132277608
7,14,3.5,-43.87323944,0,0,0,0,26.49835931,0,17.82524571,90.54587844,1.147,1.132277608
7,14,4,-43.66197183,0,0,0,0,26.34991393,0,17.55345125,90.64581871,1.969,1.132277608
7,14,4.5,-42.46478873,0,0,0,0,26.17177948,0,17.60378355,91.54528108,2.062,1.132277608
7,14,5,-43.5915493,0.2,0,0,0,26.01343774,0,18.10710664,91.94504213,1.53,1.132277608
7,14,5.5,-44.15492958,0.4,0,0,0,25.86499236,0,17.7245811,91.94504213,1.048,1.132277608
7,14,6,-40.28169014,0.6,0,0.264055684,0,25.77592513,0,17.34205555,92.54468371,1.18,1.132277608
7,14,6.5,-35.70422535,10.6,2,10.29817168,0.515772317,25.67696154,0,17.14072631,92.8445045,1.276,1.132277608
7,14,7,0.070422535,76.4,12.4,69.44664491,3.352520064,25.50872344,0,17.83531218,93.34420581,1.511,1.132277608
7,14,7.5,44.85915493,161.8,29.8,162.9223571,8.768129397,25.31079627,0,20.16066485,93.6440266,1.214,1.132277608
7,14,8,90.91549296,275.4,49.6,283.331749,14.69951105,25.14255817,0,21.52970365,91.54528108,0.895,1.132277608
7,14,8.5,193.8028169,373.2,64.2,389.2180783,20.11512038,25.08318002,0,22.79807783,89.34659529,0.932,1.132277608
7,14,9,281.1267606,455.8,75,477.6767325,23.98341276,25.34048535,0,23.90538863,84.54946265,1.127,1.132277608
7,14,9.5,354.1549296,543,86.4,568.2478321,28.36747746,26.01343774,0,25.44555728,75.52485689,1.145,1.132277608
7,14,10,419.6478873,616.2,95.8,644.8239805,32.23576984,26.75566464,0,27.13672286,57.61556173,1.709,1.132277608
7,14,10.5,412.3239437,603.8,92.6,636.90231,31.97788368,27.75519687,0,29.66340477,45.71267638,1.775,1.132277608
7,14,11,493.8028169,698.6,105.8,732.4904676,37.13560686,28.45783834,0,31.1029088,42.8343968,1.837,1.132277608
7,14,11.5,507.8169014,721.4,108.8,759.1600917,38.94080997,29.36830334,0,31.64649774,37.63750311,2.635,1.132277608
7,14,12,527.2535211,731.4,110.2,773.6831543,39.9723546,31.03089161,0,32.50214699,33.04025101,2.981,1.132277608
7,14,12.5,510.9859155,725.4,109.6,769.1942077,40.23024076,32.11949106,0,33.03566946,31.8609559,2.471,1.132277608
7,14,13,499.7183099,692.8,105.2,737.7715813,39.19869613,32.3273146,0,33.56919194,29.82217453,2.48,1.132277608
7,14,13.5,475.7042254,655.6,101,693.9383377,37.39349302,32.4955527,0,34.36444242,28.01325577,2.107,1.132277608
7,14,14,411.8309859,597.2,93.4,646.6723703,34.81463143,33.10912694,0,34.57583811,26.42420559,1.428,1.132277608
7,14,14.5,357.4647887,537.6,85,580.1303379,31.71999752,33.67321938,0,35.01876243,26.32426532,1.402,1.132277608
7,14,15,301.4788732,458.6,74.6,498.5371315,27.59381898,33.84145748,0,34.67650273,26.40421753,1.588,1.132277608
7,14,15.5,223.7323944,369.6,62.8,404.533308,22.95186813,33.70290846,0,34.89796489,25.88452816,1.895,1.132277608
7,14,16,146.4788732,273.8,50.2,301.8156469,17.27837264,33.91073199,0,33.77052117,27.67345888,2.136,1.132277608
7,14,16.5,67.81690141,174.4,33.8,193.0247051,11.60487714,33.60394487,0,33.63965717,29.04264048,1.711,1.132277608
7,14,17,1.408450704,82.2,14.8,91.62732237,5.673495492,33.08933422,0,32.43168176,33.28010764,2.061,1.132277608
7,14,17.5,-41.69014085,15.4,2.2,20.06823199,1.031544635,32.77265074,0,30.9720448,40.75563933,1.742,1.132277608
7,14,18,-50.14084507,0.6,0,0.792167052,0,32.60441264,0,27.64004595,51.79903841,1.581,1.132277608
7,14,18.5,-45.98591549,0,0,0,0,31.97104568,0,25.59655421,61.17343509,0.973,1.132277608
7,14,19,-46.61971831,0,0,0,0,31.16944063,0,23.91545509,67.58959999,1.267,1.132277608
7,14,19.5,-46.26760563,0,0,0,0,30.46679916,0,22.46588459,73.45609344,1.19,1.132277608
7,14,20,-44.15492958,0,0,0,0,29.89281035,0,21.84176396,74.56543036,2.144,1.132277608
7,14,20.5,-40.28169014,0,0,0,0,29.42768149,0,21.1471781,73.05633239,2.737,1.132277608
7,14,21,-39.50704225,0,0,0,0,29.01203443,0,22.09342551,62.20281981,2.805,1.132277608
7,14,21.5,-40.70422535,0,0,0,0,28.57659464,0,22.94907476,58.92477917,2.349,1.132277608
7,14,22,-41.90140845,0,0,0,0,28.34897839,0,22.1739572,63.40210296,2.35,1.132277608
7,14,22.5,-42.95774648,0,0,0,0,28.22032573,0,21.02638056,69.15866212,1.235,1.132277608
7,14,23,-41.47887324,0,0,0,0,28.02239856,0,20.30159531,75.90462989,0.199,1.132277608
7,14,23.5,-38.8028169,0,0,0,0,27.80467867,0,19.70767407,79.52246741,0.385,1.132277608
7,15,0,-42.18309859,0,0,0,0,27.58695877,0,19.23455036,81.55125476,1.845,1.132277608
7,15,0.5,-45.42253521,0,0,0,0,27.37913524,0,19.27481621,80.65179239,0.647,1.132277608
7,15,1,-40.70422535,0,0,0,0,27.17131171,0,18.94262297,82.75053792,0.331,1.132277608
7,15,1.5,-41.83098592,0,0,0,0,27.03276269,0,18.51983158,83.94982107,0.923,1.132277608
7,15,2,-43.09859155,0,0,0,0,26.87442095,0,18.70102789,84.44952239,1.877,1.132277608
7,15,2.5,-42.25352113,0,0,0,0,26.70618285,0,18.31850234,85.14910423,0.825,1.132277608
7,15,3,-41.83098592,0,0,0,0,26.5973229,0,18.03664141,86.64820818,1.692,1.132277608
7,15,3.5,-39.78873239,0,0,0,0,26.46867024,0,18.02657495,87.1479095,1.485,1.132277608
7,15,4,-38.8028169,0,0,0,0,26.30043214,0,17.93597679,87.74755107,1.056,1.132277608
7,15,4.5,-39.15492958,0,0,0,0,26.15198676,0,17.79504633,88.54707318,1.507,1.132277608
7,15,5,-38.87323944,0,0,0,0,26.03323046,0,17.42258724,88.94683423,1.296,1.132277608
7,15,5.5,-37.95774648,0,0,0,0,25.93426687,0,17.34205555,89.8462966,1.222,1.132277608
7,15,6,-35.84507042,0.2,0,0,0,25.82540692,0,17.18099216,90.24605765,1.515,1.132277608
7,15,6.5,-31.69014085,6.2,1.2,7.657614838,0.515772317,25.72644334,0,17.24139093,90.64581871,1.629,1.132277608
7,15,7,1.197183099,67,11,64.42958691,3.094633905,25.58789431,0,17.75478048,91.44534081,1.435,1.132277608
7,15,7.5,19.22535211,144,26.4,147.079016,8.510243238,25.37017442,0,19.33521498,89.64641608,2.083,1.132277608
7,15,8,123.943662,256.2,46,269.3367977,14.95739721,25.16235089,0,20.78478548,85.2490445,2.213,1.132277608
7,15,8.5,215.7042254,350.4,59.8,372.5825702,20.11512038,25.03369823,0,22.3853529,75.87464781,2.645,1.132277608
7,15,9,259.0140845,404.4,66,435.1637673,22.95186813,25.28110719,0,24.39864526,64.30156533,2.76,1.132277608
7,15,9.5,362.8169014,528,83.6,563.7588855,29.65690825,25.86499236,0,26.46226992,57.11586041,2.281,1.132277608
7,15,10,412.8873239,587.4,91.4,623.9635814,32.75154216,26.51815203,0,28.21383427,52.90837533,2.349,1.132277608
7,15,10.5,465.6338028,639.8,97.8,681.7917763,35.58828991,27.35934252,0,29.36141091,50.29993446,2.489,1.132277608
7,15,11,497.1830986,670.2,101.8,711.1019572,37.65137918,28.10156943,0,30.43852232,48.80083051,2.739,1.132277608
7,15,11.5,517.2535211,700.6,106,749.3900314,39.9723546,28.93286356,0,31.59616543,44.65330959,3.647,1.132277608
7,15,12,524.6478873,713.4,107.6,769.722319,41.2617854,30.2886647,0,32.90480546,38.35707301,4.781,1.132277608
7,15,12.5,504.2957746,675.2,102.6,731.1701892,39.71446845,31.09026976,0,33.3678627,37.47759869,4.446,1.132277608
7,15,13,524.6478873,704.4,107.4,758.3679246,41.51967156,31.48612411,0,33.65979009,35.97849475,4.685,1.132277608
7,15,13.5,429.9295775,586.2,90.6,632.9414747,35.07251759,31.9908384,0,34.03224918,35.71865006,4.23,1.132277608
7,15,14,383.943662,540.4,85.4,595.1815119,33.00942832,32.51534541,0,34.06244856,34.92912198,3.921,1.132277608
7,15,14.5,373.4507042,529.6,84.4,578.2819481,32.493656,32.64399808,0,34.36444242,33.41002998,3.692,1.132277608
7,15,15,302.4647887,439.4,72,484.0140689,27.59381898,32.67368715,0,34.50537288,33.70985077,3.589,1.132277608
7,15,15.5,234.7183099,363.6,62.2,401.3646398,23.20975429,32.74296166,0,34.6060375,34.5193669,2.942,1.132277608
7,15,16,155.9859155,267.8,49.4,296.7985889,17.53625879,32.60441264,0,34.76710089,34.21954611,2.408,1.132277608
7,15,16.5,74.92957746,171.6,33.4,191.9684823,11.8627633,32.45596726,0,34.45504057,35.51876954,2.127,1.132277608
7,15,17,11.4084507,84.4,15.4,95.58815763,5.931381651,32.28772916,0,34.06244856,37.62750909,1.503,1.132277608
7,15,17.5,-34.64788732,15.8,2.2,20.86039904,1.031544635,32.34710731,0,32.01895682,47.03188785,0.401,1.132277608
7,15,18,-42.67605634,0.8,0,0.792167052,0,32.59451628,0,28.84802136,59.66433712,0.3,1.132277608
7,15,18.5,-39.15492958,0,0,0,0,32.11949106,0,26.22067484,66.61018541,1.624,1.132277608
7,15,19,-36.69014085,0,0,0,0,31.34757508,0,25.28449389,70.69774218,1.498,1.132277608
7,15,19.5,-35.98591549,0,0,0,0,30.68451905,0,24.32818002,72.84645783,1.331,1.132277608
7,15,20,-35.07042254,0,0,0,0,30.15011568,0,23.88525571,75.66477326,1.644,1.132277608
7,15,20.5,-37.3943662,0,0,0,0,29.7146759,0,23.48259723,76.77411018,1.819,1.132277608
7,15,21,-37.67605634,0,0,0,0,29.31882155,0,23.48259723,73.83586644,2.405,1.132277608
7,15,21.5,-37.95774648,0,0,0,0,28.97244899,0,23.61346124,72.73652354,2.359,1.132277608
7,15,22,-35.35211268,0,0,0,0,28.70524731,0,23.412132,73.58601578,2.632,1.132277608
7,15,22.5,-34.64788732,0,0,0,0,28.54690557,0,22.95914122,75.59481507,3.141,1.132277608
7,15,23,-37.32394366,0,0,0,0,28.33908204,0,23.36179969,73.80588436,2.522,1.132277608
7,15,23.5,-36.83098592,0,0,0,0,28.14115486,0,22.79807783,75.27500623,1.659,1.132277608
7,16,0,-37.32394366,0,0,0,0,28.04219127,0,22.39541936,77.87345307,1.679,1.132277608
7,16,0.5,-37.11267606,0,0,0,0,27.92343497,0,21.63036827,81.75113528,1.441,1.132277608
7,16,1,-35.63380282,0,0,0,0,27.78488595,0,20.98611471,83.84988081,1.07,1.132277608
7,16,1.5,-35.63380282,0,0,0,0,27.62654421,0,20.60358916,85.2490445,0.788,1.132277608
7,16,2,-34.50704225,0,0,0,0,27.42861703,0,20.41232639,86.64820818,0.617,1.132277608
7,16,2.5,-34.85915493,0,0,0,0,27.26037894,0,20.23113008,86.94802897,1.035,1.132277608
7,16,3,-36.1971831,0,0,0,0,27.13172627,0,19.97946853,87.9474316,1.315,1.132277608
7,16,3.5,-36.12676056,0,0,0,0,27.02286633,0,19.72780699,88.84689397,1.194,1.132277608
7,16,4,-36.61971831,0,0,0,0,26.90411002,0,19.6472753,88.94683423,1.538,1.132277608
7,16,4.5,-35.07042254,0,0,0,0,26.79525008,0,19.45601252,89.24665502,1.877,1.132277608
7,16,5,-32.81690141,0,0,0,0,26.68639013,0,19.42581314,89.64641608,1.58,1.132277608
7,16,5.5,-34.92957746,0,0,0,0,26.58742654,0,19.28488267,90.44593818,1.391,1.132277608
7,16,6,-35.91549296,0.2,0,0,0,26.46867024,0,19.14395221,90.9456395,1.458,1.132277608
7,16,6.5,-30.70422535,7.6,1.4,8.977893258,0.515772317,26.35981029,0,19.00302174,90.74575897,1.194,1.132277608
7,16,7,4.225352113,70.4,11.6,69.44664491,3.610406222,26.20146855,0,19.3050156,91.64522134,1.046,1.132277608
7,16,7.5,28.8028169,161.6,30.4,166.8831923,9.799674032,25.98374866,0,21.10691225,90.44593818,1.192,1.132277608
7,16,8,127.7464789,254.2,46.2,268.8086864,14.95739721,25.79571785,0,21.88202981,87.1479095,1.594,1.132277608
7,16,8.5,210.2112676,348.6,60,372.0544588,20.6308927,25.75613241,0,23.19066984,83.74994055,1.671,1.132277608
7,16,9,282.6056338,434.8,71.6,465.7942267,25.27284356,25.96395594,0,24.68050619,76.22443873,2.067,1.132277608
7,16,9.5,357.5352113,514.6,82,552.6685467,29.65690825,26.4785666,0,26.64346623,64.08169675,2.706,1.132277608
7,16,10,414.8591549,581.6,90.6,625.0198042,33.26731448,27.13172627,0,28.88828721,53.59796315,2.795,1.132277608
7,16,10.5,465.2816901,633.4,97.2,680.9996092,36.36194838,27.90364225,0,30.32779124,49.38048404,2.863,1.132277608
7,16,11,491.3380282,673.2,102.2,724.5687971,38.94080997,28.70524731,0,31.29417157,47.74146372,2.681,1.132277608
7,16,11.5,521.971831,701,106.2,758.6319803,41.00389924,29.53654144,0,32.50214699,40.75563933,4.32,1.132277608
7,16,12,542.1830986,709.4,107.8,769.722319,42.03544387,30.70431177,0,33.18666639,39.21655927,3.695,1.132277608
7,16,12.5,527.9577465,700.2,106.6,762.0647042,42.03544387,31.51581318,0,33.51885963,39.33648759,3.132,1.132277608
7,16,13,504.3661972,677.4,103.4,738.5637483,41.00389924,32.25804009,0,33.96178395,38.00728209,2.945,1.132277608
7,16,13.5,483.8028169,635.4,99,690.7696695,39.19869613,32.70337623,0,34.25371134,36.80799893,3.867,1.132277608
7,16,14,429.3661972,584.2,92.4,648.2567044,36.61983454,33.14871237,0,34.44497411,35.58872772,3.575,1.132277608
7,16,14.5,386.9014085,529.8,84.6,584.3552288,33.26731448,33.36643226,0,34.75703443,35.50877551,3.212,1.132277608
7,16,15,230.4225352,347.4,56.6,393.4429693,22.69398197,33.49508493,0,34.74696797,35.4687994,2.965,1.132277608
7,16,15.5,209.3661972,325.4,55.8,364.1327883,21.40455117,33.65342666,0,34.52550581,36.21835138,2.244,1.132277608
7,16,16,148.2394366,255.8,47.6,282.8036376,16.76260032,33.27736503,0,34.69663566,35.6187098,2.408,1.132277608
7,16,16.5,70.98591549,165.6,32.4,185.1030345,11.60487714,32.99037063,0,34.71676858,36.58813035,1.816,1.132277608
7,16,17,11.47887324,84.2,15.4,94.79599058,5.931381651,32.74296166,0,34.35437596,37.84737767,1.605,1.132277608
7,16,17.5,-34.15492958,16.6,2.4,21.38851041,1.031544635,32.65389443,0,33.34772978,45.43284364,1.602,1.132277608
7,16,18,-42.88732394,0.8,0,0.792167052,0,32.9013034,0,29.42180968,57.76547212,1.42,1.132277608
7,16,18.5,-38.45070423,0,0,0,0,32.53513813,0,26.86492839,65.69073499,1.807,1.132277608
7,16,19,-39.64788732,0,0,0,0,31.78301487,0,25.85828221,69.44848889,1.946,1.132277608
7,16,19.5,-38.45070423,0,0,0,0,31.11006248,0,24.79123727,72.51665497,0.791,1.132277608
7,16,20,-36.4084507,0,0,0,0,30.55586639,0,23.9657874,74.86525115,1.25,1.132277608
7,16,20.5,-36.47887324,0,0,0,0,30.13032296,0,23.45239785,77.49368007,1.238,1.132277608
7,16,21,-36.12676056,0,0,0,0,29.75426133,0,23.07993876,79.01277207,1.343,1.132277608
7,16,21.5,-37.81690141,0,0,0,0,29.40788878,0,23.24100215,77.32378162,2.914,1.132277608
7,16,22,-37.32394366,0,0,0,0,29.06151622,0,23.52286308,77.21384734,2.409,1.132277608
7,16,22.5,-35.77464789,0,0,0,0,28.86358905,0,23.19066984,77.20385331,1.657,1.132277608
7,16,23,-34.08450704,0,0,0,0,28.70524731,0,22.9390083,78.63299907,2.117,1.132277608
7,16,23.5,-36.61971831,0,0,0,0,28.53700921,0,22.86854307,80.15209107,3.268,1.132277608
7,17,0,-35.07042254,0,0,0,0,28.26980752,0,22.9390083,79.00277805,2.254,1.132277608
7,17,0.5,-34.64788732,0,0,0,0,28.16094758,0,22.33502059,80.25203134,1.125,1.132277608
7,17,1,-33.38028169,0,0,0,0,28.07188035,0,21.79143165,82.85047818,1.019,1.132277608
7,17,1.5,-34.22535211,0,0,0,0,27.9630204,0,21.37870672,84.34958213,1.544,1.132277608
7,17,2,-34.71830986,0,0,0,0,27.81457502,0,21.08677933,85.14910423,1.986,1.132277608
7,17,2.5,-34.36619718,0,0,0,0,27.66612964,0,20.91564948,85.64880555,0.984,1.132277608
7,17,3,-35.35211268,0,0,0,0,27.52758062,0,20.69418732,86.54826792,0.958,1.132277608
7,17,3.5,-35.56338028,0,0,0,0,27.39892796,0,20.29152885,87.44773029,1.369,1.132277608
7,17,4,-33.5915493,0,0,0,0,27.28017165,0,20.00966792,88.54707318,1.485,1.132277608
7,17,4.5,-33.23943662,0,0,0,0,27.16141535,0,19.82847161,89.34659529,1.112,1.132277608
7,17,5,-34.22535211,0,0,0,0,27.03276269,0,19.75800638,89.8462966,0.843,1.132277608
7,17,5.5,-32.81690141,0,0,0,0,26.91400638,0,19.67747468,90.14611739,1.369,1.132277608
7,17,6,-34.64788732,0.2,0,0,0,26.80514644,0,19.51641129,90.44593818,1.463,1.132277608
7,17,6.5,-31.05633803,6.8,1,8.977893258,0.515772317,26.69628649,0,19.34528144,90.9456395,1.583,1.132277608
7,17,7,5.281690141,70.2,11.6,69.18258922,3.610406222,26.54784111,0,19.96940207,91.7451616,0.703,1.132277608
7,17,7.5,33.5915493,163.4,31,168.9956378,10.31544635,26.32022486,0,21.96256151,90.84569923,0.915,1.132277608
7,17,8,132.5352113,256.8,46.8,273.8257444,15.73105568,26.12229768,0,22.77794491,87.34779002,1.169,1.132277608
7,17,8.5,214.8591549,351,60.4,378.1277396,21.14666502,26.0233341,0,23.89532217,82.05095607,1.946,1.132277608
7,17,9,292.3239437,437.4,72,473.7158972,26.04650203,26.23115763,0,25.87841514,70.01814839,2.807,1.132277608
7,17,9.5,359.0140845,518.2,82.6,560.8542729,30.43056673,26.77545736,0,28.32456535,58.33513162,1.923,1.132277608
7,17,10,413.8028169,582.8,90.8,629.5087508,34.04097295,27.48799519,0,30.03586385,51.40927138,2.209,1.132277608
7,17,10.5,463.8028169,636.8,97.8,687.6010013,37.13560686,28.32918568,0,31.51563373,47.49161306,2.758,1.036223413
7,17,11,496.5492958,682.8,104,739.6199711,40.23024076,29.21985796,0,32.73367561,38.35707301,4.82,1.036223413
7,17,11.5,523.6619718,709.8,107.8,769.9863747,42.03544387,30.04125573,0,33.58932486,36.45820801,4.639,1.036223413
7,17,12,507.2535211,682.4,104,744.9010847,41.00389924,31.11995883,0,33.97185041,35.74863214,4.069,1.036223413
7,17,12.5,534.1549296,713.2,109.2,775.7955998,43.06698851,31.89187481,0,34.25371134,34.53935496,3.576,1.036223413
7,17,13,533.1690141,711,109,770.5144861,43.06698851,32.4460709,0,34.92816428,33.85976117,2.897,1.132277608
7,17,13.5,461.4084507,628.8,98.4,677.0387739,38.68292381,33.04974878,0,34.93823074,33.37005388,3.443,1.132277608
7,17,14,411.1971831,571.2,91,622.643303,35.07251759,33.79197569,0,34.7369015,33.95970143,2.266,1.132277608
7,17,14.5,298.0985915,435.2,70,478.4688995,27.33593283,34.21751911,0,34.79730027,33.42002401,2.334,1.132277608
7,17,15,281.3380282,419,69,460.7771687,26.56227435,34.19772639,0,35.30062336,32.5805258,1.731,1.132277608
7,17,15.5,183.5211268,300,51.2,336.6709972,19.59934806,33.89093927,0,34.95836366,32.46059748,1.91,1.132277608
7,17,16,148.8732394,260.6,48,289.6690854,17.27837264,33.73259753,0,35.06909474,33.30009569,2.501,1.132277608
7,17,16.5,54.01408451,147.2,27.6,165.5629139,10.05756019,33.47529221,0,34.58590458,35.95850669,2.152,1.132277608
7,17,17,-2.676056338,73,13.4,82.38537343,5.157723175,33.19819416,0,34.30404365,38.99669069,1.239,1.132277608
7,17,17.5,-40.42253521,13.8,2.4,16.37145241,0.773658476,33.22788324,0,32.13975436,50.53979109,1.411,1.132277608
7,17,18,-44.71830986,0.6,0,0.528111368,0,33.25757232,0,28.64669213,59.00473138,1.435,1.132277608
7,17,18.5,-41.33802817,0,0,0,0,32.67368715,0,26.52266869,66.77008983,0.703,1.132277608
7,17,19,-39.50704225,0,0,0,0,31.93146025,0,25.23416158,71.12748531,0.49,1.132277608
7,17,19.5,-36.83098592,0,0,0,0,31.27830057,0,24.36844587,73.9358067,0.236,1.132277608
7,17,20,-36.61971831,0,0,0,0,30.7438972,0,23.93558801,74.99517349,1.275,1.132277608
7,17,20.5,-39.50704225,0,0,0,0,30.30845742,0,23.56312893,76.08452236,1.305,1.132277608
7,17,21,-37.88732394,0,0,0,0,29.97198122,0,22.84841014,75.97458807,1.538,1.132277608
7,17,21.5,-37.6056338,0,0,0,0,29.6651941,0,22.83834368,75.75471949,2.26,1.132277608
7,17,22,-38.02816901,0,0,0,0,29.34851062,0,23.24100215,74.32557373,2.429,1.132277608
7,17,22.5,-36.69014085,0,0,0,0,29.11099802,0,23.00947353,75.6048091,1.904,1.132277608
7,17,23,-39.01408451,0,0,0,0,28.9229672,0,22.54641629,78.03335749,1.855,1.132277608
7,17,23.5,-38.87323944,0,0,0,0,28.7547291,0,21.81156458,81.25143397,2.375,1.132277608
7,18,0,-37.81690141,0,0,0,0,28.56669829,0,21.5699695,81.65119502,1.137,1.132277608
7,18,0.5,-37.53521127,0,0,0,0,28.36877111,0,21.18744395,82.65059765,0.782,1.132277608
7,18,1,-40.07042254,0,0,0,0,28.21042937,0,20.95591533,83.74994055,1.068,1.132277608
7,18,1.5,-40.98591549,0,0,0,0,28.06198399,0,20.61365563,85.14910423,1.902,1.132277608
7,18,2,-41.97183099,0,0,0,0,27.90364225,0,20.65392147,85.74874581,1.869,1.132277608
7,18,2.5,-41.90140845,0,0,0,0,27.71561144,0,20.55325686,86.24844713,1.388,1.132277608
7,18,3,-38.8028169,0,0,0,0,27.57706241,0,19.96940207,87.74755107,0.903,1.132277608
7,18,3.5,-36.05633803,0,0,0,0,27.46820247,0,19.70767407,88.24725239,1.404,1.132277608
7,18,4,-32.81690141,0,0,0,0,27.33954981,0,19.58687653,89.14671476,0.514,1.132277608
7,18,4.5,-36.76056338,0,0,0,0,27.21089714,0,19.44594606,89.54647581,1.541,1.132277608
7,18,5,-36.61971831,0,0,0,0,27.09214084,0,19.4358796,89.44653555,0.575,1.132277608
7,18,5.5,-33.73239437,0,0,0,0,27.00307361,0,19.36541437,89.74635634,1.55,1.132277608
7,18,6,-35.42253521,0,0,0,0,26.92390274,0,19.15401867,90.34599792,0.521,1.132277608
7,18,6.5,-24.43661972,9,1.8,8.713837574,0.515772317,26.81504279,0,18.95268943,91.04557976,0.903,1.132277608
7,18,7,-17.53521127,26.4,4.6,22.70878883,1.289430794,26.66659741,0,20.29152885,89.14671476,5.095,1.132277608
7,18,7.5,45.07042254,107.6,20.6,117.2407237,6.962926286,26.46867024,0,22.07329258,84.64940292,5.705,1.036223413
7,18,8,101.4084507,199,35.6,218.9021621,12.63642178,26.40929209,0,22.98934061,81.25143397,5.771,1.036223413
7,18,8.5,216.6901408,357.8,62,385.7853544,21.92032349,26.4785666,0,23.99598678,77.14388915,5.633,1.036223413
7,18,9,278.5915493,424.6,70.8,461.8333914,25.78861587,26.765561,0,24.93216773,72.86644589,4.796,1.036223413
7,18,9.5,230.7746479,348.4,57.6,383.4088533,21.14666502,27.26037894,0,25.48582313,70.50785568,3.548,1.036223413
7,18,10,201.971831,310.8,51.2,343.0083336,18.56780343,27.91353861,0,25.27442743,70.48786762,3.979,1.036223413
7,18,10.5,257.5352113,377.2,61.4,413.7752569,22.43609581,28.40835655,0,25.42542436,68.91880549,3.179,1.036223413
7,18,11,378.943662,527.8,84,574.5851685,31.71999752,28.72504003,0,26.35153884,66.00054981,2.575,1.036223413
7,18,11.5,236.971831,347.4,56.2,383.6729089,20.88877886,29.08130894,0,26.84479547,64.53142794,2.234,1.036223413
7,18,12,336.1267606,478.6,76.6,519.6615862,28.62536362,29.63550503,0,27.35818502,62.80246138,2.429,1.036223413
7,18,12.5,402.4647887,559.4,88.6,610.7607972,33.78308679,29.94229215,0,27.6803118,62.26278396,5.749,1.132277608
7,18,13,380.5633803,517.6,81.6,573.5289458,31.97788368,30.40742101,0,27.22732102,63.92179233,4.858,1.132277608
7,18,13.5,233.2394366,345.4,55.8,383.9369646,20.88877886,31.01109889,0,26.68373208,64.69133236,3.36,1.132277608
7,18,14,179.9295775,281.6,45.8,313.434097,17.02048648,31.23871514,0,26.87499485,64.52143391,3.432,1.132277608
7,18,14.5,153.2394366,248,40.6,274.6179114,14.69951105,31.20902606,0,26.87499485,65.03112925,3.617,1.132277608
7,18,15,142.8873239,231.6,38,257.7183476,13.92585257,31.06058068,0,26.86492839,65.34094407,4.743,1.132277608
7,18,15.5,78.45070423,148.2,24.4,166.355081,9.541787873,30.96161709,0,26.12001022,69.27859044,5.017,1.132277608
7,18,16,90.35211268,164.6,27.6,186.6873686,10.83121867,30.89234258,0,25.55628836,71.9969656,4.332,1.132277608
7,18,16.5,11.76056338,68.8,11.4,85.28998595,5.157723175,30.64493362,0,25.36502559,71.41731207,3.434,1.132277608
7,18,17,-2.464788732,46,8.2,51.75491408,3.352520064,30.44700644,0,25.18382927,72.53664302,2.821,1.132277608
7,18,17.5,-25.14084507,11.2,1.8,13.73089557,0.515772317,30.23918291,0,24.92210127,75.01516155,3.234,1.132277608
7,18,18,-35.98591549,0.4,0,0.528111368,0,30.02146302,0,24.37851233,77.39373981,3.335,1.132277608
7,18,18.5,-35.84507042,0,0,0,0,29.76415769,0,23.91545509,78.8728557,2.518,1.132277608
7,18,19,-35.07042254,0,0,0,0,29.51674872,0,23.60339478,80.55185213,1.643,1.132277608
7,18,19.5,-32.46478873,0,0,0,0,29.26933975,0,23.25106861,81.45131449,1.033,1.132277608
7,18,20,-20.07042254,0,0,0,0,29.05161986,0,22.9390083,83.25023923,1.304,1.132277608
7,18,20.5,-13.02816901,0,0,0,0,28.85369269,0,22.91887537,84.54946265,1.139,1.132277608
7,18,21,-10.91549296,0,0,0,0,28.66566187,0,23.04973938,84.84928344,2.305,1.132277608
7,18,21.5,-17.88732394,0,0,0,0,28.50732013,0,23.19066984,84.24964186,3.967,1.132277608
7,18,22,-21.12676056,0,0,0,0,28.39846019,0,22.98934061,84.74934318,3.786,1.132277608
7,18,22.5,-18.5915493,0,0,0,0,28.35887475,0,22.7276126,86.0485666,4.536,1.132277608
7,18,23,-14.57746479,0,0,0,0,28.28960024,0,22.44575167,86.44832765,4.248,1.132277608
7,18,23.5,-10,0,0,0,0,28.21042937,0,22.2544889,86.94802897,4.28,1.132277608
7,19,0,-10.42253521,0,0,0,0,28.1312585,0,22.05315966,87.1479095,4.061,1.132277608
7,19,0.5,-9.507042254,0,0,0,0,28.05208763,0,21.85183043,87.34779002,4.106,1.132277608
7,19,1,-9.436619718,0,0,0,0,27.98281312,0,21.69076704,87.44773029,4.091,1.132277608
7,19,1.5,-9.577464789,0,0,0,0,27.90364225,0,21.54983657,87.44773029,3.85,1.132277608
7,19,2,-9.85915493,0,0,0,0,27.83436774,0,21.43910549,87.74755107,3.15,1.132277608
7,19,2.5,-8.873239437,0,0,0,0,27.76509323,0,21.2780421,88.74695371,3.044,1.132277608
7,19,3,-8.521126761,0,0,0,0,27.70571508,0,21.02638056,89.44653555,3.153,1.132277608
7,19,3.5,-8.661971831,0,0,0,0,27.64633693,0,20.90558302,89.94623686,3.17,1.132277608
7,19,4,-8.732394366,0,0,0,0,27.57706241,0,20.83511779,90.04617713,3.152,1.132277608
7,19,4.5,-8.591549296,0,0,0,0,27.5077879,0,20.73445317,90.24605765,3.393,1.132277608
7,19,5,-9.154929577,0,0,0,0,27.43851339,0,20.61365563,90.44593818,3.28,1.132277608
7,19,5.5,-8.943661972,0,0,0,0,27.37913524,0,20.49285809,90.04617713,3.215,1.132277608
7,19,6,-9.436619718,0,0,0,0,27.31975709,0,20.15059838,88.64701344,4.054,1.132277608
7,19,6.5,-8.309859155,1,0,1.32027842,0,27.26037894,0,20.04993377,88.04737186,3.521,1.132277608
7,19,7,-2.816901408,8,1.4,9.77006031,0.515772317,27.19110442,0,20.18079777,88.54707318,3.246,1.036223413
7,19,7.5,0.633802817,12,2,15.31522968,1.031544635,27.12182991,0,20.18079777,88.54707318,3.454,1.132277608
7,19,8,20.98591549,37.8,6.8,44.62541061,2.578861587,27.07234812,0,20.08013315,88.34719265,3.98,1.036223413
7,19,8.5,46.12676056,69,11.4,81.06509501,4.641950857,27.02286633,0,20.18079777,88.34719265,3.777,1.036223413
7,19,9,77.95774648,110.2,18.4,127.010784,7.220812445,27.00307361,0,20.45259224,87.74755107,4.18,1.036223413
7,19,9.5,121.056338,165,27.6,187.7435914,10.57333251,27.04265904,0,20.5935227,87.24784976,4.114,1.132277608
7,19,10,116.8309859,160.4,26.8,184.0468118,10.31544635,27.14162263,0,20.82505132,86.74814844,3.494,1.036223413
7,19,10.5,106.2676056,146.6,24.2,169.7878049,9.541787873,27.28017165,0,21.03644702,86.0485666,2.91,1.036223413
7,19,11,69.15492958,100.6,16.6,118.8250578,6.705040127,27.46820247,0,21.10691225,85.94862634,2.882,1.036223413
7,19,11.5,103.028169,143.2,23.8,166.0910253,9.541787873,27.59685513,0,21.16731102,85.84868607,3.462,1.036223413
7,19,12,121.8309859,170.4,28,197.7777074,10.83121867,27.66612964,0,21.2277098,85.84868607,2.94,1.036223413
7,19,12.5,161.4788732,219,36.4,245.8358419,13.66796641,27.69581872,0,21.55990303,84.64940292,2.534,1.132277608
7,19,13,216.3380282,290.2,48,320.8276561,17.27837264,27.81457502,0,21.99276089,83.15029897,3.052,1.132277608
7,19,13.5,137.4647887,188.4,31.4,211.2445473,11.8627633,27.9630204,0,22.35515351,81.35137423,3.184,1.132277608
7,19,14,154.0140845,210.8,35,238.178227,13.1521941,28.25001481,0,22.49608398,80.55185213,3.076,1.132277608
7,19,14.5,136.8309859,195.2,32.4,223.3911087,12.63642178,28.37866747,0,22.67728029,79.16268247,3.202,1.132277608
7,19,15,180.2816901,246,41.4,274.0898001,15.47316952,28.50732013,0,22.96920768,77.99338139,2.842,1.132277608
7,19,15.5,161.4788732,232.6,39.6,255.6059022,14.18373873,28.61618008,0,23.36179969,76.5542416,2.303,1.132277608
7,19,16,127.7464789,216.6,39.2,243.195285,14.44162489,28.76462546,0,23.57319539,75.55483897,2.986,1.132277608
7,19,16.5,85.77464789,155.2,28.6,171.372139,10.05756019,28.74483274,0,24.00605325,74.16566931,2.453,1.132277608
7,19,17,-6.690140845,38.8,6.8,45.41757766,2.578861587,28.98234535,0,23.51279662,75.86465378,2.122,1.132277608
7,19,17.5,-29.50704225,13,2.4,14.25900694,0.773658476,29.0912053,0,23.00947353,78.88284973,2.265,1.132277608
7,19,18,-46.12676056,0.6,0,0.792167052,0,28.90317448,0,22.3853529,81.55125476,2.405,1.132277608
7,19,18.5,-36.69014085,0,0,0,0,28.57659464,0,21.84176396,82.95041844,1.356,1.132277608
7,19,19,-37.11267606,0,0,0,0,28.25001481,0,21.36864026,84.54946265,1.304,1.132277608
7,19,19.5,-38.30985915,0,0,0,0,27.94322769,0,21.12704518,86.24844713,1.577,1.132277608
7,19,20,-41.4084507,0,0,0,0,27.66612964,0,20.97604825,87.84749134,2.456,1.132277608
7,19,20.5,-35.91549296,0,0,0,0,27.42861703,0,21.00624764,88.64701344,2.861,1.132277608
7,19,21,-9.366197183,0,0,0,0,27.25048258,0,20.99618117,88.44713292,3.208,1.132277608
7,19,21.5,-12.53521127,0,0,0,0,27.14162263,0,21.00624764,88.34719265,2.336,1.132277608
7,19,22,-19.36619718,0,0,0,0,27.11193356,0,20.81498486,88.84689397,2.285,1.132277608
7,19,22.5,-15,0,0,0,0,27.1020372,0,20.66398794,89.24665502,2.498,1.132277608
7,19,23,-12.88732394,0,0,0,0,27.06245176,0,20.54319039,89.44653555,2.178,1.132277608
7,19,23.5,-14.64788732,0,0,0,0,27.02286633,0,20.50292455,89.94623686,2.257,1.132277608
7,20,0,-38.30985915,0,0,0,0,26.96348817,0,20.34186116,90.14611739,1.935,1.132277608
7,20,0.5,-38.45070423,0,0,0,0,26.91400638,0,19.93920269,90.74575897,1.763,1.132277608
7,20,1,-37.11267606,0,0,0,0,26.82493915,0,19.68754114,91.24546029,1.344,1.132277608
7,20,1.5,-34.92957746,0,0,0,0,26.70618285,0,19.32514852,91.64522134,0.868,1.132277608
7,20,2,-37.67605634,0,0,0,0,26.57753018,0,18.99295528,91.94504213,0.799,1.036223413
7,20,2.5,-38.5915493,0,0,0,0,26.40929209,0,18.60036327,92.24486292,0.731,1.132277608
7,20,3,-35.49295775,0,0,0,0,26.27074306,0,18.44936634,92.44474344,0.617,1.036223413
7,20,3.5,-41.76056338,0,0,0,0,26.13219404,0,18.07690726,93.04438502,1.563,1.036223413
7,20,4,-41.83098592,0,0,0,0,26.01343774,0,17.94604326,93.04438502,1.139,1.036223413
7,20,4.5,-40.42253521,0,0,0,0,25.86499236,0,17.91584387,93.14432529,1.45,1.036223413
7,20,5,-42.04225352,0.2,0,0,0,25.70665062,0,17.8554451,93.34420581,1.516,1.036223413
7,20,5.5,-40.07042254,0.4,0,0,0,25.57799795,0,17.70444817,93.44414608,1.578,1.036223413
7,20,6,-41.83098592,0.6,0,0,0,25.44934529,0,17.71451463,93.94384739,2.028,1.036223413
7,20,6.5,-35.98591549,6.2,1,8.713837574,0.515772317,25.34048535,0,17.68431525,93.94384739,1.321,1.036223413
7,20,7,-3.028169014,60.8,10.8,64.6936426,3.610406222,25.25141812,0,17.86551156,94.34360844,0.278,1.036223413
7,20,7.5,55.21126761,164,30.8,172.6924174,10.05756019,25.10297274,0,18.94262297,94.24366818,0.357,1.036223413
7,20,8,114.9295775,261.6,47.2,282.8036376,15.73105568,24.98421643,0,19.95933561,93.54408634,0.744,1.036223413
7,20,8.5,144.2957746,272,47,303.6640367,17.02048648,24.90504556,0,20.15059838,90.74575897,1.088,1.036223413
7,20,9,244.2253521,367,61.8,405.8535864,22.69398197,25.32069263,0,20.61365563,89.44653555,0.996,1.036223413
7,20,9.5,361.7605634,523,83.6,567.1916094,30.94633905,25.92437051,0,21.55990303,86.34838739,1.393,1.036223413
7,20,10,427.2535211,595.8,93,643.2396464,35.07251759,26.78535372,0,22.44575167,82.55065739,1.357,1.036223413
7,20,10.5,471.9014085,650.6,100,701.0678412,38.16715149,27.60675149,0,23.55306247,77.86345905,1.338,1.036223413
7,20,11,509.9295775,691.4,105.6,745.1651404,40.74601308,28.4677347,0,24.76103788,73.01635628,1.515,1.036223413
7,20,11.5,531.2676056,717.2,109,772.8909873,42.55121619,29.27923611,0,25.86834868,68.45908028,1.726,1.036223413
7,20,12,542.8169014,728.8,110.8,785.0375487,43.58276083,30.69441541,0,26.79446316,64.14166091,1.491,1.036223413
7,20,12.5,541.9014085,720.4,110.2,778.964268,43.32487467,31.69394764,0,27.78097641,61.76308265,1.783,1.036223413
7,20,13,522.2535211,699,107.2,754.9352007,42.55121619,31.95125297,0,28.98895183,57.85541836,1.34,1.036223413
7,20,13.5,477.8873239,641,100.2,692.0899479,39.71446845,32.62420536,0,30.06606324,54.57737772,1.544,1.036223413
7,20,14,429.084507,598.6,94.8,659.8751545,37.65137918,33.29715775,0,30.35799063,54.51741357,1.853,1.036223413
7,20,14.5,378.0985915,525.6,84.2,576.9616697,33.26731448,33.37632862,0,31.22370634,51.92896075,2.508,1.036223413
7,20,15,317.3239437,464.2,76.4,510.9477487,29.65690825,33.54456672,0,31.15324111,50.45983888,2.458,1.132277608
7,20,15.5,245.4225352,374.6,64.2,415.8877024,24.75707124,33.57425579,0,31.26397219,49.93015549,2.418,1.036223413
7,20,16,164.1549296,279.6,51.6,312.9059856,18.82568959,33.29715775,0,31.28410511,49.93015549,2.358,1.132277608
7,20,16.5,80.70422535,182.4,35.8,204.9072108,12.63642178,32.97057791,0,31.00224418,50.1999942,2.119,1.132277608
7,20,17,13.23943662,91.6,16.8,103.5098282,6.705040127,32.58461992,0,30.53918694,52.04888907,2.194,1.132277608
7,20,17.5,-36.4084507,18.4,2.6,23.76501157,1.289430794,32.30752188,0,29.42180968,56.79605157,1.681,1.132277608
7,20,18,-47.74647887,1,0,1.056222736,0,32.04032019,0,27.60984656,62.36272423,1.87,1.132277608
7,20,18.5,-45.14084507,0,0,0,0,31.46633139,0,26.07974437,68.08930131,1.983,1.132277608
7,20,19,-42.88732394,0,0,0,0,30.78348264,0,25.29456035,71.15746739,2.661,1.132277608
7,20,19.5,-46.1971831,0,0,0,0,30.07094481,0,25.34489266,71.55722844,3.257,1.132277608
7,20,20,-48.66197183,0,0,0,0,29.51674872,0,25.06303173,75.02515557,2.859,1.132277608
7,20,20.5,-43.09859155,0,0,0,0,29.21985796,0,24.54964218,77.9234232,1.772,1.132277608
7,20,21,-39.78873239,0,0,0,0,29.02193079,0,23.93558801,79.28261078,1.459,1.036223413
7,20,21.5,-37.46478873,0,0,0,0,28.82400361,0,23.44233139,80.85167292,1.974,1.132277608
7,20,22,-39.78873239,0,0,0,0,28.61618008,0,22.81821076,82.2508366,1.752,1.036223413
7,20,22.5,-39.43661972,0,0,0,0,28.35887475,0,22.44575167,83.25023923,1.07,1.036223413
7,20,23,-38.23943662,0,0,0,0,28.1312585,0,21.78136519,85.04916397,1.412,1.036223413
7,20,23.5,-38.09859155,0,0,0,0,27.93333133,0,21.44917195,86.54826792,1.518,1.036223413
7,21,0,-36.83098592,0,0,0,0,27.73540415,0,21.10691225,87.74755107,1.643,1.036223413
7,21,0.5,-37.53521127,0,0,0,0,27.5572697,0,20.87538363,88.84689397,1.305,1.036223413
7,21,1,-37.04225352,0,0,0,0,27.3890316,0,20.50292455,89.0467745,1.17,1.036223413
7,21,1.5,-37.67605634,0,0,0,0,27.2207935,0,20.22106362,89.44653555,1.265,1.036223413
7,21,2,-38.45070423,0,0,0,0,27.08224448,0,19.81840515,89.74635634,0.571,1.036223413
7,21,2.5,-38.30985915,0,0,0,0,26.95359182,0,19.50634483,90.14611739,1.133,1.036223413
7,21,3,-39.50704225,0,0,0,0,26.82493915,0,19.27481621,91.14552002,1.152,1.036223413
7,21,3.5,-39.85915493,0,0,0,0,26.67649377,0,18.96275589,91.24546029,0.588,1.036223413
7,21,4,-40.07042254,0.2,0,0,0,26.52804839,0,18.68089497,91.64522134,0.552,1.036223413
7,21,4.5,-39.15492958,0.4,0,0,0,26.40929209,0,18.46949927,91.94504213,1.165,1.036223413
7,21,5,-39.85915493,0.4,0,0,0,26.29053578,0,18.16750541,92.24486292,0.993,1.036223413
7,21,5.5,-38.73239437,0.2,0,0,0,26.17177948,0,17.8554451,92.24486292,1.02,1.036223413
7,21,6,-38.94366197,0.6,0,0,0,26.04312681,0,17.67424879,92.74456423,0.664,1.036223413
7,21,6.5,-34.01408451,8.6,1.4,10.29817168,0.515772317,25.91447415,0,17.5131854,93.04438502,0.71,1.036223413
7,21,7,3.943661972,64.4,12.2,72.35125743,3.610406222,25.73633969,0,18.27823649,93.74396687,1.297,1.036223413
7,21,7.5,54.01408451,169.6,31.2,172.9564731,10.05756019,25.50872344,0,20.62372209,93.84390713,1.012,1.036223413
7,21,8,99.01408451,264.2,47.2,278.314691,15.47316952,25.31079627,0,21.53977011,92.34480318,1.278,1.036223413
7,21,8.5,195.2112676,355,61,380.2401851,21.40455117,25.25141812,0,22.52628336,91.34540055,1.31,1.036223413
7,21,9,289.0140845,442.4,72.8,474.5080643,26.30438819,25.46913801,0,23.53292954,88.74695371,1.821,1.036223413
7,21,9.5,355.4225352,519.2,82.8,557.9496604,30.43056673,26.01343774,0,24.6503068,84.74934318,1.873,1.036223413
7,21,10,419.3661972,589.8,92.2,633.2055304,34.55674527,26.81504279,0,25.64688652,77.44370994,1.889,1.036223413
7,21,10.5,461.971831,641.2,98.6,687.0728899,37.65137918,27.65623328,0,27.32798563,68.93879354,1.728,1.036223413
7,21,11,498.0985915,682.8,104,732.2264119,40.23024076,28.51721649,0,29.13994875,57.6455438,2.341,1.036223413
7,21,11.5,522.3239437,706.8,107.2,760.4803701,42.03544387,29.63550503,0,30.91164603,49.83021522,2.825,1.036223413
7,21,12,535.5633803,718.2,109,775.0034327,43.06698851,30.78348264,0,32.16995375,44.98311246,2.438,1.036223413
7,21,12.5,536.9014085,709.6,108.2,769.1942077,43.06698851,31.64446585,0,32.92493838,39.66629046,3.131,1.036223413
7,21,13,526.9014085,700.8,107,757.3117019,42.80910235,32.29762552,0,33.7101224,36.04845293,2.514,1.036223413
7,21,13.5,478.1690141,651.4,101.4,700.8037855,40.48812692,32.99037063,0,34.29397719,33.14019127,3.709,1.036223413
7,21,14,423.4507042,600.8,95,658.8189317,37.90926533,33.39612134,0,34.67650273,31.72103953,3.341,1.036223413
7,21,14.5,406.1971831,557.8,89,607.0640177,35.07251759,33.53467036,0,34.8174332,31.71104551,3.291,1.036223413
7,21,15,322.3239437,464.6,76.4,510.1555816,29.91479441,33.54456672,0,34.61610396,32.29069903,3.991,1.036223413
7,21,15.5,187.2535211,297.8,50.4,335.6147744,19.85723422,33.57425579,0,34.54563873,33.32008375,3.269,1.036223413
7,21,16,157.4647887,273.8,50.2,305.5124265,18.30991727,33.42581041,0,34.46510704,32.70045411,2.876,1.036223413
7,21,16.5,56.47887324,146.6,28.2,171.1080833,10.57333251,32.96068155,0,34.38457534,32.2007528,3.07,1.036223413
7,21,17,-8.943661972,58.6,10,72.61531312,4.384064698,32.9507852,0,33.14640054,37.8973478,2.157,1.132277608
7,21,17.5,-35.91549296,17.8,2.6,23.2369002,1.289430794,32.70337623,0,31.94849159,46.19238964,1.904,1.132277608
7,21,18,-46.05633803,1,0,1.056222736,0,32.69347987,0,28.55609397,55.1770193,1.472,1.132277608
7,21,18.5,-44.64788732,0,0,0,0,32.2778328,0,26.42200407,61.2134112,0.424,1.132277608
7,21,19,-40.35211268,0,0,0,0,31.58508769,0,25.01269942,66.96997036,0.952,1.036223413
7,21,19.5,-39.85915493,0,0,0,0,30.9121353,0,24.0966514,69.77829175,1.047,1.036223413
7,21,20,-43.66197183,0,0,0,0,30.29856106,0,24.98250004,65.83065136,3.475,1.036223413
7,21,20.5,-41.12676056,0,0,0,0,29.69488318,0,25.70728529,65.31096199,2.648,1.036223413
7,21,21,-40.84507042,0,0,0,0,29.38809606,0,25.35495912,67.42969557,2.365,1.036223413
7,21,21.5,-38.23943662,0,0,0,0,29.19016888,0,25.03283235,69.11868602,2.38,1.036223413
7,21,22,-36.97183099,0,0,0,0,29.11099802,0,24.27784771,71.86704325,2.311,1.036223413
7,21,22.5,-37.46478873,0,0,0,0,29.00213807,0,23.66379355,74.07572307,2.831,1.036223413
7,21,23,-36.1971831,0,0,0,0,28.78441818,0,23.61346124,74.10570515,2.137,1.036223413
7,21,23.5,-35.56338028,0,0,0,0,28.54690557,0,22.84841014,76.71414602,1.574,1.036223413
7,22,0,-37.11267606,0,0,0,0,28.35887475,0,22.11355843,79.2126526,1.464,1.036223413
7,22,0.5,-40.98591549,0,0,0,0,28.1807403,0,22.0430932,81.25143397,1.906,1.036223413
7,22,1,-36.76056338,0,0,0,0,27.98281312,0,21.63036827,82.65059765,1.478,1.036223413
7,22,1.5,-34.71830986,0,0,0,0,27.83436774,0,21.06664641,84.1497016,1.837,1.036223413
7,22,2,-32.6056338,0,0,0,0,27.676026,0,20.70425378,85.74874581,1.847,1.036223413
7,22,2.5,-33.52112676,0,0,0,0,27.49789154,0,20.61365563,86.64820818,1.08,1.036223413
7,22,3,-36.05633803,0,0,0,0,27.34944616,0,20.34186116,87.04796923,1.123,1.036223413
7,22,3.5,-35.35211268,0,0,0,0,27.2207935,0,20.04993377,88.04737186,0.871,1.036223413
7,22,4,-35.28169014,0,0,0,0,27.1020372,0,19.85867099,88.84689397,1.126,1.036223413
7,22,4.5,-34.36619718,0,0,0,0,26.97338453,0,19.67747468,89.0467745,1.177,1.036223413
7,22,5,-35.77464789,0,0,0,0,26.86452459,0,19.49627837,89.44653555,1.212,1.036223413
7,22,5.5,-38.09859155,0,0,0,0,26.765561,0,19.20435098,90.04617713,1.228,1.036223413
7,22,6,-36.1971831,0.2,0,0.264055684,0,26.66659741,0,18.92249005,90.34599792,0.896,1.036223413
7,22,6.5,-31.97183099,9.2,1.4,10.56222736,0.515772317,26.53794475,0,18.7513602,90.74575897,1.266,1.036223413
7,22,7,5.985915493,56.8,12,72.61531312,3.868292381,26.34991393,0,19.3553479,91.44534081,1.235,1.036223413
7,22,7.5,37.46478873,162.2,30.6,167.9394151,10.31544635,26.09260861,0,21.39883965,90.64581871,1.325,1.036223413
7,22,8,133.8732394,255.2,46.2,271.4492432,15.73105568,25.92437051,0,22.62694798,88.04737186,1.069,1.036223413
7,22,8.5,211.7605634,348.6,59.6,373.9028486,21.40455117,25.86499236,0,24.10671786,83.05035871,1.43,1.036223413
7,22,9,289.8591549,437.6,71.4,472.6596745,26.56227435,26.0233341,0,25.8079499,71.78709104,2.055,1.036223413
7,22,9.5,353.2394366,514,81.4,554.7809922,30.68845289,26.57753018,0,28.13330258,60.77367404,2.055,1.036223413
7,22,10,423.2394366,576.4,89.6,621.0589689,34.29885911,27.33954981,0,29.93519923,53.53799899,2.813,1.036223413
7,22,10.5,462.6760563,630.2,96.6,681.7917763,37.65137918,28.24011845,0,31.70689651,47.11184006,4.497,1.036223413
7,22,11,491.4084507,675.6,102.4,733.018579,41.00389924,29.0417235,0,33.05580239,42.41464769,6.066,1.036223413
7,22,11.5,511.4788732,703.6,106.6,763.6490383,42.80910235,29.87301764,0,33.7101224,40.95551985,5.308,1.036223413
7,22,12,501.6197183,667.8,101.8,724.0406857,41.00389924,30.94182438,0,34.11278087,38.83678627,5.844,1.036223413
7,22,12.5,460,627.6,96.4,680.7355535,38.94080997,31.66425856,0,34.56577165,37.42762856,5.446,1.036223413
7,22,13,516.4084507,688.4,105.8,752.2946439,43.06698851,32.03042384,0,34.82749966,36.52816619,5.127,1.036223413
7,22,13.5,463.943662,609.6,95.4,667.5327693,39.19869613,32.51534541,0,34.96843012,35.39884122,5.115,1.036223413
7,22,14,420.3521127,582.4,92,646.4083146,37.65137918,32.93099248,0,35.23015813,33.77980896,4.334,1.036223413
7,22,14.5,389.5774648,535.2,85.2,591.748788,34.81463143,33.28726139,0,35.56235137,32.30069306,4.059,1.036223413
7,22,15,327.7464789,458,75,507.2509691,30.17268057,33.49508493,0,35.75361414,32.3906393,4.398,1.036223413
7,22,15.5,245.7746479,367.8,62.8,409.2863103,24.75707124,33.64353031,0,35.5019526,33.31008972,4.394,1.036223413
7,22,16,160.915493,269,49.2,302.6078139,18.56780343,33.56435944,0,35.40128798,33.5299583,3.685,1.036223413
7,22,16.5,84.43661972,176,34.2,199.3620415,12.63642178,33.31695047,0,35.32075629,34.44940872,3.241,1.036223413
7,22,17,7.816901408,81.6,15,94.00382353,6.18926781,33.01016335,0,34.63623689,35.66867993,2.629,1.036223413
7,22,17.5,-38.5915493,8.6,1.2,14.52306262,0.773658476,32.9507852,0,33.12626762,41.09543622,1.661,1.036223413
7,22,18,-39.01408451,0.6,0,0.792167052,0,33.05964514,0,29.97546508,49.78024509,2.023,1.036223413
7,22,18.5,-34.92957746,0,0,0,0,32.59451628,0,28.35476474,56.03650557,1.924,1.036223413
7,22,19,-29.78873239,0,0,0,0,31.96114932,0,26.90519424,60.22400259,2.161,1.036223413
7,22,19.5,-27.95774648,0,0,0,0,31.32778237,0,26.71393147,61.16344107,2.565,1.036223413
7,22,20,-28.8028169,0,0,0,0,30.83296443,0,26.703865,63.63196557,2.219,1.036223413
7,22,20.5,-31.47887324,0,0,0,0,30.4569028,0,26.3616053,65.09109341,2.541,1.036223413
7,22,21,-29.85915493,0,0,0,0,30.07094481,0,26.9152607,61.03351873,2.386,1.036223413
7,22,21.5,-28.02816901,0,0,0,0,29.76415769,0,27.07632409,59.00473138,2.694,1.036223413
7,22,22,-30.21126761,0,0,0,0,29.53654144,0,26.7843967,59.55440283,1.87,1.036223413
7,22,22.5,-31.90140845,0,0,0,0,29.40788878,0,26.04954499,62.83244346,1.798,1.036223413
7,22,23,-31.26760563,0,0,0,0,29.29902883,0,25.35495912,65.42089628,2.381,1.036223413
7,22,23.5,-29.15492958,0,0,0,0,29.0417235,0,25.8884816,62.81245541,2.398,1.036223413
7,23,0,-27.18309859,0,0,0,0,28.8042109,0,25.84821575,62.20281981,2.397,1.036223413
7,23,0.5,-31.61971831,0,0,0,0,28.6359728,0,26.06967791,61.75308862,2.718,1.036223413
7,23,1,-41.54929577,0,0,0,0,28.45783834,0,26.60320039,60.0740922,3.018,1.036223413
7,23,1.5,-39.22535211,0,0,0,0,28.33908204,0,26.66359916,60.4538652,2.564,1.036223413
7,23,2,-36.69014085,0,0,0,0,28.2994966,0,26.573001,62.74249723,2.437,1.036223413
7,23,2.5,-22.25352113,0,0,0,0,28.25001481,0,26.10994376,65.24100381,2.06,1.036223413
7,23,3,-17.6056338,0,0,0,0,28.27970388,0,25.18382927,69.82826189,1.305,1.036223413
7,23,3.5,-17.46478873,0,0,0,0,28.34897839,0,24.38857879,74.28559762,1.88,1.036223413
7,23,4,-24.01408451,0,0,0,0,28.2994966,0,24.18724956,76.13449249,1.911,1.036223413
7,23,4.5,-22.53521127,0,0,0,0,28.19063665,0,23.94565448,77.66357852,1.794,1.036223413
7,23,5,-24.57746479,0,0,0,0,28.08177671,0,24.11678433,78.27321412,2.818,1.036223413
7,23,5.5,-31.26760563,0,0,0,0,27.92343497,0,24.40871172,75.8346717,2.924,1.036223413
7,23,6,-35.28169014,0,0,0,0,27.74530051,0,24.68050619,72.63658328,1.956,1.036223413
7,23,6.5,-27.95774648,7,1.2,9.241948942,0.515772317,27.73540415,0,23.60339478,76.03455223,2.021,1.036223413
7,23,7,8.23943662,48.6,8.8,57.03602776,3.352520064,27.70571508,0,23.40206554,79.09272428,2.743,1.036223413
7,23,7.5,66.76056338,157,30,162.3942457,10.31544635,27.45830611,0,24.21744894,78.80289752,3.313,1.036223413
7,23,8,70.91549296,147.4,25.8,168.4675264,10.05756019,27.17131171,0,25.36502559,72.88643394,3.627,1.036223413
7,23,8.5,206.9014085,331,57.2,358.3235633,20.88877886,27.16141535,0,26.49246931,68.24920573,3.241,1.036223413
7,23,9,256.4084507,385.6,63.8,424.8655957,24.24129892,27.16141535,0,28.00243857,61.74309459,4.17,1.036223413
7,23,9.5,214.5774648,315.8,50.6,359.379786,19.85723422,27.54737334,0,29.44194261,55.31693567,4.937,1.036223413
7,23,10,418.5915493,593,93.6,645.6161475,36.36194838,28.1807403,0,30.69018387,51.03949241,5.649,1.036223413
7,23,10.5,477.6760563,661,103,721.1360732,41.00389924,28.60628372,0,31.76729528,47.18179825,7.012,1.036223413
7,23,11,424.084507,575.6,89.8,632.9414747,35.84617606,29.35840698,0,32.00889036,46.48221641,6.709,1.036223413
7,23,11.5,419.8591549,575.2,90.4,636.1101429,36.36194838,30.06104845,0,32.46188114,44.77323791,7.529,1.036223413
7,23,12,477.2535211,635,99.6,692.6180593,39.71446845,30.72410449,0,32.82427377,43.83379943,7.716,1.036223413
7,23,12.5,254.1549296,358,57.6,402.6849182,22.69398197,31.21892242,0,32.54241284,45.1130348,5.703,1.036223413
7,23,13,387.5352113,524.4,83.4,579.0741151,33.26731448,31.54550226,0,32.85447315,43.48400851,7.004,1.036223413
7,23,13.5,315.4225352,434.4,69.6,479.2610666,27.33593283,31.69394764,0,32.90480546,43.82380541,5.762,1.036223413
7,23,14,437.7464789,590.4,95.2,657.762709,38.94080997,31.88197845,0,33.61952425,41.21536454,6.994,1.036223413
7,23,14.5,311.3380282,434.6,70.6,483.7500132,28.62536362,31.95125297,0,34.2637778,39.66629046,5.887,1.036223413
7,23,15,40.42253521,116.2,18.6,132.8200091,7.736584762,32.64399808,0,33.09606823,41.51518533,4.817,1.036223413
7,23,15.5,-18.02816901,34.2,5.8,40.40051966,2.320975429,33.00026699,0,32.22028606,44.09364412,3.684,1.036223413
7,23,16,-21.54929577,12.8,2,17.16361946,1.289430794,32.64399808,0,31.55589958,46.71207901,2.657,1.036223413
7,23,16.5,-22.25352113,16.6,2.8,20.33228767,1.805203111,32.16897286,0,30.88144664,50.18000614,1.486,1.036223413
7,23,17,-15.56338028,6.2,0.8,7.921670522,0.257886159,31.86218574,0,29.35134445,59.59437894,1.704,1.036223413
7,23,17.5,-100.5633803,0.8,0,1.584334104,0,31.56529498,0,28.29436596,64.0217326,3.473,1.036223413
7,23,18,-60,0,0,0,0,31.30798965,0.2,25.86834868,81.95101581,5.636,1.036223413
7,23,18.5,-16.33802817,0,0,0,0,28.35887475,0.6,23.76445816,87.1479095,4.827,1.132277608
7,23,19,-19.78873239,0,0,0,0,26.765561,1.4,22.91887537,91.04557976,3.383,2.105562403
7,23,19.5,-21.26760563,0,0,0,0,26.69628649,1,22.70747968,92.64462397,2.6,2.672501059
7,23,20,-19.64788732,0,0,0,0,26.71607921,0.7,22.82827722,92.8445045,1.645,2.881977479
7,23,20.5,-17.53521127,0,0,0,0,26.765561,0.5,22.91887537,93.14432529,1.649,2.996582688
7,23,21,-20.91549296,0,0,0,0,26.79525008,0.3,22.95914122,93.74396687,4.195,3.138257493
7,23,21.5,-21.83098592,0,0,0,0,26.78535372,0.3,22.73767906,94.34360844,3.479,3.204805749
7,23,22,-23.87323944,0,0,0,0,26.75566464,0.1,22.70747968,94.64342923,3.765,3.237090405
7,23,22.5,-24.85915493,0,0,0,0,26.71607921,0.2,22.55648275,94.44354871,2.864,3.26874408
7,23,23,-27.11267606,0,0,0,0,26.70618285,0.1,22.81821076,94.44354871,2.637,3.299787062
7,23,23.5,-20.63380282,0,0,0,0,26.67649377,0.1,22.79807783,94.44354871,2.29,3.330238739
7,24,0,-16.26760563,0,0,0,0,26.66659741,0,22.92894184,94.54348897,1.102,3.360117648
7,24,0.5,-19.29577465,0,0,0,0,26.68639013,0.1,22.96920768,94.54348897,2.844,3.360117648
7,24,1,-33.38028169,0,0,0,0,26.67649377,0.1,22.7276126,94.34360844,4.009,3.389441522
7,24,1.5,-22.18309859,0,0,0,0,26.63690834,0.1,22.52628336,94.44354871,1.875,3.418227335
7,24,2,-17.3943662,0,0,0,0,26.55773747,0,22.54641629,94.7433695,2.876,3.446491342
7,24,2.5,-21.33802817,0,0,0,0,26.37960301,0.1,22.50615044,94.84330976,1.553,3.605946568
7,24,3,-18.09859155,0,0,0,0,26.34991393,0,22.54641629,95.04319029,0.47,3.679758684
7,24,3.5,-19.57746479,0,0,0,0,26.36970665,0.1,22.58668214,95.04319029,0.65,3.679758684
7,24,4,-33.38028169,0,0,0,0,26.34991393,0,22.50615044,95.14313055,1.228,3.679758684
7,24,4.5,-16.54929577,0,0,0,0,26.34001758,0.1,22.42561875,95.24307081,0.596,3.679758684
7,24,5,-18.52112676,0,0,0,0,26.33012122,0,22.47595106,95.34301108,0.206,3.679758684
7,24,5.5,-19.22535211,0,0,0,0,26.32022486,0.1,22.65714737,95.44295134,1.041,3.679758684
7,24,6,-24.15492958,0.2,0,0,0,26.30043214,0,22.69741322,95.44295134,1.266,3.65556059
7,24,6.5,-24.15492958,8.2,1.2,8.185726206,0.257886159,26.28063942,0.1,22.7276126,95.64283187,1.452,3.65556059
7,24,7,15.07042254,44.6,6.8,46.20974471,1.805203111,26.24105399,0,22.83834368,95.74277213,1.39,3.65556059
7,24,7.5,4.154929577,20.4,3,23.2369002,1.031544635,26.22126127,0,23.16047046,95.74277213,1.852,3.630960307
7,24,8,22.67605634,52.4,7.8,60.46875165,2.320975429,26.27074306,0,23.43226492,95.74277213,2.226,3.630960307
7,24,8.5,4.366197183,51,6.6,62.31714144,2.320975429,26.28063942,0.1,23.4926637,95.44295134,3.69,3.630960307
7,24,9,-5.985915493,45.8,6,56.24386071,2.320975429,26.45877388,0,20.08013315,93.24426555,7.425,3.630960307
7,24,9.5,41.54929577,135.4,17,162.3942457,5.931381651,26.53794475,0,18.26817003,93.74396687,7.914,3.65556059
7,24,10,12.53521127,97.8,12.4,121.4656147,4.384064698,26.1420904,0,17.5131854,92.94444476,7.912,3.703565429
7,24,10.5,37.25352113,62.6,8.2,79.21670522,2.836747746,25.76602877,0,16.97966292,93.44414608,6.806,3.726991262
7,24,11,69.64788732,105.6,13.8,127.8029511,4.641950857,25.40975986,0.1,16.85886538,92.64462397,6.102,3.726991262
7,24,11.5,67.25352113,90.2,12.2,113.0158328,4.12617854,25.17224725,0,16.72800138,91.64522134,5.456,3.726991262
7,24,12,36.61971831,55.4,7.4,75.25586996,3.094633905,25.04359458,0,16.53673861,89.64641608,5.392,3.726991262
7,24,12.5,-4.295774648,62.4,8.6,80.27292796,3.094633905,24.92483828,0,16.12401367,90.04617713,4.961,3.703565429
7,24,13,42.46478873,95.8,13.2,116.4485567,4.384064698,24.84566741,0.1,15.91261798,90.84569923,4.458,3.703565429
7,24,13.5,80.77464789,119.2,16.8,141.0057353,5.673495492,24.72691111,0,15.76162105,88.94683423,5.033,3.703565429
7,24,14,62.95774648,97.6,13.6,120.9375033,4.899837016,24.58836208,0,15.48982658,87.1479095,5.061,3.679758684
7,24,14.5,34.57746479,71.8,10.2,90.04298827,3.868292381,24.4399167,0.1,15.31869673,87.34779002,4.998,3.679758684
7,24,15,16.1971831,106.4,15.2,124.3702272,5.157723175,24.31126404,0,15.17776627,89.44653555,4.33,3.679758684
7,24,15.5,95.42253521,131.4,19.2,149.9836285,6.447153968,24.26178225,0,14.94623764,89.14671476,5.294,3.679758684
7,24,16,14.71830986,46.4,7,57.03602776,2.578861587,24.16281866,0,14.73484195,89.24665502,4.4,3.65556059
7,24,16.5,5.070422535,30.8,4.8,36.4396844,1.547316952,24.06385507,0.1,14.41271517,89.64641608,5.218,3.65556059
7,24,17,1.830985915,14.6,2.4,18.2198422,1.031544635,23.90551333,0,14.20131947,90.04617713,5.184,3.65556059
7,24,17.5,-6.408450704,5.6,1,6.865447786,0.515772317,23.73727523,0,13.83892685,90.24605765,4.702,3.65556059
7,24,18,-11.1971831,0.2,0,0.264055684,0,23.55914078,0,13.71812931,90.24605765,4.477,3.630960307
7,24,18.5,-10.84507042,0,0,0,0,23.37110996,0.1,13.667797,90.34599792,5.011,3.630960307
7,24,19,-12.88732394,0,0,0,0,23.1929755,0,13.67786346,90.34599792,4.351,3.630960307
7,24,19.5,-11.83098592,0,0,0,0,23.05442648,0,13.71812931,90.84569923,4.533,3.630960307
7,24,20,-10.84507042,0,0,0,0,22.92577382,0,13.62753115,90.9456395,4.671,3.630960307
7,24,20.5,-10.98591549,0,0,0,0,22.82681023,0.1,13.46646776,91.04557976,4.541,3.605946568
7,24,21,-11.76056338,0,0,0,0,22.74763936,0,13.54699946,91.44534081,3.426,3.605946568
7,24,21.5,-10.77464789,0,0,0,0,22.66846849,0,13.5872653,91.94504213,3.547,3.605946568
7,24,22,-10.91549296,0,0,0,0,22.60909034,0,13.5872653,92.14492265,3.902,3.605946568
7,24,22.5,-10.35211268,0,0,0,0,22.52991947,0,13.56713238,92.24486292,3.719,3.605946568
7,24,23,-12.32394366,0,0,0,0,22.48043768,0.1,13.49666715,93.14432529,3.703,3.580507661
7,24,23.5,-17.25352113,0,0,0,0,22.44085224,0,13.49666715,94.04378766,3.401,3.580507661
7,25,0,-20.21126761,0,0,0,0,22.39137045,0,13.41613545,94.34360844,4.018,3.580507661
7,25,0.5,-16.76056338,0.2,0,0,0.257886159,22.34188866,0,13.52686653,94.84330976,2.86,3.580507661
7,25,1,-15.91549296,0,0,0,0.257886159,22.30230322,0.1,13.4564013,95.14313055,2.722,3.580507661
7,25,1.5,-15.14084507,0,0,0,0.515772317,22.27261414,0,13.37586961,95.34301108,2.726,3.580507661
7,25,2,-15.42253521,0,0,0,0.257886159,22.24292507,0,13.42620192,95.64283187,2.993,3.580507661
7,25,2.5,-19.57746479,0,0,0,0,22.18354692,0,13.48660069,95.5428916,3.423,3.554631403
7,25,3,-18.02816901,0,0,0,0,22.09447969,0,13.42620192,95.64283187,3.334,3.554631403
7,25,3.5,-16.83098592,0,0,0,0,22.02520518,0,13.4564013,95.74277213,2.953,3.554631403
7,25,4,-17.95774648,0,0,0,0,21.827278,0.1,13.49666715,95.74277213,2.467,3.580507661
7,25,4.5,-16.26760563,0,0,0,0.257886159,21.73821077,0,13.49666715,95.84271239,2.494,3.630960307
7,25,5,-14.57746479,0,0,0,0,21.71841806,0,13.61746469,95.94265266,1.937,3.65556059
7,25,5.5,-15.84507042,0,0,0,0,21.7085217,0.1,13.71812931,95.94265266,1.968,3.679758684
7,25,6,-16.4084507,0,0,0,0,21.71841806,0,13.70806285,95.94265266,2.542,3.679758684
7,25,6.5,-13.16901408,3,0.4,2.640556841,0.515772317,21.69862534,0,13.70806285,96.14253318,2.601,3.679758684
7,25,7,-9.295774648,9,1.2,10.03411599,0.773658476,21.62935083,0,13.78859454,96.34241371,3.036,3.703565429
7,25,7.5,-4.014084507,19.2,2.8,22.97284451,0.773658476,21.57986903,0.1,13.78859454,96.34241371,3.185,3.726991262
7,25,8,14.57746479,50,6.8,58.88441755,2.320975429,21.5402836,0,13.8791927,96.34241371,3.073,3.726991262
7,25,8.5,54.15492958,99,13,113.8079998,3.868292381,21.56007632,0,14.06038901,96.14253318,2.977,3.750046232
7,25,9,35.70422535,78.2,10.4,92.41948942,3.094633905,21.62935083,0.1,14.18118655,95.64283187,1.991,3.750046232
7,25,9.5,32.67605634,82.2,11,97.17249174,3.352520064,21.7085217,0,14.43284809,95.34301108,1.067,3.750046232
7,25,10,54.22535211,110.6,14.8,129.6513409,4.384064698,21.77779621,0.1,14.54357917,95.24307081,0.695,3.726991262
7,25,10.5,131.9014085,232.8,31.4,267.2243523,9.541787873,21.93613795,0,14.98650349,94.84330976,0.911,3.726991262
7,25,11,101.1267606,163.8,22.4,187.7435914,6.962926286,22.07468697,0.1,15.20796565,93.94384739,1.551,3.726991262
7,25,11.5,114.5774648,160.4,22,186.6873686,7.220812445,22.39137045,0,15.5099595,93.34420581,1.325,3.726991262
7,25,12,42.46478873,86.2,11.6,107.9987748,4.384064698,22.6189867,0.1,15.64082351,93.04438502,2.537,3.726991262
7,25,12.5,13.94366197,66.6,8.6,86.61026437,3.094633905,22.76743208,0,15.48982658,93.34420581,2.35,3.726991262
7,25,13,30.91549296,76.4,10.2,91.89137805,3.094633905,22.68826121,0.1,15.48982658,93.94384739,1.759,3.726991262
7,25,13.5,37.67605634,83.4,11,101.3973827,3.352520064,22.53981583,0,15.56029181,93.84390713,1.159,3.750046232
7,25,14,124.6478873,171.4,22.6,199.8901528,6.705040127,22.49033404,0,15.89248505,93.84390713,0.477,3.772740025
7,25,14.5,32.25352113,61.6,8.2,77.63237111,2.836747746,22.52991947,0,15.89248505,93.34420581,1.171,3.772740025
7,25,15,14.29577465,50.4,6.6,65.22175396,2.320975429,22.62888306,0.1,15.79182043,93.54408634,1.318,3.772740025
7,25,15.5,41.12676056,87.4,11.2,105.0941623,3.352520064,22.64867578,0.2,15.95288382,93.94384739,0.724,3.795081971
7,25,16,21.12676056,63.8,8.6,75.51992564,2.578861587,22.57940126,1,16.08374783,93.74396687,0.967,3.817081071
7,25,16.5,6.76056338,43.4,6,50.69869134,1.805203111,22.62888306,18,16.24481121,93.84390713,1.486,3.817081071
7,25,17,-5.633802817,25.4,3.6,30.10234798,1.031544635,22.69815757,0,16.22467829,93.74396687,0.65,3.817081071
7,25,17.5,-14.08450704,7.2,1,8.44978189,0.257886159,22.70805393,0.1,16.28507706,93.84390713,0.947,3.817081071
7,25,18,-17.18309859,0.2,0,0.264055684,0,22.67836485,0,16.32534291,94.04378766,1.529,3.795081971
7,25,18.5,-17.11267606,0,0,0,0,22.60909034,0,16.35554229,94.24366818,1.262,3.795081971
7,25,19,-15.77464789,0,0,0,0,22.54971219,0,16.31527645,94.34360844,0.808,3.795081971
7,25,19.5,-15.63380282,0,0,0,0,22.52991947,0,16.33540937,94.34360844,1.292,3.795081971
7,25,20,-16.12676056,0,0,0,0,22.49033404,0,16.36560876,94.44354871,1.556,3.795081971
7,25,20.5,-15.42253521,0,0,0,0,22.47054132,0,16.36560876,94.54348897,1.639,3.772740025
7,25,21,-15.84507042,0,0,0,0,22.4507486,0,16.24481121,94.44354871,2.028,3.772740025
7,25,21.5,-13.87323944,0,0,0,0,22.42105953,0,16.18441244,94.64342923,0.945,3.772740025
7,25,22,-13.66197183,0,0,0,0,22.40126681,0,16.26494414,94.7433695,1.423,3.772740025
7,25,22.5,-13.66197183,0,0,0,0,22.38147409,0,16.23474475,95.04319029,1.885,3.772740025
7,25,23,-13.45070423,0,0,0,0,22.36168137,0,16.12401367,95.14313055,1.714,3.750046232
7,25,23.5,-12.18309859,0,0,0,0,22.34188866,0,16.05354844,95.5428916,1.91,3.750046232
7,26,0,-13.02816901,0,0,0,0,22.31219958,0,15.99314967,95.64283187,1.604,3.750046232
7,26,0.5,-15.84507042,0,0,0,0,22.26271779,0,15.99314967,95.64283187,2.072,3.750046232
7,26,1,-16.05633803,0,0,0,0,22.20333963,0,15.95288382,95.74277213,2.462,3.750046232
7,26,1.5,-15.49295775,0,0,0,0,22.1637542,0,15.8018869,95.94265266,2.002,3.726991262
7,26,2,-15.56338028,0,0,0,0,22.13406512,0,15.81195336,95.94265266,1.833,3.726991262
7,26,2.5,-11.54929577,0,0,0,0,22.10437605,0,15.85221921,96.24247345,2.192,3.726991262
7,26,3,-12.74647887,0,0,0,0,22.07468697,0,15.77168751,96.34241371,1.919,3.726991262
7,26,3.5,-13.94366197,0,0,0,0,22.04499789,0,15.68108935,96.24247345,2.364,3.726991262
7,26,4,-15.21126761,0,0,0,0,22.01530882,0,15.57035828,96.44235397,2.083,3.726991262
7,26,4.5,-9.647887324,0,0,0,0,21.97572338,0.1,15.5904912,96.54229423,2.077,3.703565429
7,26,5,-11.90140845,0,0,0,0,21.94603431,0,15.49989304,96.6422345,2.189,3.703565429
7,26,5.5,-15.98591549,0,0,0,0,21.90644887,0,15.4596272,96.74217476,1.472,3.703565429
7,26,6,-17.46478873,0,0,0,0,21.8767598,0,15.41936135,96.74217476,1.211,3.703565429
7,26,6.5,-13.8028169,3,0.4,3.432723893,0.257886159,21.84707072,0,15.5099595,96.74217476,0.633,3.703565429
7,26,7,0.281690141,22.2,3.2,24.8212343,1.031544635,21.827278,0,15.55022535,96.6422345,1.636,3.703565429
7,26,7.5,17.32394366,47.6,6.6,53.33924818,1.805203111,21.80748528,0,15.68108935,96.54229423,0.816,3.703565429
7,26,8,17.74647887,43.4,6,49.6424686,1.805203111,21.827278,0,15.66095643,96.24247345,0.765,3.679758684
7,26,8.5,50.21126761,102.2,13.4,118.2969465,4.12617854,21.8767598,0,15.86228567,96.34241371,1.288,3.679758684
7,26,9,130.6338028,179.8,24.2,202.5307097,7.220812445,21.93613795,0,16.25487768,96.24247345,1.669,3.679758684
7,26,9.5,64.64788732,95,13.2,111.4314987,4.12617854,22.07468697,0,16.58707091,95.74277213,0.94,3.679758684
7,26,10,119.5774648,157.8,21.6,183.2546447,6.962926286,22.27261414,0,16.65753615,95.64283187,1.311,3.679758684
7,26,10.5,170.2112676,212.4,29.6,247.420176,9.541787873,22.44085224,0,17.15079277,95.44295134,1.308,3.679758684
7,26,11,272.4647887,333,47.2,383.4088533,14.69951105,22.6189867,0,17.62391648,94.94325002,0.798,3.679758684
7,26,11.5,343.4507042,427.2,61.8,483.7500132,19.85723422,22.97525561,0,18.09704018,94.04378766,0.919,3.679758684
7,26,12,356.4788732,433.8,64.2,483.7500132,20.37300654,23.3612136,0,18.84195835,92.64462397,1.269,3.65556059
7,26,12.5,382.4647887,467.2,69.2,519.3975306,21.92032349,23.82634246,0,19.3553479,91.54528108,1.539,3.65556059
7,26,13,411.7605634,508.4,75.4,566.9275537,24.49918508,24.40033127,0,19.70767407,88.94683423,2.597,3.65556059
7,26,13.5,210.8450704,277.8,42,316.6027652,13.66796641,25.01390551,0,19.7781393,87.1479095,2.682,3.65556059
7,26,14,170.7746479,228.4,34.6,262.7354056,11.60487714,25.2316254,0,19.92913623,85.74874581,2.383,3.65556059
7,26,14.5,172.5352113,233.8,35.6,266.4321852,11.8627633,25.10297274,0,20.28146239,84.24964186,2.43,3.630960307
7,26,15,107.6056338,163.2,25.2,189.8560368,8.510243238,24.95452736,0,20.36199408,83.65000028,3.062,3.630960307
7,26,15.5,136.1971831,202.2,31.4,236.3298372,10.83121867,24.81597833,0,20.56332332,82.35077686,3.204,3.630960307
7,26,16,89.92957746,147,22.8,174.2767515,7.994470921,24.62794752,0,20.94584887,81.35137423,2.921,3.630960307
7,26,16.5,81.83098592,131.2,21,150.5117399,6.962926286,24.55867301,0,21.2780421,81.05155344,2.726,3.630960307
7,26,17,38.16901408,68.4,10.8,76.04803701,3.610406222,24.44981306,0,21.24784272,81.45131449,3.916,3.630960307
7,26,17.5,-1.197183099,10.6,1.8,11.6184501,0.515772317,24.41022763,0,20.6740544,84.1497016,3.646,3.630960307
7,26,18,-9.084507042,0.2,0,0,0,24.23209317,0,20.18079777,85.84868607,3.558,3.605946568
7,26,18.5,-9.436619718,0,0,0,0,24.01437328,0,19.84860453,86.84808871,3.172,3.605946568
7,26,19,-10.84507042,0,0,0,0,23.82634246,0,19.39561375,87.84749134,4.363,3.605946568
7,26,19.5,-20.14084507,0,0,0,0,23.70758616,0,18.96275589,90.24605765,3.18,3.605946568
7,26,20,-14.15492958,0,0,0,0,23.62841529,0,18.68089497,92.14492265,3.172,3.605946568
7,26,20.5,-13.38028169,0,0,0,0,23.50965898,0,18.34870173,93.44414608,3.667,3.605946568
7,26,21,-13.8028169,0,0,0,0,23.37110996,0,18.25810357,94.24366818,3.559,3.605946568
7,26,21.5,-15.49295775,0,0,0,0,23.25235366,0,18.07690726,94.54348897,3.33,3.605946568
7,26,22,-13.8028169,0,0,0,0,23.17318279,0,18.02657495,94.84330976,2.434,3.605946568
7,26,22.5,-11.26760563,0,0,0,0,23.11380464,0,17.97624264,95.04319029,2.515,3.580507661
7,26,23,-10.77464789,0,0,0,0,23.0742192,0,17.88564448,95.04319029,2.546,3.580507661
7,26,23.5,-9.85915493,0,0,0,0,23.02473741,0,17.80511279,95.14313055,2.503,3.580507661
7,27,0,-9.225352113,0,0,0,0,22.96535925,0,17.75478048,95.24307081,2.246,3.580507661
7,27,0.5,-8.450704225,0,0,0,0,22.92577382,0,17.71451463,95.44295134,2.091,3.580507661
7,27,1,-7.957746479,0,0,0,0,22.89608474,0,17.6440494,95.5428916,2.723,3.580507661
7,27,1.5,-8.521126761,0,0,0,0,22.84660295,0.1,17.50311894,95.94265266,2.443,3.580507661
7,27,2,-10.84507042,0,0,0,0,22.79712116,0.3,17.45278663,96.04259292,1.381,3.580507661
7,27,2.5,-15,0,0,0,0,22.74763936,0.1,17.52325186,95.94265266,1.355,3.580507661
7,27,3,-8.943661972,0,0,0,0,22.69815757,0.2,17.46285309,95.84271239,0.482,3.580507661
7,27,3.5,-9.436619718,0,0,0,0,22.67836485,0.3,17.50311894,96.04259292,1.151,3.580507661
7,27,4,-11.47887324,0,0,0,0,22.64867578,0.4,17.55345125,96.24247345,1.55,3.580507661
7,27,4.5,-12.67605634,0,0,0,0,22.59919398,0.3,17.57358417,96.14253318,1.763,3.580507661
7,27,5,-8.23943662,0,0,0,0,22.52991947,0,17.58365063,96.54229423,2.62,3.605946568
7,27,5.5,-7.957746479,0,0,0,0,22.49033404,0,17.54338478,96.6422345,3.175,3.605946568
7,27,6,-10.49295775,0,0,0,0,22.43095588,0,17.37225493,96.74217476,2.976,3.605946568
7,27,6.5,-8.873239437,2.6,0.4,2.640556841,0,22.41116317,0,17.33198909,96.74217476,2.378,3.605946568
7,27,7,-1.478873239,14.4,2,16.37145241,0.773658476,22.39137045,0,17.36218847,96.74217476,1.901,3.605946568
7,27,7.5,6.971830986,34.2,4.8,39.08024124,1.289430794,22.39137045,0,17.44272017,96.6422345,2.601,3.605946568
7,27,8,19.29577465,47.4,6.6,55.18763797,1.805203111,22.41116317,0,17.5131854,96.74217476,2.104,3.605946568
7,27,8.5,34.08450704,71.6,9.6,83.17754048,2.836747746,22.46064496,0,17.55345125,96.6422345,2.48,3.605946568
7,27,9,60.63380282,99.2,13,114.3361112,4.12617854,22.52002311,0,17.68431525,96.74217476,2.031,3.605946568
7,27,9.5,51.69014085,87.4,11.6,101.925494,3.610406222,22.59919398,0,17.83531218,96.54229423,2.512,3.605946568
7,27,10,115.8450704,175.2,24.2,195.9293176,7.478698603,22.65857213,0,18.02657495,96.24247345,2.836,3.605946568
7,27,10.5,110.2112676,158,22.4,180.0859765,7.220812445,22.71795029,0,18.12723957,95.84271239,3.22,3.605946568
7,27,11,242.0422535,305.2,44,347.7613359,13.66796641,22.9059811,0,18.45943281,95.14313055,2.257,3.605946568
7,27,11.5,247.8873239,309.2,46.4,343.536445,14.18373873,23.05442648,0,18.7513602,93.94384739,2.992,3.605946568
7,27,12,502.3239437,611.2,88.6,683.1120547,28.88324978,23.59872621,0,19.29494913,92.8445045,1.673,3.605946568
7,27,12.5,247.2535211,315.2,47.2,360.4360087,15.21528337,24.12323322,0,19.89893684,90.74575897,2.494,3.605946568
7,27,13,312.8873239,395.6,59.6,444.1416606,18.82568959,24.56856937,0,20.32172824,89.44653555,2.376,3.605946568
7,27,13.5,225.3521127,288.2,43.6,328.2212153,13.92585257,24.7763929,0,20.43245931,87.84749134,2.846,3.605946568
7,27,14,156.8309859,200,30.2,233.4252247,10.57333251,24.98421643,0,20.28146239,87.64761081,2.965,3.580507661
7,27,14.5,137.6760563,182.8,27.4,214.4132155,9.283901714,25.01390551,0,20.39219347,87.24784976,2.481,3.580507661
7,27,15,60,86.6,13,103.5098282,4.384064698,24.92483828,0,20.42239285,87.34779002,3.17,3.580507661
7,27,15.5,81.05633803,114.8,17.4,134.4043432,5.931381651,24.80608198,0,20.38212701,87.44773029,2.908,3.580507661
7,27,16,62.88732394,90.4,13.8,105.0941623,4.641950857,24.64774024,0,20.23113008,87.9474316,3.241,3.580507661
7,27,16.5,34.57746479,56.4,8.8,66.54203238,3.094633905,24.53888029,0,19.93920269,88.64701344,2.805,3.580507661
7,27,17,7.394366197,23,3.8,26.40556841,1.289430794,24.39043491,0,19.81840515,89.14671476,2.924,3.580507661
7,27,17.5,-10.77464789,9.4,1.6,11.88250578,0.515772317,24.24198953,0,19.76807284,89.44653555,2.311,3.580507661
7,27,18,-9.718309859,0.2,0,0.528111368,0,24.07375143,0,19.65734176,90.24605765,2.681,3.554631403
7,27,18.5,-9.014084507,0,0,0,0,23.91540969,0,19.48621191,90.9456395,2.92,3.554631403
7,27,19,-10.28169014,0,0,0,0,23.78675703,0,19.40568021,91.84510187,2.925,3.554631403
7,27,19.5,-8.23943662,0,0,0,0,23.67789708,0,19.3553479,92.14492265,2.422,3.554631403
7,27,20,-7.816901408,0,0,0,0,23.58882985,0,19.38554729,92.44474344,2.319,3.554631403
7,27,20.5,-7.042253521,0,0,0,0,23.5294517,0,19.38554729,92.74456423,1.947,3.554631403
7,27,21,-7.394366197,0,0,0,0,23.48986627,0,19.31508206,93.44414608,2.655,3.554631403
7,27,21.5,-10.28169014,0,0,0,0,23.44038447,0,19.11375282,93.94384739,3.111,3.554631403
7,27,22,-11.4084507,0,0,0,0,23.35131724,0,19.06342051,94.54348897,3.572,3.554631403
7,27,22.5,-16.05633803,0,0,0,0,23.27214637,0,19.00302174,94.7433695,3.06,3.554631403
7,27,23,-19.29577465,0,0,0,0,23.20287186,0,18.95268943,94.64342923,2.223,3.554631403
7,27,23.5,-23.09859155,0,0,0,0,23.14349371,0,18.93255651,94.7433695,2.502,3.528305116
7,28,0,-25.84507042,0,0,0,0,23.0742192,0,18.89229066,94.94325002,4.177,3.528305116
7,28,0.5,-32.11267606,0,0,0,0,22.97525561,0,18.89229066,95.24307081,4.937,3.528305116
7,28,1,-31.12676056,0,0,0,0,22.85649931,0,18.85202482,95.44295134,5.578,3.528305116
7,28,1.5,-30.21126761,0,0,0,0,22.75753572,0,18.79162604,95.64283187,2.857,3.528305116
7,28,2,-34.01408451,0,0,0,0,22.72784665,0,18.7513602,95.64283187,1.592,3.528305116
7,28,2.5,-39.92957746,0,0,0,0,22.70805393,0,18.45943281,95.64283187,1.938,3.528305116
7,28,3,-39.43661972,0,0,0,0,22.66846849,0,18.31850234,95.74277213,2.708,3.528305116
7,28,3.5,-34.78873239,0,0,0,0,22.57940126,0,18.26817003,96.14253318,2.328,3.528305116
7,28,4,-12.32394366,0,0,0,0,22.51012675,0,18.49969865,96.6422345,3.07,3.528305116
7,28,4.5,-3.943661972,0,0,0,0,22.47054132,0,18.66076204,96.84211502,3.435,3.528305116
7,28,5,-3.661971831,0,0,0,0,22.47054132,0,18.58023035,96.94205529,3.049,3.528305116
7,28,5.5,-4.014084507,0,0,0,0,22.50023039,0,18.60036327,96.94205529,3.022,3.528305116
7,28,6,-4.225352113,0,0,0,0,22.52991947,0,18.48963219,96.94205529,3.112,3.528305116
7,28,6.5,-1.901408451,3.8,0.6,4.753002313,0.257886159,22.52002311,0,18.49969865,97.04199555,2.565,3.528305116
7,28,7,4.014084507,12.2,1.6,16.6355081,0.773658476,22.52991947,0,18.62049619,97.04199555,2.114,3.528305116
7,28,7.5,11.4084507,27,3.8,33.79912756,1.289430794,22.57940126,0,18.82182543,97.04199555,1.513,3.528305116
7,28,8,23.5915493,49.2,7,58.62036186,2.06308927,22.6189867,0,19.05335405,97.04199555,1.613,3.501515604
7,28,8.5,58.94366197,86.2,12.2,97.17249174,3.610406222,22.70805393,0,19.2244839,96.84211502,1.489,3.501515604
7,28,9,128.028169,159,22.8,176.6532526,6.962926286,22.85649931,0,19.51641129,96.54229423,1.323,3.501515604
7,28,9.5,185.7042254,222.2,33,251.6450669,10.57333251,23.08411556,0,19.7781393,95.94265266,1.8,3.501515604
7,28,10,214.2957746,260.2,39.6,287.5566399,12.37853562,23.33152453,0,20.13046546,95.14313055,1.433,3.501515604
7,28,10.5,306.4084507,375.4,56.2,407.1738648,17.27837264,23.68779344,0,20.56332332,94.44354871,1.898,3.501515604
7,28,11,462.6056338,565.2,83.4,596.2377346,25.78861587,24.12323322,0,21.13711164,92.64462397,1.86,3.501515604
7,28,11.5,602.8169014,738.8,105,785.0375487,34.04097295,24.88525284,0,21.84176396,90.04617713,1.956,3.501515604
7,28,12,606.3380282,751,105.4,805.3698364,34.81463143,26.39939573,0,22.64708091,86.74814844,1.762,3.501515604
7,28,12.5,598.5915493,748.6,105.2,806.1620034,35.33040375,27.63644057,0,23.58326185,81.65119502,2.223,3.501515604
7,28,13,572.5352113,715.8,101,773.4190986,34.55674527,28.43804562,0,24.42884464,77.06393694,2.246,3.501515604
7,28,13.5,539.2957746,670,96.6,721.4001289,33.00942832,28.90317448,0,25.55628836,72.69654744,2.195,3.474249121
7,28,14,479.6478873,611.6,89.4,674.1341614,30.68845289,29.23965068,0,26.48240284,70.25800502,1.955,3.474249121
7,28,14.5,431.7605634,548.6,81.2,603.8953495,28.1095913,29.2594434,0,26.75419731,69.63837539,3.06,3.474249121
7,28,15,361.4788732,470.6,71.6,520.717809,24.49918508,29.43757785,0,26.94546009,68.82885925,2.056,3.474249121
7,28,15.5,284.9295775,383.6,60.8,427.2420968,20.37300654,29.2594434,0,27.16692225,68.26919378,2.119,3.474249121
7,28,16,196.4788732,287.4,48,323.468213,15.73105568,28.89327812,0,27.45884964,67.50964778,2.298,3.474249121
7,28,16.5,111.5492958,190.4,34,216.7897166,11.34699098,28.41825291,0,27.65011241,67.04992257,2.01,3.446491342
7,28,17,32.67605634,99.4,18,115.6563896,6.18926781,28.02239856,0,27.32798563,68.74890704,2.716,3.446491342
7,28,17.5,-24.78873239,22,2.6,29.57423662,1.289430794,27.62654421,0,26.80452962,71.18744947,2.021,3.446491342
7,28,18,-42.6056338,1.4,0.2,1.584334104,0,27.39892796,0,25.90861452,74.72533478,1.955,3.446491342
7,28,18.5,-42.53521127,0,0,0,0,27.04265904,0,25.00263296,78.10331568,1.801,3.446491342
7,28,19,-41.76056338,0,0,0,0,26.57753018,0,24.14698371,81.05155344,1.94,3.446491342
7,28,19.5,-40,0,0,0,0,26.16188312,0,23.50273016,82.75053792,1.887,3.446491342
7,28,20,-39.22535211,0,0,0,0,25.79571785,0,23.05980584,84.1497016,0.788,3.446491342
7,28,20.5,-39.29577465,0,0,0,0,25.52851616,0,22.74774552,85.54886528,0.347,3.446491342
7,28,21,-38.38028169,0,0,0,0,25.28110719,0,22.11355843,86.74814844,0.576,3.446491342
7,28,21.5,-38.66197183,0,0,0,0,25.10297274,0,21.78136519,87.9474316,0.683,3.446491342
7,28,22,-39.43661972,0,0,0,0,24.93473464,0,21.42903903,88.84689397,0.308,3.446491342
7,28,22.5,-38.8028169,0,0,0,0,24.7763929,0,21.15724456,89.44653555,0.252,3.446491342
7,28,23,-38.87323944,0,0,0,0,24.62794752,0,20.85525071,90.24605765,0.292,3.418227335
7,28,23.5,-39.29577465,0,0,0,0,24.46960578,0,20.53312393,90.54587844,1.484,3.418227335
7,29,0,-38.5915493,0,0,0,0,24.3211604,0,20.66398794,90.9456395,1.159,3.418227335
7,29,0.5,-39.29577465,0,0,0,0,24.18261138,0,20.52305747,90.9456395,1.098,3.418227335
7,29,1,-39.29577465,0,0,0,0,24.06385507,0,20.22106362,91.34540055,1.321,3.418227335
7,29,1.5,-40.91549296,0,0,0,0,23.96489148,0,20.22106362,91.64522134,1.123,3.418227335
7,29,2,-41.47887324,0,0,0,0,23.84613518,0,20.03986731,91.84510187,1.36,3.418227335
7,29,2.5,-42.81690141,0,0,0,0,23.72737888,0,20.16066485,92.34480318,1.803,3.418227335
7,29,3,-42.88732394,0,0,0,0,23.59872621,0,20.21099716,92.54468371,1.529,3.418227335
7,29,3.5,-42.25352113,0,0,0,0,23.51955534,0,19.989535,92.74456423,1.365,3.418227335
7,29,4,-39.71830986,0,0,0,0,23.47996991,0,19.53654422,93.04438502,0.985,3.418227335
7,29,4.5,-40.91549296,0,0,0,0,23.44038447,0,19.02315467,93.04438502,1.343,3.418227335
7,29,5,-40.56338028,0,0,0,0,23.3612136,0,18.70102789,93.44414608,1.387,3.418227335
7,29,5.5,-41.12676056,0,0,0,0,23.25235366,0,18.47956573,93.74396687,0.877,3.418227335
7,29,6,-39.85915493,0.2,0,0.264055684,0,23.14349371,0,18.4091005,93.84390713,0,3.418227335
7,29,6.5,-33.87323944,10.2,1.4,11.6184501,0.515772317,23.03463377,0,18.10710664,94.14372792,0,3.418227335
7,29,7,3.661971831,71.6,11,64.16553123,3.352520064,22.9059811,0,18.58023035,94.64342923,0.012,3.418227335
7,29,7.5,62.11267606,157.6,28.4,176.9173083,7.994470921,22.7872248,0,20.44252578,95.04319029,0.136,3.389441522
7,29,8,139.4366197,279.2,45,291.5174752,12.63642178,22.79712116,0,22.14375782,94.44354871,0.028,3.389441522
7,29,8.5,194.8591549,380.6,58.6,400.8365284,17.27837264,22.82681023,0,22.83834368,92.94444476,0.667,3.389441522
7,29,9,328.3098592,472,70.6,501.1776884,21.40455117,22.99504833,0,23.40206554,92.04498239,1.061,3.389441522
7,29,9.5,400.9859155,552.6,80.6,584.8833402,25.27284356,23.65810436,0,24.10671786,90.24605765,1.519,3.389441522
7,29,10,468.5211268,624,89.4,658.8189317,28.1095913,24.74670382,0,24.75097142,85.64880555,0.985,3.389441522
7,29,10.5,515.2816901,680,96.2,720.6079618,31.20422521,25.88478507,0,25.86834868,70.95758686,2.656,3.389441522
7,29,11,559.8591549,721,101.2,763.913094,33.00942832,26.71607921,0,27.5997801,61.79306473,2.072,3.389441522
7,29,11.5,578.8732394,745.8,104.6,789.790551,34.55674527,27.32965345,0,28.82788844,58.66493449,1.506,3.389441522
7,29,12,594.3661972,753.6,106,799.0325,35.33040375,28.43804562,0,30.2069937,53.77785562,1.974,3.360117648
7,29,12.5,582.3943662,745.8,105.2,791.9029965,35.07251759,29.06151622,0,31.21363988,47.82141593,1.578,3.360117648
7,29,13,568.3098592,718,101.8,765.7614838,34.55674527,29.61571231,0,32.33101714,45.23296312,2.08,3.360117648
7,29,13.5,525.4929577,671.6,97.2,714.5346811,33.26731448,30.09073753,0,32.69340976,44.07365606,1.845,3.360117648
7,29,14,471.6197183,620.6,91.2,673.60605,30.94633905,30.60534818,0,32.84440669,42.2647373,1.563,3.360117648
7,29,14.5,426.6197183,559.2,83,604.4234608,28.36747746,30.86265351,0,33.53899255,41.33529285,1.612,3.360117648
7,29,15,357.6760563,480.2,73.2,522.5661988,24.75707124,31.11995883,0,33.25713162,41.45522117,1.637,3.360117648
7,29,15.5,278.4507042,390.2,61.8,428.0342639,20.6308927,30.98140981,0,33.68998948,40.33589022,1.652,3.330238739
7,29,16,190.6338028,294.2,49.4,326.1087698,16.246828,30.80327536,0,33.27726455,40.97550791,2.02,3.330238739
7,29,16.5,105.2112676,194.8,35.2,218.6381064,11.60487714,30.34804285,0,32.8142073,44.20357841,3.063,3.330238739
7,29,17,30.28169014,101.8,18.4,115.9204453,6.447153968,29.95218851,0,31.70689651,48.08126062,2.743,3.330238739
7,29,17.5,-26.12676056,22.4,2.6,29.57423662,1.289430794,29.41778514,0,30.70025033,52.33871583,2.037,3.330238739
7,29,18,-43.87323944,1.6,0.2,1.584334104,0,29.10110166,0,29.07954998,59.14464775,2.06,3.330238739
7,29,18.5,-41.83098592,0,0,0,0,28.65576551,0,27.41858379,64.86123081,2.244,3.330238739
7,29,19,-41.61971831,0,0,0,0,28.03229492,0,26.79446316,66.67014957,3.234,3.330238739
7,29,19.5,-40.70422535,0,0,0,0,27.41872068,0,26.45220346,67.69953428,2.847,3.330238739
7,29,20,-37.25352113,0,0,0,0,27.00307361,0,26.0998773,68.90881146,3.258,3.330238739
7,29,20.5,-40.56338028,0,0,0,0,26.70618285,0,26.06967791,69.49845902,3.033,3.330238739
7,29,21,-43.38028169,0,0,0,0,26.44887752,0,25.89854806,70.19804086,3.505,3.330238739
7,29,21.5,-46.33802817,0,0,0,0,26.27074306,0,25.48582313,72.17685807,2.881,3.330238739
7,29,22,-44.50704225,0,0,0,0,26.09260861,0,25.30462682,73.01635628,1.886,3.330238739
7,29,22.5,-42.32394366,0,0,0,0,26.00354138,0,24.66037326,75.12509583,1.652,3.299787062
7,29,23,-41.05633803,0,0,0,0,25.95405959,0,23.72419232,77.00397278,0.605,3.299787062
7,29,23.5,-41.26760563,0,0,0,0,25.84519964,0,22.95914122,80.85167292,0.151,3.299787062
7,30,0,-42.46478873,0,0,0,0,25.69675426,0,22.23435597,83.05035871,1.219,3.299787062
7,30,0.5,-41.47887324,0,0,0,0,25.48893073,0,21.77129873,84.94922371,1.249,3.299787062
7,30,1,-40.14084507,0,0,0,0,25.31079627,0,21.51963719,87.64761081,1.874,3.299787062
7,30,1.5,-39.71830986,0,0,0,0,25.13266181,0,21.46930488,88.14731213,1.436,3.299787062
7,30,2,-41.83098592,0,0,0,0,24.97432007,0,21.07671287,88.74695371,1.09,3.299787062
7,30,2.5,-43.45070423,0,0,0,0,24.85556377,0,20.88545009,89.34659529,1.592,3.299787062
7,30,3,-44.15492958,0,0,0,0,24.72691111,0,21.00624764,89.8462966,1.192,3.299787062
7,30,3.5,-43.09859155,0,0,0,0,24.6081548,0,20.58345624,90.24605765,0.95,3.299787062
7,30,4,-43.16901408,0,0,0,0,24.51908757,0,19.96940207,90.84569923,1.088,3.299787062
7,30,4.5,-42.46478873,0,0,0,0,24.42012399,0,19.66740822,91.24546029,0.983,3.299787062
7,30,5,-40.56338028,0,0,0,0,24.31126404,0,19.45601252,91.64522134,0.578,3.299787062
7,30,5.5,-41.47887324,0,0,0,0,24.19250773,0,19.31508206,92.04498239,0.615,3.299787062
7,30,6,-40.77464789,0.2,0,0.264055684,0,24.08364779,0,19.15401867,91.94504213,1.483,3.299787062
7,30,6.5,-31.97183099,12,1.8,12.67467284,0.515772317,23.97478784,0,19.2244839,92.54468371,1.144,3.299787062
7,30,7,10.35211268,84.2,13.4,77.36831543,3.352520064,23.82634246,0,20.03986731,93.24426555,0.881,3.299787062
7,30,7.5,66.97183099,157.2,30.8,174.2767515,8.510243238,23.63831165,0,21.69076704,92.64462397,1.453,3.299787062
7,30,8,117.2535211,270.2,45.6,288.348807,13.1521941,23.53934806,0,22.46588459,91.7451616,1.064,3.299787062
7,30,8.5,238.8732394,374.4,59.2,393.4429693,17.79414495,23.72737888,0,23.58326185,88.94683423,2.384,3.299787062
7,30,9,324.0140845,466.8,71.2,488.2389598,21.92032349,24.12323322,0,24.76103788,86.14850686,0.702,3.26874408
7,30,9.5,394.9295775,547,81,572.7367787,25.78861587,24.57846572,0,25.71735175,80.15209107,1.025,3.26874408
7,30,10,449.7183099,614.4,89.4,643.5037021,28.88324978,25.41965622,0,27.27765332,69.39851875,1.624,3.26874408
7,30,10.5,507.8169014,670.6,96,703.4443423,31.46211137,26.45877388,0,29.28087922,59.02471944,1.441,3.26874408
7,30,11,543.5915493,711,101,745.4291961,33.26731448,27.0525554,0,30.83111433,52.74847091,1.28,3.26874408
7,30,11.5,567.6056338,735.4,104.2,773.6831543,35.07251759,28.10156943,0,31.68676358,48.77084843,2.024,3.26874408
7,30,12,578.1690141,746,105.6,785.5656601,36.10406222,29.93239579,0,32.22028606,46.49221043,1.666,3.26874408
7,30,12.5,585.915493,744.4,105.6,786.3578271,36.10406222,30.7438972,0,32.76387499,43.91375164,1.858,3.237090405
7,30,13,562.8169014,723.6,103,764.1771497,35.84617606,30.89234258,0,33.43832793,41.04546609,2.01,3.237090405
7,30,13.5,527.9577465,679.2,98.6,717.1752379,34.29885911,31.37726416,0,33.94165102,38.91673848,2.42,3.237090405
7,30,14,481.9014085,623.8,91.8,673.0779387,31.97788368,31.67415492,0,33.94165102,39.17658317,1.92,3.237090405
7,30,14.5,437.6760563,561.4,83.8,604.9515722,29.3990221,31.75332579,0,34.37450888,38.24713872,2.021,3.237090405
7,30,15,361.4084507,486.2,74.6,526.7910897,25.78861587,31.71374036,0,34.6060375,37.59752701,1.572,3.237090405
7,30,15.5,286.7605634,401.8,64,437.2762128,21.92032349,31.59498405,0,35.03889536,36.49818411,1.317,3.204805749
7,30,16,194.9295775,293.8,49.6,323.468213,16.50471416,31.42674595,0,34.67650273,37.33768233,1.617,3.204805749
7,30,16.5,101.4788732,193.2,35.2,214.4132155,11.60487714,31.18923334,0,33.97185041,39.08663693,1.739,3.204805749
7,30,17,26.12676056,99.8,18.4,111.6955544,6.447153968,30.84286079,0,33.56919194,43.19418175,1.747,3.204805749
7,30,17.5,-26.26760563,21.6,2.8,27.72584683,1.289430794,30.37773193,0,32.22028606,49.81022717,2.143,3.204805749
7,30,18,-43.87323944,1.6,0.2,1.584334104,0,30.32825014,0,29.90499985,56.57618299,1.919,3.204805749
7,30,18.5,-42.11267606,0,0,0,0,29.8334322,0,28.13330258,63.72191181,2.221,3.204805749
7,30,19,-37.88732394,0,0,0,0,29.18027253,0,26.77433024,67.99935507,1.984,3.204805749
7,30,19.5,-37.32394366,0,0,0,0,28.57659464,0,26.02941206,70.19804086,1.653,3.204805749
7,30,20,-37.25352113,0,0,0,0,28.08177671,0,25.71735175,70.25800502,1.716,3.204805749
7,30,20.5,-38.02816901,0,0,0,0,27.66612964,0,25.38515851,71.62718662,2.414,3.204805749
7,30,21,-37.46478873,0,0,0,0,27.33954981,0,25.4153579,71.74711494,2.792,3.204805749
7,30,21.5,-37.11267606,0,0,0,0,27.09214084,0,25.2039622,70.78768841,2.205,3.204805749
7,30,22,-42.46478873,0,0,0,0,26.89421366,0,24.96236712,73.09630849,2.103,3.204805749
7,30,22.5,-40.21126761,0,0,0,0,26.68639013,0,24.45904403,76.13449249,2.548,3.204805749
7,30,23,-38.30985915,0,0,0,0,26.58742654,0,23.70405939,79.51247339,1.927,3.204805749
7,30,23.5,-37.88732394,0,0,0,0,26.48846296,0,23.18060338,81.75113528,1.971,3.204805749
7,31,0,-40.28169014,0,0,0,0,26.33012122,0,22.70747968,83.15029897,2.036,3.204805749
7,31,0.5,-45.70422535,0,0,0,0,26.12229768,0,22.94907476,82.55065739,2.39,3.204805749
7,31,1,-41.05633803,0,0,0,0,25.86499236,0,23.14033753,81.55125476,1.991,3.204805749
7,31,1.5,-39.78873239,0,0,0,0,25.75613241,0,22.70747968,83.35017949,1.783,3.204805749
7,31,2,-40.07042254,0,0,0,0,25.64727247,0,22.3853529,85.04916397,2.118,3.204805749
7,31,2.5,-40.56338028,0,0,0,0,25.53841252,0,22.02296028,85.54886528,2.24,3.204805749
7,31,3,-48.94366197,0,0,0,0,25.37017442,0,22.42561875,84.04976134,2.56,3.204805749
7,31,3.5,-42.25352113,0,0,0,0,25.22172904,0,22.21422305,84.1497016,1.236,3.204805749
7,31,4,-36.12676056,0,0,0,0,25.22172904,0,21.6203018,85.44892502,0.942,3.204805749
7,31,4.5,-36.4084507,0,0,0,0,25.22172904,0,21.09684579,87.1479095,0.214,3.204805749
7,31,5,-41.1971831,0,0,0,0,25.15245453,0,20.81498486,88.24725239,1.096,3.171868865
7,31,5.5,-39.92957746,0,0,0,0,25.04359458,0,20.36199408,88.94683423,1.462,3.171868865
7,31,6,-39.08450704,0.2,0,0.264055684,0,24.91494192,0,20.18079777,89.94623686,1.52,3.171868865
7,31,6.5,-32.81690141,12,1.6,12.67467284,0.515772317,24.79618562,0,20.22106362,90.74575897,0.562,3.171868865
7,31,7,6.76056338,84,12.8,74.99181427,3.352520064,24.6081548,0,21.05657995,91.14552002,1.931,3.171868865
7,31,7.5,46.83098592,162.6,28.8,168.2034707,8.510243238,24.36074583,0,22.29475474,90.34599792,1.843,3.171868865
7,31,8,162.3239437,258.4,46.4,291.5174752,13.66796641,24.26178225,0,23.37186615,88.94683423,1.712,3.171868865
7,31,8.5,246.3380282,378.2,59.8,397.9319159,18.56780343,24.2716786,0,23.92552155,86.34838739,1.636,3.171868865
7,31,9,325.2112676,469,71.6,495.3684633,22.95186813,24.4893985,0,25.09323112,82.2508366,1.288,3.171868865
7,31,9.5,394.1549296,549.2,81.4,578.8100595,26.56227435,25.27121083,0,26.65353269,71.67715675,1.217,3.171868865
7,31,10,461.9014085,620.2,90.2,653.5378181,29.65690825,26.20146855,0,28.45542935,62.67253904,1.178,3.171868865
7,31,10.5,507.1830986,676,97,711.8941242,32.75154216,27.25048258,0,30.09626262,55.53680425,1.448,3.171868865
7,31,11,542.8169014,717,102.2,757.0476462,35.07251759,27.82447138,0,31.09284234,48.75086038,2.667,3.171868865
7,31,11.5,573.943662,745,105.8,789.2624397,36.61983454,28.8042109,0,32.03908975,44.20357841,2.921,3.171868865
7,31,12,585.2112676,749.6,106.6,797.4481659,37.39349302,29.92249943,0,32.74374207,42.56455809,2.747,3.138257493
7,31,12.5,566.1971831,733.8,105,778.964268,36.36194838,30.69441541,0,33.47859378,41.37526896,1.79,3.138257493
7,31,13,567.6056338,725.2,104.4,766.0255395,36.8777207,31.32778237,0,34.12284733,38.38705509,2.205,3.138257493
7,31,13.5,523.7323944,672.8,99.2,714.7987368,35.07251759,31.74342943,0,34.36444242,34.54934898,3.266,3.138257493
7,31,14,471.9014085,619.8,92.6,668.3249364,32.75154216,31.94135661,0,34.80736674,32.72044217,3.131,3.138257493
7,31,14.5,422.4647887,559,84.6,600.4626256,29.65690825,32.04032019,0,34.99862951,31.96089617,2.435,3.138257493
7,31,15,348.2394366,480.6,74.8,519.3975306,25.78861587,32.06011291,0,34.89796489,31.0614338,1.99,3.103948293
7,31,15.5,275.0704225,392,63.6,426.7139854,21.92032349,31.9908384,0,35.21002521,31.16137406,2.339,3.103948293
7,31,16,179.7887324,290.6,50,317.1308766,16.50471416,31.59498405,0,35.69321537,30.41182209,1.12,3.103948293
7,31,16.5,91.90140845,190.2,35.2,208.6039904,11.60487714,31.14964791,0,36.23680431,29.80218648,0.881,3.103948293
7,31,17,21.05633803,99.2,18.6,109.3190532,6.447153968,30.96161709,0,35.26035752,34.2895043,0.937,3.103948293
7,31,17.5,-30.70422535,22.6,2.8,28.78206956,1.289430794,30.94182438,0,33.70005594,46.60214472,0.984,3.103948293
7,31,18,-48.66197183,1.4,0.2,1.584334104,0,31.06058068,0,29.54260723,54.9871328,1.203,3.103948293
7,31,18.5,-47.11267606,0,0,0,0,30.5756591,0,27.3380521,64.47146378,1.563,3.103948293
7,31,19,-43.45070423,0,0,0,0,29.77405405,0,25.56635482,69.08870394,2.514,3.103948293
7,31,19.5,-43.66197183,0,0,0,0,29.08130894,0,25.26436097,71.89702533,3.258,3.103948293
7,31,20,-45.70422535,0,0,0,0,28.33908204,0,27.08639055,63.25219257,3.37,3.103948293
7,31,20.5,-47.53521127,0,0,0,0,27.76509323,0,26.98572593,63.06230607,3.25,3.103948293
7,31,21,-51.54929577,0,0,0,0,27.51768426,0,26.48240284,65.00114717,3.446,3.103948293
7,31,21.5,-51.90140845,0,0,0,0,27.37913524,0,25.79788344,66.48026307,3.843,3.103948293
7,31,22,-51.83098592,0,0,0,0,27.2207935,0,25.64688652,66.06051396,3.534,3.103948293
7,31,22.5,-51.54929577,0,0,0,0,27.02286633,0,25.36502559,66.1104841,3.391,3.103948293
7,31,23,-49.15492958,0,0,0,0,26.87442095,0,25.09323112,64.90120691,3.05,3.103948293
7,31,23.5,-50.98591549,0,0,0,0,26.72597557,0,24.66037326,65.78068123,3.478,3.103948293
8,1,0,-50.07042254,0,0,0,0,26.58742654,0,24.21744894,68.0093491,3.821,3.103948293
8,1,0.5,-48.94366197,0,0,0,0,26.4785666,0,23.61346124,70.36793931,3.451,3.103948293
8,1,1,-49.29577465,0,0,0,0,26.34001758,0,23.412132,70.63777802,3.544,3.103948293
8,1,1.5,-51.54929577,0,0,0,0,26.19157219,0,23.25106861,71.25740765,2.065,3.103948293
8,1,2,-48.38028169,0,0,0,0,26.15198676,0,22.14375782,75.85465976,0.164,3.103948293
8,1,2.5,-46.76056338,0,0,0,0,26.1420904,0,21.08677933,79.88225236,0.544,3.103948293
8,1,3,-46.76056338,0,0,0,0,25.99364502,0,20.56332332,81.45131449,1.778,3.068916779
8,1,3.5,-50.14084507,0,0,0,0,25.78582149,0,20.17073131,84.1497016,0.837,3.068916779
8,1,4,-47.6056338,0,0,0,0,25.59779067,0,19.72780699,85.44892502,1.121,3.068916779
8,1,4.5,-46.4084507,0,0,0,0,25.42955257,0,19.49627837,86.64820818,1.16,3.068916779
8,1,5,-46.05633803,0,0,0,0,25.28110719,0,19.23455036,87.44773029,1.127,3.068916779
8,1,5.5,-44.15492958,0,0,0,0,25.12276545,0,19.11375282,88.34719265,1.701,3.068916779
8,1,6,-43.02816901,0.2,0,0.264055684,0,25.00400915,0,19.3553479,88.44713292,2.253,3.068916779
8,1,6.5,-35.14084507,14.6,2.2,14.78711831,0.773658476,24.86546013,0,19.67747468,87.84749134,2.129,3.068916779
8,1,7,3.309859155,94.4,15.6,87.93054279,4.384064698,24.64774024,0,20.6740544,87.54767055,2.012,3.068916779
8,1,7.5,57.53521127,186.2,33.8,176.6532526,10.31544635,24.4399167,0,21.89209627,84.74934318,1.955,3.068916779
8,1,8,160.915493,260.8,49,301.0234798,15.21528337,24.36074583,0,22.77794491,79.71235391,2.019,3.068916779
8,1,8.5,247.5352113,387.8,62.2,407.7019762,20.37300654,24.41022763,0,24.18724956,73.12629057,1.865,3.068916779
8,1,9,327.1126761,479.2,73.8,505.1385236,24.75707124,24.6081548,0,26.10994376,65.17104562,1.602,3.068916779
8,1,9.5,399.2253521,560.6,84,589.6363425,28.36747746,25.14255817,0,27.8111758,58.47504799,1.898,3.068916779
8,1,10,463.2394366,627.8,92.2,659.6110988,31.71999752,25.93426687,0,29.20034752,53.2781543,2.15,3.068916779
8,1,10.5,512.8169014,684,99,718.4955163,34.55674527,26.85462823,0,30.82104787,49.26055572,2.178,3.068916779
8,1,11,552.2535211,723.8,104,763.1209269,36.8777207,27.56716606,0,32.06928913,45.74265846,2.859,3.033137246
8,1,11.5,581.6901408,753.2,107.8,797.9762772,38.94080997,28.54690557,0,33.01553654,40.5957349,3.538,3.033137246
8,1,12,595.7746479,766,109.8,813.5555626,39.71446845,29.80374313,0,33.54905901,36.90793919,4.153,3.033137246
8,1,12.5,588.028169,762.6,109.8,810.3868944,39.71446845,30.4569028,0,34.03224918,34.54934898,3.454,3.033137246
8,1,13,585.2112676,745.8,108,788.4702726,39.45658229,31.03089161,0,34.46510704,33.18016738,3.235,3.033137246
8,1,13.5,539.5070423,706.6,105,755.9914235,38.42503765,31.64446585,0,34.74696797,31.77100967,2.456,3.033137246
8,1,14,505.6338028,665.2,99.2,713.742514,36.36194838,32.29762552,0,34.69663566,30.50176832,3.074,3.033137246
8,1,14.5,429.2957746,580.8,88,623.9635814,32.23576984,32.66379079,0,35.46168675,29.95209688,1.604,2.996582688
8,1,15,360.3521127,497.2,77.6,538.1454841,28.1095913,32.93099248,0,35.01876243,30.57172651,1.41,2.996582688
8,1,15.5,278.1690141,399.4,64.8,436.7481014,23.20975429,33.1882978,0,34.63623689,32.2007528,2.007,2.996582688
8,1,16,188.028169,298,51.4,328.2212153,17.79414495,33.03985242,0,34.67650273,32.02086032,1.195,2.996582688
8,1,16.5,101.5492958,197.8,36.8,219.4302735,12.37853562,32.42627818,0,34.78723381,31.4412068,0.894,2.996582688
8,1,17,19.57746479,101.4,19.2,112.7517771,6.962926286,31.83249666,0,34.11278087,35.37885317,1.6,2.996582688
8,1,17.5,-29.64788732,23,3,29.31018093,1.289430794,31.48612411,0,32.6833433,43.53397864,1.959,2.996582688
8,1,18,-47.18309859,1.2,0.2,1.584334104,0,31.40695324,0,29.62313892,50.37988667,1.926,2.996582688
8,1,18.5,-45.49295775,0,0,0,0,30.94182438,0,27.90177396,53.79784367,2.798,2.996582688
8,1,19,-42.32394366,0,0,0,0,30.09073753,0,27.07632409,55.75667283,2.368,2.996582688
8,1,19.5,-40.56338028,0,0,0,0,29.38809606,0,25.86834868,61.98295123,2.205,2.996582688
8,1,20,-40,0,0,0,0,28.90317448,0,25.47575667,62.08289149,3.079,2.996582688
8,1,20.5,-39.08450704,0,0,0,0,28.43804562,0,25.51602251,61.53322004,2.039,2.996582688
8,1,21,-41.4084507,0,0,0,0,28.1312585,0,24.62010741,68.25919975,2.057,2.996582688
8,1,21.5,-43.02816901,0,0,0,0,27.88384953,0,24.32818002,66.6801436,2.726,2.996582688
8,1,22,-44.15492958,0,0,0,0,27.52758062,0,25.03283235,64.85123678,3.222,2.996582688
8,1,22.5,-46.33802817,0,0,0,0,27.2207935,0,25.21402866,62.70252112,3.775,2.996582688
8,1,23,-45.35211268,0,0,0,0,27.00307361,0,25.23416158,63.04231802,3.213,2.996582688
8,1,23.5,-43.38028169,0,0,0,0,26.91400638,0,24.88183542,63.38211491,3.034,2.996582688
8,2,0,-44.78873239,0,0,0,0,26.85462823,0,24.28791418,64.72131444,2.801,2.996582688
8,2,0.5,-43.66197183,0,0,0,0,26.78535372,0,23.4926637,66.65016152,1.141,2.996582688
8,2,1,-45.56338028,0,0,0,0,26.79525008,0,22.27462182,73.37614123,1.124,2.996582688
8,2,1.5,-46.33802817,0,0,0,0,26.68639013,0,21.29817503,77.55364423,1.637,2.996582688
8,2,2,-48.73239437,0,0,0,0,26.48846296,0,21.19751041,78.97279597,1.374,2.996582688
8,2,2.5,-50.21126761,0,0,0,0,26.29053578,0,20.47272516,81.65119502,1.262,2.996582688
8,2,3,-51.97183099,0,0,0,0,26.10250497,0,19.88887038,83.84988081,1.58,2.996582688
8,2,3.5,-51.83098592,0,0,0,0,25.91447415,0,19.83853807,84.04976134,2.194,2.996582688
8,2,4,-51.83098592,0,0,0,0,25.71654698,0,19.39561375,84.74934318,1.039,2.996582688
8,2,4.5,-50.56338028,0,0,0,0,25.57799795,0,18.87215774,86.24844713,1.651,2.996582688
8,2,5,-48.66197183,0,0,0,0,25.44934529,0,18.66076204,87.54767055,1.749,2.996582688
8,2,5.5,-45.70422535,0,0,0,0,25.30089991,0,18.65069558,88.44713292,1.697,2.959224716
8,2,6,-44.71830986,0.2,0,0.264055684,0,25.16235089,0,18.80169251,89.14671476,1.292,2.959224716
8,2,6.5,-38.23943662,8.6,1.4,9.506004626,0.515772317,25.02380187,0,18.6708285,89.24665502,1.465,2.959224716
8,2,7,0.704225352,72.2,12.2,71.2950347,3.352520064,24.88525284,0,19.00302174,90.34599792,0.928,2.959224716
8,2,7.5,45.49295775,147.2,25.6,141.269791,7.736584762,24.75660018,0,20.81498486,90.64581871,0.423,2.959224716
8,2,8,116.7605634,249,45.6,280.1630808,14.18373873,24.61805116,0,22.10349197,87.74755107,1.24,2.959224716
8,2,8.5,247.2535211,389.8,63.6,407.7019762,20.6308927,24.55867301,0,22.70747968,81.35137423,2.016,2.959224716
8,2,9,312.3943662,469.6,73.6,492.9919621,24.75707124,24.65763659,0,24.88183542,71.4672822,1.596,2.959224716
8,2,9.5,391.2676056,563.2,85.4,591.2206766,29.14113594,25.29100355,0,27.01592532,61.4432738,1.28,2.959224716
8,2,10,422.7464789,593.2,88.2,624.7557485,30.68845289,26.19157219,0,28.79768905,54.99712683,1.337,2.959224716
8,2,10.5,498.943662,688.8,100.8,722.1922959,35.33040375,27.1020372,0,30.39825648,48.73087233,1.368,2.959224716
8,2,11,559.5774648,739.2,106.8,777.9080452,38.16715149,27.79478231,0,31.64649774,41.65510169,2.509,2.921033461
8,2,11.5,581.6901408,760.8,109.8,801.9371125,39.71446845,28.73493638,0,32.57261222,37.53756285,2.892,2.921033461
8,2,12,590.8450704,768,111,811.7071728,40.48812692,30.13032296,0,33.27726455,37.19776596,2.764,2.921033461
8,2,12.5,584.5070423,761.4,110.6,806.6901148,40.48812692,30.80327536,0,33.85105287,35.34887109,2.125,2.921033461
8,2,13,559.9295775,739.8,107.8,779.2283237,39.71446845,31.6543622,0,34.36444242,33.47998817,2.333,2.921033461
8,2,13.5,525.8450704,689,103.4,742.2605279,38.16715149,32.54503449,0,34.91809782,31.89093798,1.988,2.921033461
8,2,14,431.1971831,589.8,88.4,635.5820315,32.75154216,32.89140704,0,35.10936059,29.99207298,2.092,2.921033461
8,2,14.5,430,580.6,89,623.9635814,32.493656,32.9013034,0,35.55228491,26.49416377,2.57,2.881977479
8,2,15,356.9014085,500.4,79,539.4657625,28.62536362,32.75285802,0,35.72341476,25.15496424,2.161,2.881977479
8,2,15.5,275.5633803,406,66.6,441.5011038,23.7255266,32.51534541,0,36.01534215,23.6558603,1.667,2.881977479
8,2,16,187.5352113,304.6,53,334.294496,18.30991727,32.3273146,0,35.75361414,24.46537643,1.742,2.881977479
8,2,16.5,95.14084507,202,38,222.5989417,12.63642178,31.93146025,0,36.01534215,24.36543616,1.151,2.881977479
8,2,17,21.83098592,106.6,20.4,117.2407237,7.220812445,31.54550226,0,35.64288306,27.89332745,1.338,2.881977479
8,2,17.5,-32.74647887,25.8,3.4,31.95073777,1.547316952,31.46633139,0,33.9215181,42.65450433,0.486,2.881977479
8,2,18,-51.05633803,1.8,0.2,1.848389788,0,31.67415492,0,29.3110786,51.21938488,0.839,2.881977479
8,2,18.5,-51.26760563,0,0,0,0,31.17933699,0,27.09645701,62.10287954,0.467,2.881977479
8,2,19,-49.29577465,0,0,0,0,30.38762829,0,24.94223419,65.7706872,1.706,2.881977479
8,2,19.5,-45.98591549,0,0,0,0,29.64540139,0,24.20738248,65.81066331,2.859,2.881977479
8,2,20,-44.78873239,0,0,0,0,29.01203443,0,24.34831295,61.81305278,1.998,2.881977479
8,2,20.5,-42.88732394,0,0,0,0,28.51721649,0,24.33824649,61.70311849,1.863,2.881977479
8,2,21,-44.15492958,0,0,0,0,28.1807403,0,23.64366062,66.37032878,2.266,2.881977479
8,2,21.5,-44.57746479,0,0,0,0,27.95312405,0,23.150404,71.35734791,1.682,2.881977479
8,2,22,-44.43661972,0,0,0,0,27.7255078,0,22.74774552,75.35495844,0.883,2.881977479
8,2,22.5,-47.18309859,0,0,0,0,27.48799519,0,22.02296028,78.82288557,1.622,2.881977479
8,2,23,-43.94366197,0,0,0,0,27.29996437,0,21.39883965,81.1514937,1.856,2.881977479
8,2,23.5,-43.38028169,0,0,0,0,27.1020372,0,21.25790918,82.45071713,1.523,2.881977479
8,3,0,-44.57746479,0,0,0,0,26.91400638,0,21.17737749,83.74994055,1.197,2.881977479
8,3,0.5,-45.42253521,0,0,0,0,26.77545736,0,20.94584887,84.84928344,1.134,2.881977479
8,3,1,-46.4084507,0,0,0,0,26.61711562,0,20.82505132,85.84868607,1.654,2.881977479
8,3,1.5,-45.84507042,0,0,0,0,26.46867024,0,20.36199408,86.54826792,2.037,2.881977479
8,3,2,-43.5915493,0,0,0,0,26.34001758,0,20.23113008,86.54826792,1.587,2.881977479
8,3,2.5,-45.77464789,0,0,0,0,26.20146855,0,19.62714237,87.04796923,1.174,2.881977479
8,3,3,-45.49295775,0,0,0,0,26.09260861,0,19.2244839,87.9474316,1.76,2.881977479
8,3,3.5,-45.56338028,0,0,0,0,25.96395594,0,19.27481621,88.34719265,1.461,2.881977479
8,3,4,-44.85915493,0,0,0,0,25.79571785,0,18.92249005,88.74695371,1.1,2.881977479
8,3,4.5,-44.15492958,0,0,0,0,25.66706518,0,18.65069558,89.44653555,1.235,2.881977479
8,3,5,-44.22535211,0,0,0,0,25.53841252,0,18.49969865,89.64641608,1.945,2.881977479
8,3,5.5,-44.64788732,0,0,0,0,25.40975986,0,18.57016389,89.74635634,1.973,2.881977479
8,3,6,-45.77464789,0.4,0,0.264055684,0,25.29100355,0,18.57016389,89.8462966,2.295,2.881977479
8,3,6.5,-38.94366197,12.2,1.8,13.73089557,0.773658476,25.14255817,0,18.68089497,89.24665502,1.509,2.881977479
8,3,7,7.253521127,96.6,16.2,92.15543374,4.384064698,24.97432007,0,19.38554729,89.24665502,1.295,2.881977479
8,3,7.5,27.46478873,194,34.6,180.6140879,10.57333251,24.78628926,0,20.39219347,86.54826792,2.753,2.881977479
8,3,8,160.9859155,254,50.2,305.5124265,15.73105568,24.65763659,0,21.49950426,82.15089634,1.701,2.842023636
8,3,8.5,246.4788732,392.8,63.8,410.0784773,21.14666502,24.69722203,0,23.33160031,74.34556178,1.98,2.842023636
8,3,9,332.3943662,485,75.6,508.3071918,25.78861587,24.81597833,0,25.55628836,62.82244944,2.251,2.842023636
8,3,9.5,396.8309859,566,85.6,593.0690664,29.65690825,25.32069263,0,27.97223919,54.31753304,1.915,2.842023636
8,3,10,464.3661972,635.4,94,667.0046579,33.00942832,26.06291953,0,30.08619616,45.46282572,2.813,2.842023636
8,3,10.5,518.2394366,690.2,100.6,725.8890755,35.84617606,26.9337991,0,31.56596604,39.68627851,2.652,2.842023636
8,3,11,549.6478873,733.4,106,773.1550429,38.42503765,27.76509323,0,32.51221345,36.5681423,3.257,2.842023636
8,3,11.5,575.3521127,759.4,109.4,803.5214466,40.23024076,28.84379633,0,33.16653347,35.18896667,3.268,2.801136995
8,3,12,581.6901408,767.8,110.8,815.1398967,41.2617854,30.24907927,0,33.46852732,34.00967156,3.165,2.801136995
8,3,12.5,602.1126761,774.2,112.6,822.2694002,41.77755771,30.92203166,0,34.17317964,33.13019725,3.103,2.801136995
8,3,13,519.1549296,678.4,99.2,720.0798504,36.8777207,31.38716052,0,34.2637778,29.31247919,4.268,2.801136995
8,3,13.5,535.4929577,697.2,105.4,752.5586996,39.19869613,31.85228938,0,34.84763258,27.10379938,4.679,2.801136995
8,3,14,472.2535211,647.6,97.4,694.7305048,36.10406222,32.11949106,0,34.87783197,25.5947014,4.624,2.759280685
8,3,14.5,417.3943662,574,88.4,618.9465234,32.493656,32.43617454,0,35.09929413,26.18434895,4.087,2.759280685
8,3,15,350.9859155,496,78.4,538.9376512,28.62536362,32.46586362,0,35.09929413,26.71403235,3.811,2.759280685
8,3,15.5,280.9859155,405.8,67,444.669772,23.98341276,32.33721096,0,35.22009167,26.11439077,3.379,2.759280685
8,3,16,189.4366197,308.4,53.8,340.3677768,18.56780343,32.05021655,0,35.23015813,27.0738173,2.743,2.759280685
8,3,16.5,101.056338,204.4,38.4,226.8238326,13.1521941,31.703844,0,35.09929413,28.09320798,2.568,2.759280685
8,3,17,20.14084507,102,19.6,114.0720555,6.962926286,31.3673678,0,34.91809782,30.79159509,1.815,2.759280685
8,3,17.5,-32.11267606,22.4,3,29.57423662,1.547316952,31.23871514,0,33.2369987,37.69746727,1.251,2.759280685
8,3,18,-47.6056338,1.6,0.2,1.848389788,0,31.50591682,0,29.47214199,48.92075883,0.784,2.759280685
8,3,18.5,-47.3943662,0,0,0,0,31.17933699,0,26.81459608,60.53381741,0.327,2.759280685
8,3,19,-45.07042254,0,0,0,0,30.47669552,0,24.9925665,62.42268838,0.071,2.759280685
8,3,19.5,-45.35211268,0,0,0,0,29.78395041,0,24.29798064,67.29977323,0.788,2.759280685
8,3,20,-41.90140845,0,0,0,0,29.22975432,0,23.51279662,69.95818423,1.633,2.759280685
8,3,20.5,-42.88732394,0,0,0,0,28.78441818,0,23.32153385,71.83706118,1.926,2.759280685
8,3,21,-41.26760563,0,0,0,0,28.44794198,0,22.60681506,74.17566333,2.397,2.759280685
8,3,21.5,-42.6056338,0,0,0,0,28.16094758,0,22.34508705,74.37554386,1.893,2.759280685
8,3,22,-41.90140845,0,0,0,0,27.90364225,0,22.23435597,71.16746141,2.55,2.759280685
8,3,22.5,-43.94366197,0,0,0,0,27.62654421,0,22.76787845,70.74771231,2.625,2.759280685
8,3,23,-44.15492958,0,0,0,0,27.39892796,0,22.74774552,71.33735986,2.003,2.759280685
8,3,23.5,-44.15492958,0,0,0,0,27.25048258,0,22.2544889,74.35555581,1.8,2.759280685
8,4,0,-43.52112676,0,0,0,0,27.12182991,0,22.07329258,74.60540647,1.845,2.759280685
8,4,0.5,-41.05633803,0,0,0,0,27.01296997,0,21.37870672,78.19326191,1.227,2.759280685
8,4,1,-41.12676056,0,0,0,0,26.90411002,0,20.99618117,81.1514937,1.401,2.759280685
8,4,1.5,-38.23943662,0,0,0,0,26.77545736,0,20.68412086,82.85047818,0.867,2.759280685
8,4,2,-30.77464789,0,0,0,0,26.6468047,0,20.38212701,84.64940292,1.412,2.759280685
8,4,2.5,-31.69014085,0,0,0,0,26.52804839,0,20.26132946,85.44892502,0.761,2.759280685
8,4,3,-31.61971831,0,0,0,0,26.4290848,0,20.32172824,86.64820818,1.022,2.759280685
8,4,3.5,-37.81690141,0,0,0,0,26.34991393,0,20.13046546,87.24784976,1.463,2.759280685
8,4,4,-56.76056338,0,0,0,0,26.25095035,0,20.10026608,86.74814844,2.353,2.759280685
8,4,4.5,-45.77464789,0,0,0,0,26.12229768,0,20.06000023,86.34838739,0.825,2.759280685
8,4,5,-45.84507042,0,0,0,0,26.05302317,0,19.54661068,87.04796923,1.661,2.759280685
8,4,5.5,-44.71830986,0,0,0,0,25.96395594,0,19.24461682,87.74755107,1.594,2.759280685
8,4,6,-44.29577465,0.2,0,0.264055684,0,25.855096,0,18.78155958,88.54707318,1.555,2.759280685
8,4,6.5,-33.94366197,16.4,2.4,16.10739673,0.773658476,25.69675426,0,18.64062912,89.44653555,1.687,2.759280685
8,4,7,10.56338028,98.2,16.8,91.62732237,4.641950857,25.46913801,0,19.81840515,90.34599792,2.011,2.759280685
8,4,7.5,65.70422535,191.4,35.2,176.6532526,10.83121867,25.2316254,0,21.49950426,88.44713292,1.497,2.759280685
8,4,8,161.5492958,264.8,50.6,299.4391457,15.98894184,25.14255817,0,22.90880891,83.94982107,2.165,2.716415763
8,4,8.5,250.8450704,390.4,64,411.1347001,21.40455117,25.15245453,0,24.83150311,71.68715078,2.801,2.716415763
8,4,9,333.3098592,485.8,76.4,514.1164169,26.30438819,25.29100355,0,27.37831794,58.94476723,2.73,2.716415763
8,4,9.5,405.4929577,569.4,86.8,603.8953495,30.43056673,25.74623605,0,29.85466754,50.69969551,2.824,2.716415763
8,4,10,472.1830986,635.8,94.8,674.9263285,33.78308679,26.49835931,0,31.1834405,45.71267638,2.747,2.716415763
8,4,10.5,523.943662,693.8,102,736.4513029,36.61983454,27.44840975,0,32.33101714,43.35408617,2.539,2.716415763
8,4,11,558.3802817,734.6,107.2,780.2845464,39.19869613,28.16094758,0,33.08600177,39.95611722,2.841,2.672501059
8,4,11.5,591.5492958,762.4,110.8,809.858783,40.74601308,29.22975432,0,34.18324611,37.08783167,2.402,2.672501059
8,4,12,601.4084507,771.8,112.6,822.5334559,41.77755771,30.5756591,0,34.72683504,32.69046009,2.853,2.672501059
8,4,12.5,588.028169,759.8,111.2,812.2352842,41.2617854,31.38716052,0,35.22009167,30.41182209,2.491,2.672501059
8,4,13,569.7183099,740.6,109,788.2062169,41.2617854,32.10959471,0,35.57241783,27.77339914,2.778,2.672501059
8,4,13.5,503.8732394,664.4,100.6,723.2485186,37.90926533,32.83202889,0,36.16633908,27.13378145,2.141,2.627493012
8,4,14,483.2394366,662.2,99.8,711.1019572,36.8777207,33.44560313,0,36.03547507,27.88333343,1.856,2.627493012
8,4,14.5,480.915493,635.4,98,677.5668853,35.84617606,33.71280482,0,36.34753539,26.5441339,1.966,2.627493012
8,4,15,374.7183099,518.4,82.6,553.7247695,29.91479441,33.58415215,0,36.69986155,25.2149284,2.227,2.627493012
8,4,15.5,259.1549296,393.4,65.4,421.6969274,23.20975429,33.65342666,0,36.17640554,25.83455803,2.198,2.581345488
8,4,16,145.4225352,258.8,45,280.6911922,15.47316952,33.58415215,0,36.19653846,25.89452219,0.806,2.581345488
8,4,16.5,109.5070423,211.4,38.8,224.7113871,12.63642178,32.99037063,0,37.11258648,26.44419364,1.019,2.581345488
8,4,17,28.87323944,102.8,19,109.0549975,6.447153968,32.81223617,0,34.70670212,32.02086032,2.136,2.581345488
8,4,17.5,-36.54929577,19.8,3,24.8212343,1.289430794,32.68358351,0,32.8142073,38.34707898,1.929,2.581345488
8,4,18,-49.08450704,1.4,0.2,1.584334104,0,32.3273146,0,30.31772478,45.6826943,2.764,2.581345488
8,4,18.5,-40.91549296,0,0,0,0,31.58508769,0,29.11981583,48.89077675,2.377,2.581345488
8,4,19,-39.71830986,0,0,0,0,30.83296443,0,28.27423304,53.36810054,2.499,2.581345488
8,4,19.5,-39.50704225,0,0,0,0,30.23918291,0,27.75077703,55.84661907,3.252,2.581345488
8,4,20,-44.85915493,0,0,0,0,29.77405405,0,27.31791917,58.01532278,3.264,2.581345488
8,4,20.5,-44.57746479,0,0,0,0,29.3781997,0,26.58306746,60.74369196,2.313,2.581345488
8,4,21,-45.07042254,0,0,0,0,29.18027253,0,25.52608898,62.58259281,2.584,2.581345488
8,4,21.5,-45.35211268,0,0,0,0,28.93286356,0,25.44555728,62.90240165,3.245,2.581345488
8,4,22,-46.1971831,0,0,0,0,28.54690557,0,25.68715236,61.09348288,3.33,2.581345488
8,4,22.5,-45.91549296,0,0,0,0,28.26980752,0,25.21402866,62.71251515,3.015,2.581345488
8,4,23,-50.77464789,0,0,0,0,28.10156943,0,24.91203481,64.32155338,3.385,2.581345488
8,4,23.5,-52.53521127,0,0,0,0,27.94322769,0,24.18724956,67.12987478,2.752,2.581345488
8,5,0,-50.14084507,0,0,0,0,27.83436774,0,23.69399293,69.63837539,2.023,2.581345488
8,5,0.5,-48.09859155,0,0,0,0,27.73540415,0,22.96920768,71.6571687,1.776,2.581345488
8,5,1,-50.21126761,0,0,0,0,27.61664785,0,22.16389074,74.80528699,1.972,2.581345488
8,5,1.5,-49.36619718,0,0,0,0,27.41872068,0,21.77129873,77.42372189,2.315,2.581345488
8,5,2,-46.54929577,0,0,0,0,27.23068986,0,21.03644702,79.22264663,1.777,2.581345488
8,5,2.5,-44.50704225,0,0,0,0,27.11193356,0,20.35192762,81.25143397,0.725,2.581345488
8,5,3,-45,0,0,0,0,26.92390274,0,19.989535,83.65000028,1.61,2.581345488
8,5,3.5,-47.18309859,0,0,0,0,26.765561,0,19.76807284,84.64940292,2.242,2.581345488
8,5,4,-48.09859155,0,0,0,0,26.60721926,0,19.62714237,85.84868607,1.505,2.581345488
8,5,4.5,-47.67605634,0,0,0,0,26.46867024,0,19.27481621,87.1479095,0.882,2.581345488
8,5,5,-46.1971831,0,0,0,0,26.34001758,0,19.0130882,88.24725239,1.614,2.581345488
8,5,5.5,-46.05633803,0,0,0,0,26.20146855,0,18.93255651,88.64701344,1.095,2.581345488
8,5,6,-45.56338028,0.4,0,0.264055684,0,26.08271225,0,18.82182543,89.24665502,0.914,2.581345488
8,5,6.5,-37.25352113,12.6,2,15.05117399,0.773658476,25.95405959,0,18.6708285,89.74635634,0.698,2.581345488
8,5,7,6.197183099,96,17,92.41948942,4.641950857,25.77592513,0,19.46607898,90.74575897,1.206,2.581345488
8,5,7.5,39.57746479,191.8,35.8,196.7214846,10.83121867,25.54830888,0,21.78136519,90.14611739,0.702,2.581345488
8,5,8,154.7183099,267.6,50.4,278.314691,15.98894184,25.41965622,0,22.19409013,84.64940292,2.886,2.581345488
8,5,8.5,238.943662,390,64.4,415.8877024,21.66243733,25.49882708,0,23.67386001,75.55483897,2.954,2.581345488
8,5,9,317.1830986,482.8,76.2,516.492918,26.56227435,25.67696154,0,25.43549082,67.35973739,3.756,2.581345488
8,5,9.5,390.4929577,565.6,86.6,606.799962,30.68845289,26.17177948,0,26.60320039,62.79246736,4.072,2.581345488
8,5,10,454.1549296,636.4,95.4,683.3761104,34.29885911,26.95359182,0,27.49911548,58.61496436,4.324,2.581345488
8,5,10.5,505.7746479,695,102.6,745.9573075,37.39349302,27.87395318,0,28.35476474,54.29754499,3.561,2.534009579
8,5,11,550.2112676,736.8,107.8,790.3186624,39.71446845,28.55680193,0,29.53254076,50.51980304,2.969,2.534009579
8,5,11.5,573.943662,760.6,110.8,816.7242308,41.51967156,29.56623052,0,30.37812355,47.67150554,2.887,2.534009579
8,5,12,579.5774648,772,112,827.5505139,42.03544387,31.00120253,0,31.37470327,44.86318414,2.699,2.534009579
8,5,12.5,575.3521127,764.6,111.4,821.2131774,42.03544387,31.86218574,0,32.05922267,41.74504793,2.53,2.534009579
8,5,13,562.9577465,739.6,108.2,791.1108295,41.00389924,32.79244346,0,32.67327684,39.8361889,2.726,2.485433389
8,5,13.5,520.2816901,686.4,103.2,749.9181427,39.19869613,33.50498128,0,33.07593531,39.20656525,3.098,2.485433389
8,5,14,470.8450704,642.8,96.6,698.9553957,36.61983454,33.83156112,0,33.39806209,38.75683406,2.846,2.485433389
8,5,14.5,420.4929577,574.2,88.2,626.6041383,33.26731448,33.95031743,0,33.68998948,37.83738364,2.675,2.485433389
8,5,15,349.7183099,493.8,78.2,542.8984864,29.14113594,33.9800065,0,33.9215181,36.74803477,3.174,2.435561791
8,5,15.5,272.6056338,403.6,66.6,446.7822174,24.24129892,33.78207933,0,33.82085348,38.18717456,3.17,2.435561791
8,5,16,186.971831,305,53.4,341.1599438,18.82568959,33.43570677,0,33.5792584,38.56694756,3.696,2.435561791
8,5,16.5,101.7605634,203.4,38.4,229.4643895,13.1521941,32.9507852,0,33.21686577,40.29591412,3.422,2.435561791
8,5,17,24.71830986,108.4,21.2,122.7858931,7.478698603,32.46586362,0,32.54241284,42.33469548,3.088,2.435561791
8,5,17.5,-29.50704225,26.2,3.4,33.53507188,1.547316952,31.9908384,0,31.59616543,46.58215667,2.554,2.435561791
8,5,18,-43.02816901,1.8,0.2,2.112445473,0,31.74342943,0,29.9452657,51.92896075,2.746,2.435561791
8,5,18.5,-42.88732394,0,0,0,0,31.33767873,0,28.58629336,57.17582457,2.995,2.435561791
8,5,19,-43.45070423,0,0,0,0,30.72410449,0,27.67024533,60.01412804,2.455,2.435561791
8,5,19.5,-41.76056338,0,0,0,0,30.2886647,0,26.64346623,64.17164299,2.788,2.435561791
8,5,20,-42.32394366,0,0,0,0,29.88291399,0,25.76768406,66.99995244,2.701,2.435561791
8,5,20.5,-43.38028169,0,0,0,0,29.48705965,0,25.21402866,69.43849486,1.757,2.435561791
8,5,21,-40.98591549,0,0,0,0,29.20006524,0,24.1771831,72.90642199,2.083,2.435561791
8,5,21.5,-42.46478873,0,0,0,0,28.9229672,0,23.77452463,74.83526907,1.61,2.435561791
8,5,22,-42.3943662,0,0,0,0,28.66566187,0,23.4926637,77.28380552,1.235,2.435561791
8,5,22.5,-43.8028169,0,0,0,0,28.43804562,0,22.79807783,79.65238976,1.013,2.435561791
8,5,23,-42.53521127,0,0,0,0,28.24011845,0,22.43568521,81.95101581,1.801,2.435561791
8,5,23.5,-42.67605634,0,0,0,0,28.02239856,0,22.20415659,83.35017949,2.056,2.435561791
8,6,0,-48.52112676,0,0,0,0,27.79478231,0,22.64708091,82.95041844,1.81,2.435561791
8,6,0.5,-49.43661972,0,0,0,0,27.60675149,0,22.32495413,83.84988081,1.838,2.435561791
8,6,1,-47.04225352,0,0,0,0,27.49789154,0,22.15382428,84.84928344,1.736,2.435561791
8,6,1.5,-44.85915493,0,0,0,0,27.37913524,0,21.50957073,86.0485666,1.378,2.435561791
8,6,2,-45,0,0,0,0,27.29006801,0,20.89551656,87.04796923,1.76,2.435561791
8,6,2.5,-44.71830986,0,0,0,0,27.16141535,0,20.57338978,88.24725239,1.982,2.435561791
8,6,3,-46.47887324,0,0,0,0,26.97338453,0,20.65392147,89.24665502,2.366,2.435561791
8,6,3.5,-47.67605634,0,0,0,0,26.77545736,0,20.75458609,89.8462966,1.534,2.435561791
8,6,4,-45.63380282,0,0,0,0,26.6468047,0,20.44252578,89.94623686,1.368,2.435561791
8,6,4.5,-45.70422535,0,0,0,0,26.56763383,0,20.00966792,90.44593818,1.657,2.435561791
8,6,5,-45.49295775,0,0,0,0,26.4785666,0,19.92913623,90.64581871,1.392,2.435561791
8,6,5.5,-44.71830986,0,0,0,0,26.36970665,0,19.63720883,91.24546029,1.507,2.435561791
8,6,6,-44.36619718,0.4,0,0.264055684,0,26.28063942,0,19.17415159,91.54528108,1.62,2.435561791
8,6,6.5,-34.57746479,15.2,2.6,16.6355081,0.773658476,26.16188312,0,18.90235712,92.24486292,1.385,2.435561791
8,6,7,5.915492958,92,16.4,88.98676553,4.384064698,25.96395594,0,19.39561375,93.04438502,1.175,2.435561791
8,6,7.5,62.81690141,189.6,34.2,189.3279255,10.31544635,25.73633969,0,21.58003596,93.04438502,1.002,2.435561791
8,6,8,104.3661972,278,50.6,285.9723058,15.73105568,25.61758339,0,22.99940707,91.84510187,0.944,2.435561791
8,6,8.5,234.5070423,379.2,65,412.7190342,21.40455117,25.64727247,0,24.04631909,90.44593818,0.793,2.435561791
8,6,9,322.1830986,485.2,77,512.7961385,26.30438819,25.86499236,0,24.81137019,87.9474316,1.315,2.435561791
8,6,9.5,395.0704225,569.8,87.8,602.575071,30.43056673,26.32022486,0,25.58648775,84.44952239,1.439,2.435561791
8,6,10,458.4507042,641.8,97,677.830941,34.04097295,27.18120807,0,26.71393147,78.02336347,1.385,2.435561791
8,6,10.5,512.7464789,696.2,103.4,734.8669687,36.8777207,28.17084394,0,28.2842995,67.41970154,1.309,2.435561791
8,6,11,545.0704225,736.4,108.4,777.3799339,39.19869613,28.98234535,0,30.42845586,55.5168162,1.985,2.384336168
8,6,11.5,568.3098592,756,110.8,800.6168341,40.48812692,30.18970111,0,32.06928913,46.29232991,2.534,2.384336168
8,6,12,580.2816901,775,113.4,822.2694002,42.03544387,31.79291123,0,33.11620116,38.60692367,3.208,2.384336168
8,6,12.5,577.4647887,768.2,113,818.0445092,41.77755771,32.67368715,0,33.85105287,34.84916977,3.138,2.384336168
8,6,13,558.4507042,743.8,109.8,787.1499942,41.00389924,33.27736503,0,34.6060375,32.6205019,1.985,2.33169412
8,6,13.5,505.7746479,664,100.8,720.8720175,37.65137918,33.82166476,0,35.28049044,31.39123667,1.725,2.33169412
8,6,14,480.2112676,651.8,98.8,703.708398,36.8777207,34.20762275,0,35.38115506,33.22014348,2.153,2.33169412
8,6,14.5,429.6478873,582,90.2,629.2446951,33.52520064,34.62326982,0,35.56235137,31.61110524,2.015,2.33169412
8,6,15,344.6478873,490,78.4,533.6565375,28.62536362,34.6034771,0,35.56235137,30.41182209,2.379,2.33169412
8,6,15.5,271.1971831,399.4,66.4,436.4840458,23.7255266,34.40554993,0,35.89454461,29.25251503,1.831,2.277569142
8,6,16,180.4929577,298,52.6,327.6931039,18.05203111,34.05917737,0,35.69321537,30.96149353,2.26,2.277569142
8,6,16.5,99.22535211,198.8,37.6,220.2224405,12.63642178,33.76228661,0,35.14962644,34.07962975,2.471,2.277569142
8,6,17,24.01408451,105,20.6,116.184501,7.220812445,33.29715775,0,34.12284733,37.5575509,2.317,2.277569142
8,6,17.5,-33.8028169,26,3.6,32.21479346,1.547316952,32.83202889,0,32.5524793,42.04486872,2.232,2.277569142
8,6,18,-51.4084507,1.8,0.2,2.112445473,0,32.47575998,0,30.57945279,46.74206109,2.082,2.277569142
8,6,18.5,-48.5915493,0,0,0,0,31.8720821,0,29.09968291,49.15062143,3.328,2.277569142
8,6,19,-47.6056338,0,0,0,0,31.16944063,0,28.31449889,51.43925346,3.123,2.277569142
8,6,19.5,-47.18309859,0,0,0,0,30.50638459,0,28.04270442,51.53919372,3.108,2.277569142
8,6,20,-45.77464789,0,0,0,0,30.08084117,0,27.44878318,51.82902049,2.742,2.277569142
8,6,20.5,-45.56338028,0,0,0,0,29.72457226,0,26.88506132,56.98593807,1.365,2.277569142
8,6,21,-45.35211268,0,0,0,0,29.55633416,0,24.98250004,64.16164896,1.283,2.277569142
8,6,21.5,-48.30985915,0,0,0,0,29.35840698,0,24.16711663,67.98936104,2.151,2.277569142
8,6,22,-44.01408451,0,0,0,0,29.0417235,0,23.78459109,69.77829175,1.43,2.277569142
8,6,22.5,-45.35211268,0,0,0,0,28.82400361,0,22.81821076,73.88583657,0.458,2.277569142
8,6,23,-45.14084507,0,0,0,0,28.6359728,0,22.18402366,77.48368605,1.125,2.277569142
8,6,23.5,-45.35211268,0,0,0,0,28.39846019,0,21.8316975,79.95221055,0.59,2.277569142
8,7,0,-44.78873239,0,0,0,0,28.1807403,0,21.1471781,81.75113528,1.444,2.277569142
8,7,0.5,-43.16901408,0,0,0,0,27.99270948,0,21.10691225,82.2508366,1.177,2.277569142
8,7,1,-30.63380282,0,0,0,0,27.81457502,0,20.8049184,84.04976134,0.759,2.277569142
8,7,1.5,-22.81690141,0,0,0,0,27.65623328,0,21.16731102,85.14910423,1.075,2.277569142
8,7,2,-28.66197183,0,0,0,0,27.52758062,0,21.44917195,85.44892502,1.606,2.277569142
8,7,2.5,-40.63380282,0,0,0,0,27.46820247,0,21.34850734,85.94862634,1.622,2.277569142
8,7,3,-46.4084507,0,0,0,0,27.40882432,0,20.81498486,87.04796923,0.95,2.277569142
8,7,3.5,-45.84507042,0,0,0,0,27.30986073,0,20.15059838,87.84749134,0.447,2.277569142
8,7,4,-46.4084507,0,0,0,0,27.14162263,0,19.7781393,88.54707318,0.796,2.277569142
8,7,4.5,-44.64788732,0,0,0,0,26.97338453,0,19.53654422,89.0467745,0.794,2.277569142
8,7,5,-43.09859155,0,0,0,0,26.80514644,0,19.31508206,89.54647581,0.184,2.277569142
8,7,5.5,-46.26760563,0,0,0,0,26.63690834,0,19.07348697,89.94623686,0.576,2.277569142
8,7,6,-44.15492958,0.4,0,0.264055684,0,26.4785666,0,18.83189189,90.34599792,0.541,2.277569142
8,7,6.5,-31.4084507,15.4,2.6,15.84334104,0.773658476,26.34991393,0,18.76142666,90.64581871,1.001,2.277569142
8,7,7,8.23943662,88,16.2,80.27292796,4.384064698,26.16188312,0,19.59694299,91.34540055,0.983,2.277569142
8,7,7.5,48.09859155,182.8,34.4,175.0689185,10.05756019,25.9738523,0,21.69076704,90.9456395,1.38,2.277569142
8,7,8,129.9295775,278.2,50.4,266.6962409,15.21528337,25.84519964,0,22.34508705,87.1479095,1.76,2.277569142
8,7,8.5,226.9014085,358.4,64.8,391.8586351,20.6308927,25.90457779,0,23.43226492,81.55125476,1.191,2.277569142
8,7,9,306.4084507,475.2,77,492.4638508,25.27284356,26.11240133,0,25.58648775,70.75770633,1.029,2.277569142
8,7,9.5,382.2535211,560.2,87.8,582.506839,29.65690825,26.52804839,0,27.71051118,57.6055677,0.971,2.277569142
8,7,10,445.9859155,630.4,95.8,656.1783749,33.00942832,27.2207935,0,30.02579739,45.27293922,1.408,2.277569142
8,7,10.5,495.6338028,692,103.4,720.0798504,36.36194838,28.40835655,0,32.08942206,40.46581256,1.324,2.277569142
8,7,11,539.2253521,735.8,109,768.6660963,38.94080997,29.35840698,0,33.09606823,37.8973478,1.76,2.221890279
8,7,11.5,565.4929577,764.2,112.8,800.0887227,41.00389924,30.47669552,0,33.99198333,36.10841709,1.348,2.221890279
8,7,12,569.0140845,765.6,113.2,804.049558,41.2617854,32.05021655,0,34.41477473,35.69866201,2.145,2.221890279
8,7,12.5,537.8169014,724.8,107.6,766.2895952,39.71446845,33.09923058,0,34.87783197,33.83977311,1.669,2.221890279
8,7,13,551.2676056,737.4,109.8,773.1550429,40.74601308,33.77218297,0,35.41135444,31.39123667,2.097,2.164581728
8,7,13.5,489.5070423,657.4,101,705.0286764,37.13560686,34.37586085,0,35.91467753,28.51295709,1.437,2.164581728
8,7,14,419.8591549,572.4,88.2,608.9124074,32.23576984,34.52430623,0,36.21667138,24.50535253,2.607,2.164581728
8,7,14.5,357.2535211,512.4,80.8,547.6514887,29.14113594,34.52430623,0,36.35760185,24.38542422,1.972,2.164581728
8,7,15,349.9295775,504.2,81.4,534.7127602,28.88324978,34.49461716,0,36.54886462,24.11558551,1.665,2.164581728
8,7,15.5,282.8873239,419,69.6,440.9729924,23.98341276,34.40554993,0,36.42806708,24.73521514,2.272,2.164581728
8,7,16,139.3661972,252.6,44.4,266.6962409,14.69951105,34.37586085,0,35.73348122,26.66406222,2.344,2.164581728
8,7,16.5,32.04225352,117,21.2,137.0449,7.736584762,34.06907373,0,34.20337903,32.21074682,2.681,2.164581728
8,7,17,13.02816901,97,19,102.1895497,6.18926781,33.47529221,0,33.73025533,35.31888901,2.22,2.164581728
8,7,17.5,-27.6056338,27.8,4.6,30.63045935,1.547316952,32.75285802,0,32.56254576,39.30650551,2.653,2.164581728
8,7,18,-47.46478873,1.4,0.2,1.848389788,0,32.4955527,0,30.84118079,45.0730587,2.936,2.164581728
8,7,18.5,-43.66197183,0,0,0,0,32.00073476,0,29.3916103,51.65912204,3.229,2.164581728
8,7,19,-44.08450704,0,0,0,0,31.33767873,0,28.81782198,55.42686996,3.971,2.164581728
8,7,19.5,-45,0,0,0,0,30.7438972,0,28.33463181,58.91478515,3.849,2.164581728
8,7,20,-46.97183099,0,0,0,0,30.36783557,0,27.93197334,61.43327978,3.723,2.164581728
8,7,20.5,-51.26760563,0,0,0,0,30.10063389,0,27.52931487,62.40270033,4.086,2.164581728
8,7,21,-53.16901408,0,0,0,0,29.85322492,0,27.29778625,63.77188194,3.792,2.164581728
8,7,21.5,-47.88732394,0,0,0,0,29.65529774,0,26.83472901,66.1104841,3.112,2.164581728
8,7,22,-52.46478873,0,0,0,0,29.48705965,0,26.14014314,68.89881744,3.565,2.164581728
8,7,22.5,-56.1971831,0,0,0,0,29.31882155,0,25.72741821,70.84765257,3.583,2.164581728
8,7,23,-56.05633803,0,0,0,0,29.12089437,0,25.64688652,71.71713286,3.61,2.164581728
8,7,23.5,-51.05633803,0,0,0,0,28.91307084,0,25.34489266,72.72652952,2.82,2.164581728
8,8,0,-50.84507042,0,0,0,0,28.74483274,0,25.04289881,73.53604565,3.027,2.164581728
8,8,0.5,-48.94366197,0,0,0,0,28.586491,0,24.58990803,74.29559165,1.517,2.164581728
8,8,1,-47.18309859,0,0,0,0,28.53700921,0,23.56312893,77.79350086,1.343,2.164581728
8,8,1.5,-36.90140845,0,0,0,0,28.40835655,0,22.7276126,79.5924256,2.098,2.164581728
8,8,2,-37.11267606,0,0,0,0,28.24011845,0,22.3853529,81.95101581,1.4,2.164581728
8,8,2.5,-37.81690141,0,0,0,0,28.06198399,0,22.44575167,84.24964186,3.11,2.164581728
8,8,3,-40.70422535,0,0,0,0,27.82447138,0,23.05980584,84.74934318,4.047,2.164581728
8,8,3.5,-49.85915493,0,0,0,0,27.66612964,0,22.96920768,84.24964186,4.087,2.164581728
8,8,4,-53.02816901,0,0,0,0,27.58695877,0,22.95914122,83.74994055,4.987,2.164581728
8,8,4.5,-54.22535211,0,0,0,0,27.56716606,0,22.5162169,85.44892502,2.968,2.164581728
8,8,5,-54.29577465,0,0,0,0,27.54737334,0,22.32495413,87.04796923,3.328,2.164581728
8,8,5.5,-48.73239437,0,0,0,0,27.46820247,0,21.98269443,88.54707318,2.629,2.164581728
8,8,6,-41.47887324,0.4,0,0.264055684,0,27.39892796,0,21.79143165,89.94623686,2.522,2.164581728
8,8,6.5,-37.88732394,16.4,3,16.37145241,0.773658476,27.29006801,0,21.55990303,90.9456395,2.366,2.164581728
8,8,7,-1.901408451,58.4,10.6,59.41252891,3.352520064,27.15151899,0,21.73103288,91.54528108,2.608,2.164581728
8,8,7.5,54.36619718,88.6,15.2,95.85221331,5.415609333,27.06245176,0,22.05315966,91.24546029,2.572,2.164581728
8,8,8,55.91549296,80.2,13.2,91.36326669,5.157723175,27.1020372,0,22.19409013,90.44593818,2.903,2.164581728
8,8,8.5,136.8309859,194.6,33,215.4694382,11.60487714,27.23068986,0,22.57661567,89.54647581,2.579,2.164581728
8,8,9,135.4929577,191.4,32.4,214.4132155,11.60487714,27.25048258,0,22.92894184,87.04796923,3.409,2.164581728
8,8,9.5,251.8309859,352.2,58,379.1839623,19.85723422,27.46820247,0,23.39199908,83.94982107,3.759,2.164581728
8,8,10,355.3521127,487.2,78.2,517.8131964,26.56227435,27.71561144,0,24.08658494,79.92222847,3.722,2.164581728
8,8,10.5,400.2816901,556,87,590.6925652,30.17268057,28.17084394,0,24.71070557,76.23443276,3.224,2.164581728
8,8,11,460.4929577,618.2,95,657.762709,33.52520064,28.67555823,0,25.32475974,73.05633239,3.45,2.164581728
8,8,11.5,443.4507042,592.2,90,642.9755907,32.75154216,29.5464378,0,25.98914622,69.83825591,3.401,2.164581728
8,8,12,584.5070423,774.2,117.4,824.3818456,42.29333003,30.47669552,0,26.59313392,66.86003607,4.084,2.164581728
8,8,12.5,546.3380282,722.6,109,780.0204907,40.23024076,31.16944063,0,27.23738748,64.07170273,4.483,2.164581728
8,8,13,527.6056338,696,106.4,742.5245836,38.94080997,31.84239302,0,27.71051118,62.45267046,4.46,2.105562403
8,8,13.5,533.028169,695,108.4,756.2554792,39.9723546,32.3273146,0,28.07290381,61.30335744,5.281,2.105562403
8,8,14,468.2394366,629.4,98,686.2807229,36.10406222,32.82213253,0,28.13330258,60.60377559,5.199,2.105562403
8,8,14.5,413.028169,564.2,89.8,617.3621893,33.00942832,33.05964514,0,28.22390073,60.51382936,5.284,2.105562403
8,8,15,350.9859155,480.6,78.8,530.2238136,28.62536362,33.08933422,0,28.40509704,59.81424752,4.741,2.105562403
8,8,15.5,277.8169014,398.2,68,442.5573265,24.24129892,32.96068155,0,28.46549581,59.1246597,4.897,2.105562403
8,8,16,182.7464789,287.6,51.8,322.1479346,17.79414495,32.74296166,0,28.34469827,59.59437894,4.982,2.105562403
8,8,16.5,106.1971831,194,37.6,217.5818837,12.63642178,32.48565634,0,27.97223919,60.60377559,4.995,2.105562403
8,8,17,25.35211268,101.2,20.2,113.0158328,6.962926286,32.07000927,0,27.36825148,62.66254502,4.599,2.105562403
8,8,17.5,-33.87323944,26,3.8,31.95073777,1.805203111,31.71374036,0,26.50253577,65.24100381,3.566,2.105562403
8,8,18,-57.32394366,1.8,0.2,2.112445473,0,31.40695324,0,25.4153579,69.35854265,3.129,2.105562403
8,8,18.5,-58.66197183,0,0,0,0,30.97151345,0,24.50937634,73.68595604,3.869,2.105562403
8,8,19,-58.73239437,0,0,0,0,30.46679916,0,23.56312893,77.34376968,4.307,2.105562403
8,8,19.5,-58.45070423,0,0,0,0,30.04125573,0,22.70747968,79.74233599,3.999,2.105562403
8,8,20,-56.76056338,0,0,0,0,29.69488318,0,22.00282735,81.85107555,3.889,2.105562403
8,8,20.5,-55.98591549,0,0,0,0,29.38809606,0,21.29817503,83.55006002,4.362,2.105562403
8,8,21,-39.78873239,0,0,0,0,29.11099802,0,20.77471902,84.74934318,4.098,2.105562403
8,8,21.5,-21.47887324,0,0,0,0,28.82400361,0,20.58345624,85.74874581,4.289,2.105562403
8,8,22,-15.21126761,0,0,0,0,28.59638736,0,20.38212701,85.94862634,4.11,2.105562403
8,8,22.5,-11.4084507,0,0,0,0,28.43804562,0,20.22106362,85.84868607,4.204,2.105562403
8,8,23,-11.33802817,0,0,0,0,28.30939296,0,19.95933561,86.0485666,4.035,2.105562403
8,8,23.5,-11.05633803,0,0,0,0,28.19063665,0,19.66740822,86.84808871,4.484,2.105562403
8,9,0,-10.98591549,0,0,0,0,28.09167307,0,19.32514852,87.44773029,4.072,2.105562403
8,9,0.5,-10.98591549,0,0,0,0,27.98281312,0,19.00302174,87.84749134,3.89,2.105562403
8,9,1,-11.4084507,0,0,0,0,27.8442641,0,18.86209128,87.84749134,3.124,2.105562403
8,9,1.5,-11.61971831,0,0,0,0,27.71561144,0,18.79162604,88.04737186,2.462,2.105562403
8,9,2,-16.12676056,0,0,0,0,27.59685513,0,18.82182543,88.54707318,2.583,2.105562403
8,9,2.5,-17.25352113,0,0,0,0,27.51768426,0,18.57016389,90.44593818,2.613,2.105562403
8,9,3,-20.63380282,0,0,0,0,27.45830611,0,18.44936634,91.84510187,2.9,2.105562403
8,9,3.5,-17.3943662,0,0,0,0,27.36923888,0,18.28830296,92.74456423,2.666,2.105562403
8,9,4,-15.84507042,0,0,0,0,27.28017165,0,18.04670787,93.24426555,2.182,2.105562403
8,9,4.5,-14.15492958,0,0,0,0,27.18120807,0,18.04670787,93.44414608,2.126,2.105562403
8,9,5,-14.57746479,0.2,0,0,0,27.09214084,0,17.94604326,93.74396687,1.937,2.105562403
8,9,5.5,-14.50704225,0.4,0,0,0,27.00307361,0,17.94604326,93.94384739,1.524,2.105562403
8,9,6,-15.98591549,0.6,0,0,0,26.91400638,0,17.9863091,94.04378766,1.552,2.105562403
8,9,6.5,-12.25352113,4,0.6,4.488946629,0,26.84473187,0,18.0668408,94.14372792,1.82,2.105562403
8,9,7,0.281690141,15,2.6,16.89956378,1.031544635,26.77545736,0,18.17757188,94.14372792,1.463,2.105562403
8,9,7.5,18.87323944,38.6,7,43.30513219,2.320975429,26.71607921,0,18.31850234,94.14372792,1.664,2.105562403
8,9,8,42.81690141,67,11.4,75.25586996,4.12617854,26.67649377,0,18.59029681,93.54408634,1.729,2.105562403
8,9,8.5,82.11267606,117.2,20,130.1794522,6.962926286,26.68639013,0,18.77149312,92.34480318,2.254,2.105562403
8,9,9,115.3521127,160.8,27.4,176.389197,9.541787873,26.73587192,0,18.98288882,90.34599792,2.179,2.105562403
8,9,9.5,242.7464789,330.2,55.2,348.553503,18.05203111,26.83483551,0,19.34528144,87.04796923,2.54,2.105562403
8,9,10,207.6056338,295.8,49.2,331.6539392,16.76260032,26.99317725,0,19.93920269,83.74994055,1.855,2.105562403
8,9,10.5,536.056338,725.6,112.6,764.9693167,38.94080997,27.51768426,0,20.79485194,79.90224041,1.742,2.105562403
8,9,11,561.3380282,759,114.8,804.049558,40.74601308,28.09167307,0,21.9122292,73.9358067,1.464,2.105562403
8,9,11.5,580.2816901,780,117.2,828.8707923,42.03544387,29.2099616,0,23.09000522,68.18924157,1.881,2.105562403
8,9,12,591.5492958,789,118.6,839.6970753,42.80910235,30.76368992,0,24.4389111,62.22280786,1.925,2.105562403
8,9,12.5,598.5915493,778.4,117.4,833.3597389,42.80910235,31.58508769,0,25.66701944,59.94416986,2.565,2.105562403
8,9,13,569.0140845,755,114.4,803.2573909,41.77755771,32.20855829,0,26.51260223,56.86600975,2.13,2.105562403
8,9,13.5,527.6056338,699.2,109.2,761.5365928,39.9723546,33.02005971,0,27.22732102,54.62734786,2.554,2.105562403
8,9,14,477.3239437,655.2,102,709.5176231,37.39349302,33.49508493,0,27.64004595,51.66911607,2.263,2.04474546
8,9,14.5,427.1126761,584.4,93,636.1101429,34.04097295,33.61384123,0,28.16350196,49.12063935,2.479,2.04474546
8,9,15,359.7887324,501,82.2,548.7077115,29.65690825,33.59404851,0,28.78762259,48.17120685,2.129,2.04474546
8,9,15.5,276.4084507,407.2,69.6,449.68683,24.49918508,33.45549949,0,29.15001522,47.7314697,2.172,2.04474546
8,9,16,185.915493,304.8,55.2,337.9912756,18.82568959,33.19819416,0,29.06948352,47.19179228,2.454,2.04474546
8,9,16.5,98.09859155,201.6,39.2,224.1832758,12.89430794,32.97057791,0,28.86815429,47.62153541,2.216,2.04474546
8,9,17,20.14084507,106.8,21.6,118.5610021,7.478698603,32.47575998,0,28.48562874,49.18060351,2.273,2.04474546
8,9,17.5,-35.42253521,27.4,4,33.53507188,1.805203111,32.01063112,0,27.57964718,54.08767043,2.416,2.04474546
8,9,18,-55.07042254,2,0.2,2.376501157,0,31.67415492,0,26.16027607,58.42507786,1.84,2.04474546
8,9,18.5,-52.32394366,0,0,0,0,31.16944063,0,25.00263296,62.66254502,1.724,2.04474546
8,9,19,-49.85915493,0,0,0,0,30.58555546,0,24.01611971,65.97056773,1.46,2.04474546
8,9,19.5,-49.36619718,0,0,0,0,30.09073753,0,22.90880891,72.36674457,2.051,2.04474546
8,9,20,-48.16901408,0,0,0,0,29.65529774,0,22.11355843,75.7946956,2.065,2.04474546
8,9,20.5,-48.02816901,0,0,0,0,29.21985796,0,21.99276089,76.90403252,1.913,2.04474546
8,9,21,-47.46478873,0,0,0,0,28.82400361,0,21.92229566,77.36375773,1.394,2.04474546
8,9,21.5,-47.53521127,0,0,0,0,28.59638736,0,21.1471781,79.83228223,1.001,2.04474546
8,9,22,-47.32394366,0,0,0,0,28.40835655,0,20.49285809,82.45071713,0.235,2.04474546
8,9,22.5,-46.69014085,0,0,0,0,28.20053301,0,19.93920269,84.1497016,1.124,2.04474546
8,9,23,-45.84507042,0,0,0,0,28.00260584,0,19.61707591,86.14850686,2.275,2.04474546
8,9,23.5,-46.12676056,0,0,0,0,27.78488595,0,19.80833868,86.54826792,1.402,2.04474546
8,10,0,-46.4084507,0,0,0,0,27.57706241,0,19.4358796,86.54826792,0.85,2.04474546
8,10,0.5,-46.33802817,0,0,0,0,27.42861703,0,18.97282236,87.34779002,0.416,2.04474546
8,10,1,-47.46478873,0,0,0,0,27.29006801,0,18.5399645,88.54707318,0.259,2.04474546
8,10,1.5,-46.76056338,0,0,0,0,27.16141535,0,18.17757188,89.44653555,0.768,2.04474546
8,10,2,-45.84507042,0,0,0,0,27.02286633,0,17.89571095,89.8462966,0.934,2.04474546
8,10,2.5,-46.69014085,0,0,0,0,26.87442095,0,17.94604326,90.34599792,0.824,2.04474546
8,10,3,-45.91549296,0,0,0,0,26.74576828,0,17.66418233,90.9456395,0.836,2.04474546
8,10,3.5,-45.35211268,0,0,0,0,26.60721926,0,17.3823214,91.04557976,0.53,2.04474546
8,10,4,-45.84507042,0,0,0,0,26.4785666,0,17.12059339,91.7451616,0.375,2.04474546
8,10,4.5,-43.45070423,0,0,0,0,26.35981029,0,16.90919769,91.94504213,0.744,2.04474546
8,10,5,-43.87323944,0,0,0,0,26.22126127,0,16.98972939,92.34480318,1.73,2.04474546
8,10,5.5,-42.95774648,0,0,0,0,26.10250497,0,16.92933062,92.54468371,1.394,2.04474546
8,10,6,-43.5915493,0.8,0,0.528111368,0,26.00354138,0,16.94946354,92.8445045,0.362,2.04474546
8,10,6.5,-34.71830986,17.2,2.8,16.89956378,0.773658476,25.87488872,0,16.93939708,92.94444476,1.633,2.04474546
8,10,7,6.61971831,98.8,17.2,88.72270985,4.384064698,25.6868579,0,17.88564448,93.54408634,1.253,2.04474546
8,10,7.5,65.91549296,189.2,34.8,182.4624777,10.05756019,25.49882708,0,19.29494913,92.94444476,1.523,2.04474546
8,10,8,113.8732394,285,50.6,269.3367977,14.95739721,25.42955257,0,19.99960146,92.34480318,1.528,2.04474546
8,10,8.5,219.4366197,353,65.6,404.7973637,20.88877886,25.43944893,0,21.13711164,91.14552002,1.394,2.04474546
8,10,9,319.084507,479.2,78,504.8744679,25.78861587,25.64727247,0,22.29475474,88.74695371,1.304,1.982037751
8,10,9.5,390.4929577,562.2,88.6,593.0690664,29.91479441,26.1420904,0,23.77452463,84.74934318,1.168,1.982037751
8,10,10,461.7605634,638.2,97.8,677.3028296,33.78308679,26.92390274,0,25.4656902,77.39373981,1.455,1.982037751
8,10,10.5,510.7746479,697.4,104.8,742.5245836,37.13560686,27.81457502,0,26.60320039,66.5302332,1.574,1.982037751
8,10,11,555,739,109.8,787.1499942,39.71446845,28.43804562,0,28.4956952,55.18701333,1.689,1.982037751
8,10,11.5,580.9859155,764.2,113,816.1961194,41.51967156,29.53654144,0,30.35799063,46.65211485,1.771,1.982037751
8,10,12,595.7746479,772.6,114.4,828.6067366,42.29333003,30.96161709,0,31.29417157,41.47520922,2.042,1.982037751
8,10,12.5,578.1690141,758.8,112.8,818.5726206,42.03544387,31.77311851,0,31.8679599,40.68568114,2.408,1.982037751
8,10,13,560.8450704,737.6,110,789.790551,41.2617854,32.68358351,0,32.82427377,40.07604554,1.623,1.982037751
8,10,13.5,522.9577465,683.4,105.2,749.9181427,39.45658229,33.2377796,0,33.45846086,37.88735377,2.9,1.982037751
8,10,14,436.3380282,585.4,90,640.0709782,33.52520064,33.59404851,0,34.08258149,36.00847682,3.477,1.982037751
8,10,14.5,437.1830986,578.6,91.6,630.3009179,33.52520064,33.73259753,0,34.21344549,33.59991648,3.449,1.982037751
8,10,15,359.8591549,494.2,80.4,547.6514887,29.65690825,33.524774,0,34.65636981,33.46000011,3.437,1.982037751
8,10,15.5,281.7605634,404.2,68.2,450.7430527,24.75707124,33.39612134,0,34.82749966,32.5805258,2.71,1.982037751
8,10,16,196.7605634,303.2,54,341.4239995,18.82568959,33.22788324,0,34.67650273,32.61050788,3.285,1.982037751
8,10,16.5,103.943662,201.2,38.6,227.8800553,13.1521941,32.97057791,0,34.87783197,33.40003596,2.188,1.982037751
8,10,17,27.18309859,107,21.4,121.201559,7.478698603,32.60441264,0,34.69663566,35.10901446,1.772,1.982037751
8,10,17.5,-24.92957746,26.8,4,33.79912756,1.805203111,32.45596726,0,33.60945778,41.91494638,0.634,1.982037751
8,10,18,-45.35211268,2,0.2,2.376501157,0,32.614309,0,30.34792417,52.25876362,1.243,1.982037751
8,10,18.5,-41.76056338,0,0,0,0,32.33721096,0,27.83130872,59.72430128,1.887,1.982037751
8,10,19,-39.78873239,0,0,0,0,31.67415492,0,26.28107361,63.8718222,1.856,1.982037751
8,10,19.5,-38.30985915,0,0,0,0,31.02099525,0,25.57642128,64.45147573,2.646,1.982037751
8,10,20,-35.84507042,0,0,0,0,30.46679916,0,25.40529143,63.83184609,2.863,1.982037751
8,10,20.5,-37.67605634,0,0,0,0,29.99177394,0,25.53615544,63.44207907,2.584,1.982037751
8,10,21,-38.30985915,0,0,0,0,29.63550503,0,25.43549082,63.58199544,2.39,1.982037751
8,10,21.5,-43.45070423,0,0,0,0,29.34851062,0,25.47575667,64.24160117,3.489,1.982037751
8,10,22,-46.83098592,0,0,0,0,29.05161986,0,25.3348262,65.41090225,3.318,1.982037751
8,10,22.5,-46.12676056,0,0,0,0,28.85369269,0,25.11336404,65.61078278,2.969,1.982037751
8,10,23,-45,0,0,0,0,28.77452182,0,24.15705017,70.23801697,2.285,1.982037751
8,10,23.5,-39.22535211,0,0,0,0,28.76462546,0,23.35173323,72.23682223,1.59,1.982037751
8,11,0,-36.83098592,0,0,0,0,28.66566187,0,22.81821076,74.93520933,1.497,1.982037751
8,11,0.5,-30.07042254,0,0,0,0,28.51721649,0,22.19409013,78.4531066,2.053,1.982037751
8,11,1,-31.76056338,0,0,0,0,28.32918568,0,22.5162169,78.98278999,1.532,1.982037751
8,11,1.5,-29.15492958,0,0,0,0,28.14115486,0,22.32495413,79.86226431,1.495,1.982037751
8,11,2,-36.83098592,0,0,0,0,28.04219127,0,21.98269443,81.65119502,1.069,1.982037751
8,11,2.5,-32.04225352,0,0,0,0,27.97291676,0,21.41897257,83.94982107,0.773,1.982037751
8,11,3,-32.6056338,0,0,0,0,27.86405682,0,21.32837441,84.84928344,0.536,1.982037751
8,11,3.5,-36.33802817,0,0,0,0,27.74530051,0,21.07671287,85.44892502,1.15,1.982037751
8,11,4,-35.56338028,0,0,0,0,27.62654421,0,20.79485194,85.84868607,1.079,1.982037751
8,11,4.5,-20.28169014,0,0,0,0,27.51768426,0,20.6740544,86.44832765,1.688,1.982037751
8,11,5,-31.05633803,0,0,0,0,27.40882432,0,20.79485194,87.04796923,1.717,1.982037751
8,11,5.5,-33.87323944,0,0,0,0,27.30986073,0,20.86531717,87.24784976,1.661,1.982037751
8,11,6,-33.45070423,0.4,0,0.528111368,0,27.23068986,0,20.56332332,87.74755107,1.118,1.982037751
8,11,6.5,-27.74647887,15.8,2.8,17.16361946,0.773658476,27.15151899,0,20.27139593,88.34719265,1.024,1.982037751
8,11,7,-0.352112676,87.6,16.8,84.76187458,4.641950857,26.96348817,0,20.9357824,89.34659529,1.451,1.982037751
8,11,7.5,70.42253521,178.8,34.8,180.6140879,10.57333251,26.73587192,0,22.87860953,87.9474316,0.854,1.982037751
8,11,8,150.5633803,278.4,50.6,273.297633,15.47316952,26.56763383,0,23.80472401,82.85047818,1.599,1.982037751
8,11,8.5,233.5211268,331,64,378.3917953,20.37300654,26.56763383,0,25.34489266,73.58601578,2.214,1.982037751
8,11,9,309.7183099,460.6,76,483.2219018,25.0149574,26.71607921,0,27.32798563,61.73310057,2.525,1.91733923
8,11,9.5,392.3943662,550.8,87.2,585.1473959,29.91479441,27.0525554,0,29.19028106,52.72848286,2.439,1.91733923
8,11,10,459.1549296,626.4,96.2,670.1733262,34.04097295,27.59685513,0,30.55931986,44.39346491,3.098,1.91733923
8,11,10.5,511.056338,690.2,104.6,736.9794142,37.39349302,28.4677347,0,31.93842513,40.19597385,2.332,1.91733923
8,11,11,545.7746479,726.6,109.4,777.3799339,39.71446845,29.19016888,0,32.58267868,37.9373239,2.609,1.91733923
8,11,11.5,571.8309859,748.4,112.4,803.2573909,41.51967156,30.29856106,0,33.33766332,36.27831554,3.118,1.91733923
8,11,12,580.2816901,755.6,113.6,815.4039524,42.29333003,31.60488041,0,34.0523821,34.71924743,3.022,1.91733923
8,11,12.5,576.7605634,749.2,112.6,809.5947273,42.29333003,32.22835101,0,34.54563873,33.39004193,2.986,1.91733923
8,11,13,567.6056338,727,109.6,780.2845464,41.51967156,32.88151068,0,34.97849659,32.04084838,3.713,1.91733923
8,11,13.5,527.8873239,677.8,105,742.5245836,39.71446845,33.53467036,0,35.24022459,31.76101564,3.122,1.91733923
8,11,14,458.7323944,609.6,94.4,667.2687136,35.84617606,33.91073199,0,35.45162029,31.8209798,3.631,1.91733923
8,11,14.5,362.6760563,499.4,79,549.7639342,29.65690825,34.16803732,0,35.62275014,31.42121874,2.628,1.91733923
8,11,15,337.1126761,470.2,76.6,514.6445282,28.1095913,34.38575721,0,35.70328183,31.32127848,2.471,1.91733923
8,11,15.5,277.2535211,403.4,68.6,442.8213822,24.49918508,34.20762275,0,36.01534215,30.37184598,1.987,1.91733923
8,11,16,184.9295775,297.8,53.6,328.2212153,18.30991727,33.94042107,0,36.06567446,30.41182209,2.658,1.91733923
8,11,16.5,89.36619718,187.6,36.6,201.4744869,11.60487714,33.77218297,0,35.83414584,31.05143977,2.206,1.91733923
8,11,17,18.73239437,100.6,20.4,107.9987748,6.705040127,33.49508493,0,35.40128798,33.81978506,1.838,1.91733923
8,11,17.5,-27.11267606,27.6,4.2,33.00696051,1.805203111,33.25757232,0,34.38457534,40.49579464,1.161,1.91733923
8,11,18,-45.07042254,2,0.2,2.376501157,0,33.33674319,0,31.14317465,49.84020925,1.359,1.850542278
8,11,18.5,-43.16901408,0,0,0,0,33.02995607,0,28.38496412,57.99533473,1.07,1.850542278
8,11,19,-40.98591549,0,0,0,0,32.36690003,0,26.573001,61.7830707,0.289,1.850542278
8,11,19.5,-40.70422535,0,0,0,0,31.68405128,0,25.86834868,65.1610516,1.164,1.850542278
8,11,20,-39.15492958,0,0,0,0,31.15954427,0,24.80130373,65.69073499,1.199,1.850542278
8,11,20.5,-37.81690141,0,0,0,0,30.72410449,0,24.21744894,67.6295761,1.271,1.850542278
8,11,21,-39.57746479,0,0,0,0,30.32825014,0,24.50937634,68.09929533,2.083,1.850542278
8,11,21.5,-39.78873239,0,0,0,0,29.98187758,0,24.41877818,67.75949844,1.491,1.850542278
8,11,22,-38.23943662,0,0,0,0,29.7146759,0,24.36844587,68.14926546,1.773,1.850542278
8,11,22.5,-38.16901408,0,0,0,0,29.51674872,0,23.91545509,70.63777802,1.944,1.850542278
8,11,23,-37.67605634,0,0,0,0,29.33861427,0,23.50273016,72.30678041,1.24,1.850542278
8,11,23.5,-37.11267606,0,0,0,0,29.16047981,0,23.07993876,74.61540049,1.295,1.850542278
8,12,0,-37.32394366,0,0,0,0,29.00213807,0,22.55648275,77.67357255,1.422,1.850542278
8,12,0.5,-37.6056338,0,0,0,0,28.83389997,0,22.13369136,79.80230015,1.866,1.850542278
8,12,1,-37.04225352,0,0,0,0,28.65576551,0,21.81156458,81.25143397,1.575,1.850542278
8,12,1.5,-37.3943662,0,0,0,0,28.48752742,0,21.55990303,82.65059765,1.622,1.850542278
8,12,2,-39.22535211,0,0,0,0,28.32918568,0,21.53977011,82.95041844,2.264,1.850542278
8,12,2.5,-37.46478873,0,0,0,0,28.14115486,0,21.53977011,81.95101581,1.892,1.850542278
8,12,3,-38.09859155,0,0,0,0,28.02239856,0,21.2780421,82.95041844,1.492,1.850542278
8,12,3.5,-39.29577465,0,0,0,0,27.94322769,0,21.05657995,84.24964186,1.345,1.850542278
8,12,4,-39.57746479,0,0,0,0,27.85416046,0,20.74451963,85.34898476,1.788,1.850542278
8,12,4.5,-39.08450704,0,0,0,0,27.74530051,0,20.43245931,86.64820818,1.55,1.850542278
8,12,5,-39.29577465,0,0,0,0,27.61664785,0,20.14053192,86.94802897,2.012,1.850542278
8,12,5.5,-39.01408451,0,0,0,0,27.48799519,0,20.23113008,87.64761081,1.857,1.850542278
8,12,6,-38.87323944,0.6,0,0.528111368,0,27.35934252,0,20.13046546,87.9474316,1.987,1.850542278
8,12,6.5,-28.09859155,17,3,17.42767515,0.773658476,27.24058622,0,20.18079777,88.44713292,1.994,1.850542278
8,12,7,-2.183098592,90,17,83.96970753,4.641950857,27.03276269,0,20.92571594,88.94683423,2.353,1.850542278
8,12,7.5,73.73239437,178.4,34.6,178.7656981,10.31544635,26.79525008,0,22.20415659,87.54767055,1.893,1.850542278
8,12,8,153.028169,277.2,50.4,283.331749,15.21528337,26.69628649,0,23.26113507,84.74934318,1.73,1.850542278
8,12,8.5,236.6197183,333.4,64.8,360.1719531,20.6308927,26.77545736,0,24.82143665,79.36256299,1.681,1.850542278
8,12,9,326.4084507,467.8,77.4,498.8011872,25.78861587,26.9337991,0,26.66359916,68.54902652,2.566,1.850542278
8,12,9.5,396.971831,554.6,87.6,588.5801198,30.17268057,27.24058622,0,28.78762259,57.13584846,2.731,1.850542278
8,12,10,466.1267606,631,97.2,671.4936046,34.04097295,27.85416046,0,30.36805709,48.82081856,2.949,1.850542278
8,12,10.5,511.5492958,693.6,105.4,735.1310244,37.90926533,28.70524731,0,31.62636481,44.7332618,2.518,1.850542278
8,12,11,544.9295775,722.6,109.2,764.1771497,39.19869613,29.31882155,0,32.8142073,41.06545414,2.666,1.850542278
8,12,11.5,569.0140845,746.2,112,795.8638318,41.2617854,30.24907927,0,33.66985655,37.48759272,2.701,1.850542278
8,12,12,573.943662,755.6,113.4,808.5385046,42.29333003,31.71374036,0,34.54563873,34.62930119,2.953,1.781530951
8,12,12.5,571.1267606,748.6,112.8,802.7292796,42.03544387,32.43617454,0,35.18989228,32.16077669,2.665,1.850542278
8,12,13,546.4084507,721.4,109.8,772.6269316,41.2617854,33.10912694,0,35.6328166,29.98207895,2.915,1.781530951
8,12,13.5,507.7464789,678,105.4,735.6591358,39.45658229,33.98990286,0,35.62275014,29.02265243,3.425,1.781530951
8,12,14,466.5492958,633.2,98.8,684.6963888,36.8777207,34.35606813,0,36.16633908,28.09320798,2.38,1.781530951
8,12,14.5,410.2112676,561.6,89.8,608.1202404,33.00942832,34.57378802,0,36.59919693,27.80338122,2.399,1.781530951
8,12,15,345.4225352,483.4,79.6,524.4145885,28.88324978,34.72223341,0,36.47839939,28.20314227,2.7,1.781530951
8,12,15.5,260,391.6,67.2,426.1858741,23.7255266,34.73212976,0,36.51866524,28.37304072,2.228,1.781530951
8,12,16,174.7887324,289.4,52.4,315.2824868,17.79414495,34.50451351,0,36.50859878,29.12259269,2.155,1.781530951
8,12,16.5,87.88732394,189.8,36.6,206.7556006,12.12064946,34.33627542,0,35.98514276,29.69225219,1.893,1.781530951
8,12,17,-2.183098592,71.6,14,82.12131774,4.899837016,34.19772639,0,35.31068982,33.01026893,1.634,1.781530951
8,12,17.5,-31.83098592,22.2,3.6,26.40556841,1.547316952,34.09876281,0,33.78058763,42.61452822,1.532,1.781530951
8,12,18,-45.14084507,2,0.2,2.376501157,0,33.87114656,0,30.72038325,49.83021522,1.744,1.781530951
8,12,18.5,-43.87323944,0,0,0,0,33.32684683,0,28.7070909,57.56559159,1.736,1.781530951
8,12,19,-41.97183099,0,0,0,0,32.62420536,0,27.09645701,62.3527302,1.76,1.781530951
8,12,19.5,-40.91549296,0,0,0,0,31.98094204,0,25.94888037,62.09288552,2.135,1.781530951
8,12,20,-38.38028169,0,0,0,0,31.39705688,0,26.20054191,59.30455217,2.915,1.781530951
8,12,20.5,-37.53521127,0,0,0,0,30.88244622,0,26.95552655,56.34632038,2.984,1.781530951
8,12,21,-40.63380282,0,0,0,0,30.44700644,0,27.22732102,57.06589028,2.617,1.781530951
8,12,21.5,-42.11267606,0,0,0,0,30.1699084,0,26.50253577,59.18462386,2.007,1.781530951
8,12,22,-39.64788732,0,0,0,0,30.01156666,0,25.21402866,64.34154144,1.749,1.781530951
8,12,22.5,-40.21126761,0,0,0,0,29.93239579,0,24.35837941,69.06871589,2.371,1.781530951
8,12,23,-39.43661972,0,0,0,0,29.72457226,0,24.36844587,70.6677601,2.075,1.781530951
8,12,23.5,-40.14084507,0,0,0,0,29.50685236,0,23.88525571,73.09630849,1.495,1.781530951
8,13,0,-40.70422535,0,0,0,0,29.30892519,0,23.26113507,75.52485689,1.708,1.781530951
8,13,0.5,-40,0,0,0,0,29.14068709,0,22.69741322,78.25322607,1.653,1.781530951
8,13,1,-38.94366197,0,0,0,0,29.00213807,0,22.19409013,80.65179239,2.249,1.781530951
8,13,1.5,-40.63380282,0,0,0,0,28.8042109,0,21.89209627,81.35137423,2.146,1.781530951
8,13,2,-39.71830986,0,0,0,0,28.60628372,0,21.80149812,81.65119502,1.795,1.781530951
8,13,2.5,-39.43661972,0,0,0,0,28.43804562,0,21.55990303,82.2508366,1.524,1.781530951
8,13,3,-38.30985915,0,0,0,0,28.33908204,0,21.20757687,83.94982107,1.624,1.781530951
8,13,3.5,-36.97183099,0,0,0,0,28.23022209,0,20.91564948,85.64880555,0.62,1.781530951
8,13,4,-38.73239437,0,0,0,0,28.09167307,0,20.71432024,86.74814844,1.864,1.781530951
8,13,4.5,-53.66197183,0,0,0,0,27.93333133,0,20.99618117,86.74814844,2.792,1.781530951
8,13,5,-45.91549296,0,0,0,0,27.81457502,0,20.97604825,87.34779002,2.536,1.781530951
8,13,5.5,-39.64788732,0,0,0,0,27.7255078,0,20.78478548,87.34779002,1.991,1.781530951
8,13,6,-38.5915493,0.6,0,0.528111368,0,27.64633693,0,20.56332332,87.34779002,1.922,1.781530951
8,13,6.5,-25.77464789,19.6,3.4,19.54012062,1.031544635,27.52758062,0,20.35192762,88.14731213,1.578,1.781530951
8,13,7,8.169014085,94.8,18,91.36326669,4.899837016,27.33954981,0,20.95591533,89.14671476,1.147,1.781530951
8,13,7.5,78.66197183,186.4,36.2,188.7998141,10.83121867,27.1020372,0,22.68734675,87.84749134,0.909,1.781530951
8,13,8,156.2676056,286.4,52.2,297.3267003,15.98894184,26.98328089,0,24.28791418,84.44952239,0.776,1.781530951
8,13,8.5,238.7323944,368,65.6,367.3014565,21.14666502,27.08224448,0,25.63682005,77.10391305,1.123,1.781530951
8,13,9,327.3943662,451.8,80,508.5712475,26.56227435,27.39892796,0,27.49911548,67.88942078,1.698,1.781530951
8,13,9.5,365.7746479,523.2,83.8,558.4777718,28.88324978,27.80467867,0,28.89835367,60.55380546,4.843,1.710180135
8,13,10,492.1126761,672.4,104.6,709.5176231,36.61983454,28.52711285,0,29.74393646,57.0359082,5.138,1.710180135
8,13,10.5,383.1690141,533.6,81.8,587.2598414,30.17268057,29.22975432,0,30.25732601,55.90658322,4.951,1.710180135
8,13,11,538.4507042,730,109.8,787.1499942,40.74601308,29.84332856,0,30.79084849,54.80724033,6.582,1.710180135
8,13,11.5,532.6760563,717.2,107.8,778.7002123,40.74601308,30.78348264,0,30.70025033,58.72489865,6.786,1.710180135
8,13,12,389.8591549,504,78,559.0058832,29.14113594,31.64446585,0,29.78420231,63.81185804,7.447,1.710180135
8,13,12.5,436.4788732,598,93,653.0097067,34.29885911,32.05021655,0,29.44194261,64.07170273,6.879,1.710180135
8,13,13,351.9014085,487.4,77,539.9938739,28.62536362,32.21845465,0,29.3916103,64.39151157,6.496,1.710180135
8,13,13.5,271.1971831,366.6,58.2,409.0222546,22.17820965,32.4460709,0,29.40167676,65.04112328,7.064,1.710180135
8,13,14,163.6619718,237.8,38.4,276.9944126,14.18373873,32.68358351,0,26.98572593,72.58661315,8.41,1.710180135
8,13,14.5,211.1971831,294.8,48.6,335.6147744,17.79414495,32.69347987,0,25.23416158,77.37375176,7.349,1.710180135
8,13,15,281.9014085,397.4,66.2,447.0462731,24.24129892,32.23824737,0,25.5462219,75.29499428,6.754,1.710180135
8,13,15.5,123.3802817,195.8,33,232.6330577,12.63642178,31.91166753,0,25.61668713,73.44609941,6.312,1.710180135
8,13,16,78.73239437,131.8,21.6,162.9223571,8.768129397,31.75332579,0,25.59655421,71.49726428,7.477,1.710180135
8,13,16.5,25.56338028,48,8,58.62036186,3.094633905,31.6543622,0,24.07651848,74.67536465,8.38,1.710180135
8,13,17,2.535211268,18.8,3.4,22.44473315,1.289430794,31.57519133,0,21.4894378,80.45191186,7.899,1.710180135
8,13,17.5,-9.366197183,3.8,0.6,5.281113681,0,31.21892242,0,20.63378855,82.85047818,6.706,1.710180135
8,13,18,-12.46478873,0.4,0,0.528111368,0,30.68451905,0,20.24119654,83.55006002,6.227,1.710180135
8,13,18.5,-12.67605634,0,0,0,0,30.19959747,0,19.88887038,83.84988081,6.451,1.710180135
8,13,19,-12.46478873,0,0,0,0,29.8334322,0,19.53654422,84.54946265,5.675,1.710180135
8,13,19.5,-12.6056338,0,0,0,0,29.55633416,0,19.00302174,84.94922371,5.96,1.710180135
8,13,20,-13.30985915,0,0,0,0,29.28913247,0,18.91242359,84.1497016,5.1,1.710180135
8,13,20.5,-13.94366197,0,0,0,0,29.02193079,0,18.93255651,83.25023923,4.674,1.710180135
8,13,21,-13.52112676,0,0,0,0,28.78441818,0,19.02315467,82.2508366,5.178,1.710180135
8,13,21.5,-13.5915493,0,0,0,0,28.60628372,0,18.81175897,82.2508366,4.68,1.710180135
8,13,22,-14.43661972,0,0,0,0,28.4677347,0,18.74129374,81.25143397,5.442,1.710180135
8,13,22.5,-14.78873239,0,0,0,0,28.30939296,0,18.65069558,79.67237781,5.222,1.710180135
8,13,23,-14.64788732,0,0,0,0,28.17084394,0,18.5399645,79.11271234,5.096,1.710180135
8,13,23.5,-14.08450704,0,0,0,0,28.06198399,0,18.10710664,81.75113528,4.763,1.710180135
8,14,0,-13.45070423,0,0,0,0,27.98281312,0,17.63398294,83.65000028,4.317,1.710180135
8,14,0.5,-29.08450704,0,0,0,0,27.86405682,0,17.36218847,85.14910423,4.494,1.710180135
8,14,1,-33.45070423,0,0,0,0,27.77498959,0,16.93939708,87.84749134,3.921,1.710180135
8,14,1.5,-38.94366197,0,0,0,0,27.66612964,0,16.66760261,89.14671476,3.044,1.636354589
8,14,2,-13.45070423,0,0,0,0,27.5077879,0,16.67766907,86.84808871,3.626,1.636354589
8,14,2.5,-13.73239437,0,0,0,0,27.32965345,0,16.7481343,84.64940292,3.878,1.636354589
8,14,3,-13.94366197,0,0,0,0,27.20100078,0,16.75820077,82.85047818,3.901,1.636354589
8,14,3.5,-13.52112676,0,0,0,0,27.1020372,0,16.77833369,82.05095607,4.278,1.636354589
8,14,4,-14.22535211,0,0,0,0,27.01296997,0,16.65753615,81.05155344,3.752,1.636354589
8,14,4.5,-13.94366197,0,0,0,0,26.9337991,0,16.53673861,79.03276013,4.286,1.636354589
8,14,5,-14.22535211,0,0,0,0,26.84473187,0,16.49647276,78.8328796,3.77,1.636354589
8,14,5.5,-14.01408451,0,0,0,0,26.765561,0,16.46627337,79.31259286,3.871,1.636354589
8,14,6,-13.94366197,0.4,0,0.264055684,0,26.68639013,0,16.38574168,80.25203134,3.605,1.636354589
8,14,6.5,-8.38028169,7,1.2,9.241948942,0.515772317,26.5973229,0,16.24481121,81.1514937,3.111,1.636354589
8,14,7,9.084507042,28,5,33.79912756,2.06308927,26.51815203,0,16.24481121,81.55125476,3.574,1.636354589
8,14,7.5,35.21126761,61.2,10.4,71.2950347,3.868292381,26.46867024,0,16.26494414,81.55125476,3.821,1.636354589
8,14,8,63.52112676,96.6,16.4,111.4314987,5.931381651,26.4290848,0,16.37567522,81.55125476,3.855,1.636354589
8,14,8.5,109.5070423,154.6,26,176.6532526,9.541787873,26.4290848,0,16.72800138,80.75173265,3.948,1.636354589
8,14,9,121.5492958,170.6,28.8,192.4965937,10.57333251,26.49835931,0,16.93939708,79.7823121,3.555,1.636354589
8,14,9.5,143.8732394,203.2,34.4,226.8238326,12.12064946,26.61711562,0,17.4326537,78.35316634,2.811,1.636354589
8,14,10,237.4647887,320.4,53.8,353.0424496,18.30991727,26.77545736,0,17.87557802,76.89403849,2.749,1.636354589
8,14,10.5,344.4366197,446.8,73.4,488.7670712,25.27284356,26.98328089,0,18.6708285,74.36554983,2.332,1.636354589
8,14,11,352.3239437,464.4,76.2,508.0431361,26.56227435,27.26037894,0,19.42581314,71.53724039,2.482,1.636354589
8,14,11.5,433.028169,574.4,90.6,634.5258088,32.75154216,27.90364225,0,20.00966792,69.89822007,2.25,1.636354589
8,14,12,525.0704225,689.4,107.4,752.8227553,39.19869613,28.87348541,0,20.83511779,68.52903846,2.867,1.636354589
8,14,12.5,574.6478873,756.4,115.2,829.134848,43.06698851,29.96208486,0,21.50957073,67.83945065,2.663,1.636354589
8,14,13,566.9014085,730.2,112,803.7855023,42.29333003,30.92203166,0,22.35515351,66.50025112,2.2,1.636354589
8,14,13.5,524.6478873,687.4,106.8,758.6319803,39.9723546,31.72363672,0,22.90880891,65.24100381,2.386,1.636354589
8,14,14,477.1126761,638.6,99.8,706.8770662,37.39349302,32.45596726,0,23.79465755,63.6819357,2.415,1.636354589
8,14,14.5,429.8591549,569.4,91.4,632.9414747,33.78308679,32.66379079,0,24.74090496,60.70371586,2.472,1.636354589
8,14,15,358.3802817,487.6,80.8,545.0109319,29.65690825,32.66379079,0,25.27442743,58.98474333,3.165,1.636354589
8,14,15.5,275.0704225,398.8,68.6,448.3665515,24.49918508,32.66379079,0,25.40529143,58.5949763,3.124,1.636354589
8,14,16,191.971831,301.8,54.8,341.4239995,19.08357575,32.4955527,0,25.50595605,59.01472541,2.974,1.636354589
8,14,16.5,105.6338028,202.2,39.4,229.9925008,13.41008025,32.19866193,0,25.48582313,59.1646358,2.983,1.636354589
8,14,17,27.95774648,108.6,22.2,123.3140045,7.736584762,31.75332579,0,25.21402866,60.40389507,3.215,1.636354589
8,14,17.5,-31.05633803,28.6,4.4,35.64751735,1.805203111,31.28819693,0,24.70063911,62.77247931,2.738,1.636354589
8,14,18,-56.83098592,2,0.2,2.640556841,0,31.00120253,0,23.53292954,67.59959402,2.505,1.636354589
8,14,18.5,-56.1971831,0,0,0,0,30.58555546,0,22.62694798,71.88703131,2.305,1.636354589
8,14,19,-54.01408451,0,0,0,0,30.06104845,0,21.97262797,75.23503012,2.09,1.636354589
8,14,19.5,-48.5915493,0,0,0,0,29.57612687,0,21.50957073,77.19385928,2.181,1.636354589
8,14,20,-45.49295775,0,0,0,0,29.20006524,0,21.09684579,78.54305284,2.478,1.636354589
8,14,20.5,-44.57746479,0,0,0,0,28.86358905,0,20.70425378,80.15209107,2.56,1.636354589
8,14,21,-47.88732394,0,0,0,0,28.56669829,0,20.48279162,81.55125476,3.106,1.636354589
8,14,21.5,-48.73239437,0,0,0,0,28.30939296,0,20.21099716,82.65059765,3.126,1.636354589
8,14,22,-47.3943662,0,0,0,0,28.1312585,0,19.94926915,83.74994055,2.827,1.636354589
8,14,22.5,-45.70422535,0,0,0,0,27.9630204,0,19.71774053,84.54946265,2.482,1.636354589
8,14,23,-44.78873239,0,0,0,0,27.82447138,0,19.39561375,85.44892502,2.05,1.636354589
8,14,23.5,-44.92957746,0,0,0,0,27.69581872,0,19.14395221,86.44832765,2.174,1.636354589
8,15,0,-42.95774648,0,0,0,0,27.5572697,0,18.87215774,87.24784976,1.521,1.559907867
8,15,0.5,-40.35211268,0,0,0,0,27.40882432,0,18.68089497,87.44773029,0.473,1.559907867
8,15,1,-40.77464789,0,0,0,0,27.27027529,0,18.35876819,87.64761081,0.74,1.559907867
8,15,1.5,-41.1971831,0,0,0,0,27.14162263,0,18.12723957,88.24725239,0.959,1.559907867
8,15,2,-42.81690141,0,0,0,0,27.02286633,0,17.7749134,88.74695371,0.902,1.636354589
8,15,2.5,-42.81690141,0,0,0,0,26.8843173,0,17.59371709,89.14671476,0.787,1.559907867
8,15,3,-42.74647887,0,0,0,0,26.74576828,0,17.1709257,89.24665502,0.855,1.559907867
8,15,3.5,-42.88732394,0,0,0,0,26.5973229,0,17.11052693,89.74635634,1.314,1.559907867
8,15,4,-43.5915493,0,0,0,0,26.46867024,0,17.05012816,90.04617713,1.448,1.559907867
8,15,4.5,-42.81690141,0,0,0,0,26.33012122,0,16.96959646,90.24605765,1.354,1.559907867
8,15,5,-42.46478873,0,0,0,0,26.24105399,0,16.60720384,90.84569923,0.918,1.559907867
8,15,5.5,-42.81690141,0,0,0,0,26.1420904,0,16.28507706,91.24546029,0.987,1.559907867
8,15,6,-41.90140845,1,0.2,0.792167052,0,26.04312681,0,16.15421306,91.64522134,1.072,1.559907867
8,15,6.5,-29.85915493,18.6,3.4,18.74795357,1.031544635,25.92437051,0,16.16427952,92.04498239,0.77,1.559907867
8,15,7,14.01408451,95.4,18.6,89.25082121,4.899837016,25.73633969,0,17.32192262,92.8445045,1.189,1.559907867
8,15,7.5,67.04225352,186.8,36.4,183.7827561,10.57333251,25.54830888,0,18.74129374,91.64522134,0.936,1.559907867
8,15,8,138.5915493,291.6,53,304.7202594,15.98894184,25.47903437,0,19.28488267,88.44713292,1.533,1.559907867
8,15,8.5,244.7887324,393,67.4,351.4581155,21.66243733,25.61758339,0,20.00966792,85.74874581,1.213,1.559907867
8,15,9,325.2112676,396.6,80,518.3413078,26.56227435,25.89468143,0,21.08677933,82.75053792,0.994,1.559907867
8,15,9.5,399.1549296,571.4,90.6,608.9124074,30.68845289,26.43898116,0,22.26455536,77.85346502,1.176,1.559907867
8,15,10,465.7042254,645.4,99.6,689.1853354,34.81463143,27.20100078,0,23.57319539,72.01695365,1.416,1.559907867
8,15,10.5,528.0985915,702.8,106.8,752.5586996,37.90926533,28.17084394,0,25.15362989,67.35973739,1.941,1.559907867
8,15,11,559.4366197,741,111.6,794.5435533,40.48812692,28.66566187,0,26.28107361,63.99175052,1.848,1.559907867
8,15,11.5,583.8028169,764.6,115,820.9491218,42.03544387,29.81363948,0,27.57964718,59.44446854,2.215,1.559907867
8,15,12,583.8028169,775.8,116.8,832.0394605,43.06698851,31.33767873,0,28.58629336,56.78605754,1.505,1.559907867
8,15,12.5,580.2816901,771.2,116.4,828.0786252,43.06698851,32.37679639,0,29.75400292,53.11824988,1.849,1.559907867
8,15,13,573.943662,745.8,114.2,803.5214466,42.29333003,33.02995607,0,30.60965217,50.82961785,1.848,1.559907867
8,15,13.5,524.084507,705,109.2,761.2725372,40.48812692,33.44560313,0,31.68676358,48.6809022,1.926,1.559907867
8,15,14,475.915493,653.2,102,707.933289,37.65137918,34.28679362,0,32.08942206,46.8220133,1.694,1.559907867
8,15,14.5,427.3943662,578.6,92.6,632.1493076,34.04097295,34.66285525,0,32.73367561,45.61273612,2.475,1.559907867
8,15,15,352.9577465,492.8,81.2,542.6344307,29.3990221,34.67275161,0,32.78400792,44.89316622,2.435,1.559907867
8,15,15.5,266.1267606,390.6,67,433.0513219,23.7255266,34.58368438,0,32.88467254,44.59334543,2.615,1.559907867
8,15,16,186.9014085,300,54.2,334.0304403,18.56780343,34.32637906,0,32.84440669,45.16300493,2.688,1.559907867
8,15,16.5,102.0422535,198.4,38.4,221.8067746,12.89430794,33.93052471,0,32.63301099,45.86258677,2.616,1.559907867
8,15,17,25.28169014,103.8,21,115.6563896,7.220812445,33.57425579,0,32.06928913,48.16121283,2.628,1.559907867
8,15,17.5,-29.50704225,28.8,4.8,34.59129461,1.805203111,33.20809052,0,30.84118079,53.78784965,2.99,1.559907867
8,15,18,-53.30985915,2.2,0.2,2.640556841,0,32.84192525,0,29.34127799,58.1752272,2.676,1.559907867
8,15,18.5,-50.21126761,0,0,0,0,32.24814373,0,28.25410012,62.30276007,2.389,1.559907867
8,15,19,-49.85915493,0,0,0,0,31.59498405,0,27.75077703,64.84124275,2.633,1.559907867
8,15,19.5,-47.53521127,0,0,0,0,31.07047704,0,27.21725455,67.02993452,2.185,1.559907867
8,15,20,-43.94366197,0,0,0,0,30.67462269,0,26.51260223,68.88882341,2.292,1.559907867
8,15,20.5,-40.21126761,0,0,0,0,30.36783557,0,25.93881391,70.4778736,2.135,1.559907867
8,15,21,-37.32394366,0,0,0,0,30.08084117,0,25.16369635,72.9863742,1.588,1.559907867
8,15,21.5,-36.97183099,0,0,0,0,29.85322492,0,24.62010741,74.71534076,1.429,1.559907867
8,15,22,-37.88732394,0,0,0,0,29.61571231,0,24.20738248,77.40373384,1.862,1.559907867
8,15,22.5,-40.21126761,0,0,0,0,29.33861427,0,24.18724956,79.74233599,2.152,1.559907867
8,15,23,-40.14084507,0,0,0,0,29.08130894,0,23.95572094,80.65179239,1.005,1.559907867
8,15,23.5,-39.08450704,0,0,0,0,28.9229672,0,23.32153385,82.15089634,0.965,1.559907867
8,16,0,-41.05633803,0,0,0,0,28.8042109,0,22.5967486,83.65000028,1.547,1.559907867
8,16,0.5,-39.71830986,0,0,0,0,28.64586916,0,22.29475474,85.44892502,1.772,1.559907867
8,16,1,-42.04225352,0,0,0,0,28.42814926,0,22.00282735,86.54826792,1.495,1.559907867
8,16,1.5,-42.25352113,0,0,0,0,28.25001481,0,21.61023534,87.44773029,1.289,1.559907867
8,16,2,-42.95774648,0,0,0,0,28.10156943,0,21.05657995,87.9474316,1.202,1.559907867
8,16,2.5,-42.74647887,0,0,0,0,27.97291676,0,20.36199408,88.34719265,1.278,1.559907867
8,16,3,-42.32394366,0,0,0,0,27.79478231,0,20.11033254,89.44653555,1.544,1.480681097
8,16,3.5,-43.8028169,0,0,0,0,27.62654421,0,19.92913623,90.14611739,1.73,1.480681097
8,16,4,-43.5915493,0,0,0,0,27.46820247,0,19.65734176,90.44593818,1.572,1.480681097
8,16,4.5,-43.09859155,0.4,0,0,0,27.30986073,0,19.26474975,90.64581871,1.21,1.480681097
8,16,5,-43.87323944,0.6,0,0,0,27.15151899,0,18.94262297,90.84569923,1.052,1.480681097
8,16,5.5,-42.11267606,0.6,0,0,0,27.00307361,0,18.77149312,91.64522134,1.357,1.480681097
8,16,6,-42.53521127,1.2,0.2,0.792167052,0,26.86452459,0,18.65069558,91.7451616,1.855,1.480681097
8,16,6.5,-28.5915493,22.2,4,21.12445473,1.289430794,26.73587192,0,18.55003096,92.04498239,1.898,1.480681097
8,16,7,12.04225352,101,19.4,91.89137805,4.899837016,26.51815203,0,19.89893684,92.8445045,1.163,1.480681097
8,16,7.5,66.12676056,196.2,38,188.5357584,10.83121867,26.3103285,0,21.32837441,93.04438502,2.283,1.480681097
8,16,8,123.5915493,302,55,306.3045935,16.246828,26.25095035,0,22.52628336,91.64522134,1.349,1.480681097
8,16,8.5,243.1690141,404.2,69.8,332.7101619,21.92032349,26.3103285,0,23.9657874,90.24605765,1.103,1.480681097
8,16,9,327.9577465,387.2,82.2,523.8864772,26.82016051,26.6468047,0,24.93216773,87.44773029,1.276,1.480681097
8,16,9.5,401.3380282,585.2,93,613.9294654,31.20422521,27.20100078,0,26.0193456,82.95041844,1.455,1.480681097
8,16,10,468.1690141,657.6,102,691.5618366,34.81463143,27.9630204,0,27.32798563,73.50606357,1.75,1.480681097
8,16,10.5,516.4084507,718,109.4,757.3117019,38.42503765,28.88338176,0,28.99901829,61.09348288,1.42,1.480681097
8,16,11,556.8309859,759.8,114.6,802.2011682,41.00389924,29.52664508,0,30.72038325,47.32171462,1.753,1.480681097
8,16,11.5,580.9859155,780.8,117.6,825.9661797,42.55121619,30.72410449,0,32.29075129,39.33648759,2.113,1.480681097
8,16,12,589.4366197,788,119,838.9049083,43.32487467,31.92156389,0,33.19673285,35.36885914,2.858,1.480681097
8,16,12.5,576.056338,778.6,117.8,830.4551264,43.06698851,32.99037063,0,33.48866024,33.61990453,2.664,1.480681097
8,16,13,563.3802817,744.8,114.4,797.9762772,42.29333003,33.77218297,0,34.38457534,32.22074085,2.045,1.480681097
8,16,13.5,516.7605634,706.4,109.8,758.3679246,40.48812692,34.19772639,0,35.01876243,29.90212674,2.344,1.480681097
8,16,14,472.8169014,653.2,102.2,703.4443423,37.39349302,34.73212976,0,35.10936059,27.21373366,2.336,1.480681097
8,16,14.5,414.2957746,582.6,93.4,629.7728065,34.04097295,35.37539308,0,35.33082275,26.62408611,1.759,1.480681097
8,16,15,344.6478873,504,83,548.7077115,29.91479441,35.59311297,0,35.3710886,25.73461777,2.319,1.480681097
8,16,15.5,261.6901408,406.6,69.6,444.4057163,24.49918508,35.79104015,0,35.1596929,25.51474919,2.053,1.480681097
8,16,16,176.1267606,306.8,55.4,337.4631642,18.82568959,35.47435667,0,35.47175321,25.45478503,1.628,1.480681097
8,16,16.5,92.88732394,204.8,39.6,226.2957212,13.1521941,34.99933145,0,35.08922767,26.23431909,1.7,1.480681097
8,16,17,16.12676056,108.6,22,119.6172249,7.478698603,34.59358074,0,34.3946418,29.64228206,2.335,1.480681097
8,16,17.5,-36.12676056,27.4,4.6,32.74290482,1.805203111,34.11855552,0,32.82427377,34.33947443,2.396,1.480681097
8,16,18,-52.25352113,2.4,0.4,2.640556841,0,33.71280482,0,30.48885463,41.35528091,3.049,1.480681097
8,16,18.5,-49.01408451,0,0,0,0,33.11902329,0,29.15001522,43.75384722,3.018,1.480681097
8,16,19,-44.85915493,0,0,0,0,32.34710731,0,28.33463181,45.32290935,2.307,1.480681097
8,16,19.5,-44.57746479,0,0,0,0,31.73353307,0,27.41858379,48.39107543,1.578,1.480681097
8,16,20,-46.54929577,0,0,0,0,31.29809329,0,26.22067484,53.82782575,2.731,1.480681097
8,16,20.5,-47.25352113,0,0,0,0,30.76368992,0,26.93539362,50.68970149,2.785,1.480681097
8,16,21,-41.26760563,0,0,0,0,30.27876834,0,26.31127299,51.32931917,1.472,1.480681097
8,16,21.5,-41.26760563,0,0,0,0,30.10063389,0,24.87176896,56.16642791,1.124,1.480681097
8,16,22,-40.84507042,0,0,0,0,29.97198122,0,23.7543917,58.48504201,2.038,1.480681097
8,16,22.5,-42.88732394,0,0,0,0,29.70477954,0,23.95572094,61.57319615,2.829,1.480681097
8,16,23,-41.1971831,0,0,0,0,29.35840698,0,23.97585386,63.09228815,2.403,1.480681097
8,16,23.5,-40.91549296,0,0,0,0,29.18027253,0,23.11013815,65.46087238,1.228,1.480681097
8,17,0,-40.28169014,0,0,0,0,29.0417235,0,22.29475474,70.49786165,1.609,1.480681097
8,17,0.5,-41.83098592,0,0,0,0,28.84379633,0,21.63036827,73.00636226,1.666,1.480681097
8,17,1,-40,0,0,0,0,28.6359728,0,21.42903903,74.03574697,2.321,1.480681097
8,17,1.5,-42.74647887,0,0,0,0,28.43804562,0,21.47937134,74.66537062,1.375,1.480681097
8,17,2,-43.02816901,0,0,0,0,28.28960024,0,20.82505132,77.45370397,0.795,1.480681097
8,17,2.5,-43.66197183,0,0,0,0,28.14115486,0,20.40225993,79.49248534,1.184,1.480681097
8,17,3,-43.16901408,0,0,0,0,28.00260584,0,19.76807284,81.45131449,1.501,1.480681097
8,17,3.5,-43.23943662,0,0,0,0,27.85416046,0,19.42581314,83.74994055,1.455,1.480681097
8,17,4,-42.88732394,0,0,0,0,27.66612964,0,19.08355344,85.04916397,1.508,1.480681097
8,17,4.5,-43.09859155,0,0,0,0,27.49789154,0,18.79162604,85.54886528,1.548,1.480681097
8,17,5,-43.02816901,0,0,0,0,27.34944616,0,18.57016389,86.44832765,1.622,1.480681097
8,17,5.5,-42.81690141,0,0,0,0,27.21089714,0,18.27823649,87.34779002,1.819,1.480681097
8,17,6,-41.69014085,1,0.2,0.792167052,0,27.1020372,0,17.99637556,88.14731213,1.898,1.480681097
8,17,6.5,-26.1971831,25.2,4.4,24.8212343,1.289430794,26.96348817,0,18.37890111,88.54707318,1.855,1.480681097
8,17,7,17.74647887,109.2,21,104.8301066,5.931381651,26.71607921,0,19.68754114,89.24665502,0.994,1.480681097
8,17,7.5,65.98591549,206.6,40,214.1491598,12.12064946,26.46867024,0,21.50957073,87.34779002,1.522,1.480681097
8,17,8,174.084507,310.4,56.2,329.5414937,17.53625879,26.41918845,0,22.56654921,82.75053792,1.771,1.480681097
8,17,8.5,253.5211268,411,70.2,350.4018928,22.95186813,26.57753018,0,24.07651848,76.07452833,1.638,1.39850159
8,17,9,339.2253521,400.8,82.4,543.1625421,28.1095913,26.96348817,0,25.98914622,65.81066331,1.785,1.480681097
8,17,9.5,412.3239437,588.2,93,633.4695861,32.23576984,27.45830611,0,27.95210626,55.58677438,1.889,1.39850159
8,17,10,475.0704225,658,101.4,708.1973447,36.10406222,28.16094758,0,29.95533216,44.27353659,1.895,1.39850159
8,17,10.5,521.7605634,714.2,108.4,769.722319,39.45658229,29.19016888,0,31.56596604,37.01787348,2.514,1.39850159
8,17,11,554.0140845,753.4,113.8,813.8196183,42.03544387,29.99177394,0,32.53234637,34.04964767,2.835,1.39850159
8,17,11.5,578.8732394,777.8,117.2,841.2814094,43.58276083,31.42674595,0,33.025603,32.80039438,2.719,1.39850159
8,17,12,588.028169,788.8,119,854.4841936,44.61430546,32.97057791,0,33.7906541,31.42121874,2.347,1.39850159
8,17,12.5,583.8028169,782.4,118.4,851.0514697,44.61430546,33.72270118,0,34.03224918,30.03204909,2.566,1.39850159
8,17,13,559.8591549,752.6,115.2,821.7412888,43.58276083,34.70244069,0,34.02218272,29.61229998,2.72,1.39850159
8,17,13.5,523.943662,712.4,110.4,781.0767135,42.03544387,35.42487487,0,34.3946418,28.8227719,2.51,1.39850159
8,17,14,480.2112676,663.2,103.4,728.001521,39.19869613,35.86031466,0,34.56577165,28.8227719,2.445,1.39850159
8,17,14.5,426.4788732,598.2,95.2,656.7064863,35.84617606,36.16710178,0,34.85769904,28.62289138,2.61,1.39850159
8,17,15,351.056338,510.8,83.6,565.0791639,30.94633905,36.14730906,0,34.63623689,28.64287943,2.973,1.39850159
8,17,15.5,272.2535211,416.4,70.8,464.4739483,25.78861587,36.03844911,0,34.6060375,28.55293319,3.166,1.39850159
8,17,16,184.7183099,316,56.6,355.1548951,19.85723422,35.59311297,0,34.52550581,29.29249114,3.523,1.39850159
8,17,16.5,101.8309859,212.8,40.8,240.5547282,13.92585257,35.17746591,0,34.11278087,30.25191767,3.174,1.39850159
8,17,17,22.46478873,116,23.4,130.4435079,8.252357079,34.72223341,0,33.61952425,31.71104551,3.411,1.39850159
8,17,17.5,-33.23943662,32.2,5,39.34429693,2.06308927,34.20762275,0,32.53234637,35.26891888,3.047,1.39850159
8,17,18,-56.1971831,2.4,0.4,2.904612525,0,33.79197569,0,30.79084849,39.91614112,3.252,1.39850159
8,17,18.5,-50.21126761,0,0,0,0,33.28726139,0,29.20034752,44.49340517,2.941,1.39850159
8,17,19,-47.74647887,0,0,0,0,32.65389443,0,28.01250503,47.42165488,3.306,1.39850159
8,17,19.5,-51.33802817,0,0,0,0,32.00073476,0,27.67024533,47.75145775,3.634,1.39850159
8,17,20,-53.52112676,0,0,0,0,31.43664231,0,27.60984656,48.26115309,3.497,1.39850159
8,17,20.5,-54.57746479,0,0,0,0,30.99130617,0,27.64004595,48.35109933,3.613,1.39850159
8,17,21,-53.45070423,0,0,0,0,30.69441541,0,27.28771979,49.97013159,3.709,1.39850159
8,17,21.5,-52.11267606,0,0,0,0,30.44700644,0,26.79446316,52.02890101,3.475,1.39850159
8,17,22,-51.90140845,0,0,0,0,30.24907927,0,26.31127299,54.10765849,3.583,1.39850159
8,17,22.5,-51.4084507,0,0,0,0,30.05115209,0,25.87841514,56.03650557,3.053,1.39850159
8,17,23,-48.16901408,0,0,0,0,29.91260307,0,24.72077203,60.4538652,2.868,1.39850159
8,17,23.5,-49.92957746,0,0,0,0,29.74436497,0,24.50937634,62.83244346,2.999,1.39850159
8,18,0,-44.01408451,0,0,0,0,29.53654144,0,23.71412585,65.46087238,1.907,1.39850159
8,18,0.5,-37.95774648,0,0,0,0,29.41778514,0,22.74774552,67.87942675,0.79,1.39850159
8,18,1,-32.81690141,0,0,0,0,29.29902883,0,22.03302674,72.05692975,0.59,1.39850159
8,18,1.5,-44.22535211,0,0,0,0,29.11099802,0,21.52970365,75.40492857,1.065,1.39850159
8,18,2,-44.29577465,0,0,0,0,28.9229672,0,20.79485194,77.80349489,1.391,1.39850159
8,18,2.5,-42.6056338,0,0,0,0,28.73493638,0,20.44252578,81.25143397,1.346,1.39850159
8,18,3,-43.23943662,0,0,0,0,28.50732013,0,19.9090033,83.05035871,1.712,1.39850159
8,18,3.5,-43.66197183,0,0,0,0,28.30939296,0,19.52647775,83.55006002,2.296,1.39850159
8,18,4,-44.64788732,0,0,0,0,28.11146579,0,19.47614545,84.04976134,2.008,1.39850159
8,18,4.5,-45.63380282,0,0,0,0,27.92343497,0,19.49627837,84.64940292,2.125,1.39850159
8,18,5,-44.36619718,0,0,0,0,27.75519687,0,19.3050156,84.94922371,2.015,1.39850159
8,18,5.5,-44.29577465,0,0,0,0,27.59685513,0,19.0936199,85.14910423,1.542,1.39850159
8,18,6,-43.73239437,0.8,0.2,1.056222736,0,27.47809883,0,18.89229066,85.74874581,1.508,1.39850159
8,18,6.5,-27.81690141,28.6,4.8,27.46179114,1.547316952,27.33954981,0,18.63056266,86.64820818,1.2,1.39850159
8,18,7,11.90140845,119.4,22.8,113.8079998,6.705040127,27.11193356,0,20.07006669,87.9474316,0.669,1.39850159
8,18,7.5,78.66197183,216,42,225.5035542,12.89430794,26.85462823,0,21.3585738,84.34958213,1.102,1.39850159
8,18,8,174.8591549,320.4,58,340.8958881,18.30991727,26.81504279,0,22.78801137,77.10391305,1.464,1.39850159
8,18,8.5,261.7605634,420.6,71.8,329.277438,23.7255266,26.94369546,0,24.69057265,69.06871589,1.723,1.39850159
8,18,9,347.3943662,369.2,83.8,553.1966581,28.62536362,27.33954981,0,26.53273515,59.14464775,2.08,1.39850159
8,18,9.5,415.7042254,597.8,94.4,642.711535,33.00942832,28.06198399,0,28.31449889,53.88778991,1.593,1.39850159
8,18,10,479.5070423,668.6,103.2,717.7033493,36.8777207,28.96255263,0,29.3916103,48.97072896,1.569,1.39850159
8,18,10.5,531.3380282,727.8,110.8,781.6048248,40.23024076,29.88291399,0,30.4183894,43.65390696,1.367,1.39850159
8,18,11,563.1690141,768.2,116.2,825.7021241,42.80910235,30.43711008,0,31.63643128,39.4164398,1.328,1.39850159
8,18,11.5,586.6197183,793.2,119.6,852.8998595,44.61430546,32.07990563,0,32.20015313,36.91793322,1.463,1.39850159
8,18,12,592.9577465,797.2,120.6,859.7653073,45.38796394,33.6930121,0,33.14640054,34.08962377,1.455,1.39850159
8,18,12.5,591.5492958,781.4,119,848.1468572,44.61430546,34.12845188,0,33.72018886,32.66047801,2.471,1.39850159
8,18,13,524.7887324,693.2,106.8,757.5757576,40.74601308,34.62326982,0,34.09264795,31.23133224,2.439,1.39850159
8,18,13.5,513.8028169,696,108.8,762.8568713,41.2617854,35.59311297,0,34.29397719,29.26250906,1.852,1.39850159
8,18,14,506.971831,694.6,109,755.7273678,41.00389924,35.98896732,0,34.54563873,28.72283164,1.89,1.39850159
8,18,14.5,407.8169014,561.2,90.4,619.4746348,34.29885911,36.642127,0,34.80736674,28.36304669,2.092,1.39850159
8,18,15,359.2957746,512.4,84.8,566.1353866,31.20422521,36.90932868,0,34.69663566,28.27310045,1.941,1.39850159
8,18,15.5,195.7746479,320.8,54.4,367.8295679,20.37300654,36.65202335,0,34.6060375,29.04264048,2.676,1.39850159
8,18,16,188.6619718,314,57,352.2502825,19.85723422,36.36502895,0,34.40470826,29.52235374,3.099,1.39850159
8,18,16.5,99.64788732,210,40.8,236.8579486,13.66796641,35.70197292,0,34.04231564,31.17136809,3.517,1.39850159
8,18,17,21.90140845,112.4,23,126.4826727,7.994470921,35.1081914,0,33.30746393,33.46999414,3.392,1.39850159
8,18,17.5,-36.47887324,30.4,5,37.23185145,2.06308927,34.51440987,0,32.2102196,36.7980049,2.965,1.39850159
8,18,18,-61.12676056,2,0.2,2.640556841,0,34.05917737,0,30.60965217,40.72565725,2.743,1.39850159
8,18,18.5,-56.1971831,0,0,0,0,33.47529221,0,29.61307246,43.9337397,2.609,1.39850159
8,18,19,-47.04225352,0,0,0,0,32.83202889,0,28.72722382,48.42105751,2.808,1.39850159
8,18,19.5,-46.33802817,0,0,0,0,32.28772916,0,27.72057764,50.8096298,2.92,1.39850159
8,18,20,-51.1971831,0,0,0,0,31.81270394,0,27.39845087,51.70909217,3.527,1.39850159
8,18,20.5,-53.09859155,0,0,0,0,31.35747144,0,27.22732102,51.98892491,3.496,1.39850159
8,18,21,-54.78873239,0,0,0,0,31.00120253,0,26.77433024,55.56678633,3.447,1.39850159
8,18,21.5,-54.29577465,0,0,0,0,30.7438972,0,26.30120653,59.09467762,3.397,1.39850159
8,18,22,-51.54929577,0,0,0,0,30.54597003,0,25.52608898,62.61257488,2.248,1.39850159
8,18,22.5,-46.90140845,0,0,0,0,30.39752465,0,24.55970864,66.25040046,1.76,1.39850159
8,18,23,-44.92957746,0,0,0,0,30.25897563,0,23.33160031,69.77829175,1.291,1.39850159
8,18,23.5,-43.94366197,0,0,0,0,30.09073753,0,22.1739572,74.10570515,1.064,1.39850159
8,19,0,-44.57746479,0,0,0,0,29.85322492,0,21.53977011,76.65418186,0.753,1.39850159
8,19,0.5,-42.67605634,0,0,0,0,29.56623052,0,20.86531717,79.08273026,0.27,1.39850159
8,19,1,-43.66197183,0,0,0,0,29.31882155,0,20.6740544,80.95161318,1.495,1.39850159
8,19,1.5,-43.52112676,0,0,0,0,29.06151622,0,20.43245931,83.15029897,1.763,1.39850159
8,19,2,-44.01408451,0,0,0,0,28.85369269,0,20.10026608,84.54946265,1.42,1.39850159
8,19,2.5,-44.36619718,0,0,0,0,28.66566187,0,19.78820576,85.74874581,1.393,1.39850159
8,19,3,-42.46478873,0,0,0,0,28.48752742,0,19.55667714,86.94802897,1.603,1.39850159
8,19,3.5,-42.46478873,0,0,0,0,28.30939296,0,19.39561375,87.74755107,1.675,1.39850159
8,19,4,-43.02816901,0,0,0,0,28.1312585,0,19.42581314,88.24725239,1.736,1.39850159
8,19,4.5,-44.22535211,0,0,0,0,27.95312405,0,19.0936199,88.44713292,1.904,1.39850159
8,19,5,-41.83098592,0,0,0,0,27.80467867,0,19.48621191,88.74695371,2.136,1.39850159
8,19,5.5,-41.90140845,0,0,0,0,27.64633693,0,19.36541437,88.64701344,2.531,1.39850159
8,19,6,-44.08450704,1,0.2,1.056222736,0,27.53747698,0,19.49627837,88.04737186,1.901,1.39850159
8,19,6.5,-28.23943662,30,5,27.98990251,1.547316952,27.40882432,0,19.2244839,88.14731213,1.371,1.39850159
8,19,7,13.38028169,120.2,23.2,114.6001669,6.705040127,27.2207935,0,20.32172824,88.74695371,1.335,1.39850159
8,19,7.5,59.85915493,214.8,42.2,222.8629973,12.63642178,26.99317725,0,22.15382428,86.44832765,0.64,1.39850159
8,19,8,169.084507,316.6,58,333.7663847,18.05203111,26.9337991,0,23.05980584,81.65119502,0.904,1.39850159
8,19,8.5,260,421,72.6,290.7253082,23.7255266,27.14162263,0,24.72077203,75.2250361,0.982,1.39850159
8,19,9,343.2394366,320.8,84.6,547.6514887,28.88324978,27.48799519,0,26.02941206,64.36152949,1.409,1.39850159
8,19,9.5,416.971831,600.2,95.4,647.728593,33.52520064,28.19063665,0,27.82124226,57.47564536,1.398,1.313181257
8,19,10,480.915493,670.4,104.2,724.0406857,37.39349302,29.20006524,0,29.40167676,52.24876959,1.44,1.313181257
8,19,10.5,529.2253521,723.4,111,783.4532146,40.74601308,30.03135938,0,30.87138018,48.76085441,1.629,1.39850159
8,19,11,562.8169014,767,117,827.8145695,43.06698851,30.77358628,0,31.74716235,41.91494638,1.624,1.39850159
8,19,11.5,585.2112676,791.4,120.4,856.8606948,45.13007778,32.35700367,0,32.70347622,38.81679822,1.856,1.39850159
8,19,12,594.3661972,799,122,867.1588665,46.16162241,33.89093927,0,33.35779624,34.29949832,2.675,1.313181257
8,19,12.5,586.6197183,785.4,120.2,857.6528618,45.90373625,34.67275161,0,33.9215181,33.21014946,3.093,1.313181257
8,19,13,569.7183099,756.6,117,820.6850661,44.61430546,35.55352754,0,34.23357841,32.41062735,2.5,1.313181257
8,19,13.5,516.1267606,716.8,112.2,792.9592192,42.80910235,36.17699814,0,34.3946418,31.05143977,3.364,1.313181257
8,19,14,492.7464789,667.6,105,735.1310244,40.23024076,36.68171243,0,34.55570519,31.4811829,2.958,1.313181257
8,19,14.5,422.0422535,590.2,94.6,651.1613169,35.58828991,36.81036509,0,34.88789843,31.09141588,2.65,1.39850159
8,19,15,355.4929577,512,84.4,567.7197207,31.71999752,36.81036509,0,34.85769904,31.22133822,3.133,1.39850159
8,19,15.5,273.3098592,417.2,71.6,465.530171,26.30438819,36.68171243,0,35.03889536,30.79159509,3.013,1.39850159
8,19,16,186.971831,317,57.2,356.4751735,20.37300654,36.29575444,0,34.80736674,31.03145172,3.597,1.39850159
8,19,16.5,101.6197183,214.2,41.4,242.403118,14.18373873,35.86031466,0,34.63623689,31.26131432,3.344,1.39850159
8,19,17,20.28169014,114.8,23.4,128.8591738,8.252357079,35.25663678,0,34.09264795,33.1501853,3.497,1.39850159
8,19,17.5,-37.11267606,31.8,5.2,38.55212987,2.320975429,34.7717152,0,33.00547008,35.70865604,3.338,1.39850159
8,19,18,-54.78873239,2.4,0.4,2.904612525,0,34.39565357,0,31.37470327,40.5557588,3.013,1.39850159
8,19,18.5,-48.38028169,0,0,0,0,33.85135384,0,29.90499985,45.2629452,3.044,1.39850159
8,19,19,-46.90140845,0,0,0,0,33.19819416,0,28.90842013,48.23117101,3.05,1.39850159
8,19,19.5,-47.81690141,0,0,0,0,32.56482721,0,28.37489766,49.92016146,3.308,1.39850159
8,19,20,-52.67605634,0,0,0,0,32.02052748,0,28.12323611,50.54978512,3.475,1.313181257
8,19,20.5,-52.67605634,0,0,0,0,31.56529498,0,27.85144165,51.39927736,3.399,1.313181257
8,19,21,-55.28169014,0,0,0,0,31.23871514,0,27.54944779,51.9489488,3.706,1.313181257
8,19,21.5,-55.63380282,0,0,0,0,30.97151345,0,27.06625763,53.31813041,3.931,1.39850159
8,19,22,-54.85915493,0,0,0,0,30.7438972,0,26.43207054,55.91657725,3.512,1.313181257
8,19,22.5,-51.69014085,0,0,0,0,30.56576275,0,26.15020961,57.31574094,2.467,1.313181257
8,19,23,-44.57746479,0,0,0,0,30.37773193,0,25.58648775,59.37451036,1.882,1.313181257
8,19,23.5,-43.02816901,0,0,0,0,30.22928655,0,24.59997449,62.91239567,1.57,1.313181257
8,20,0,-42.3943662,0,0,0,0,30.14021932,0,23.59332831,67.82945662,1.961,1.313181257
8,20,0.5,-43.38028169,0,0,0,0,29.89281035,0,23.56312893,68.24920573,1.804,1.313181257
8,20,1,-41.54929577,0,0,0,0,29.59591959,0,23.42219846,68.90881146,2.152,1.313181257
8,20,1.5,-45.77464789,0,0,0,0,29.29902883,0,23.66379355,67.86943273,2.252,1.313181257
8,20,2,-47.18309859,0,0,0,0,29.08130894,0,22.96920768,70.88762868,1.834,1.313181257
8,20,2.5,-44.01408451,0,0,0,0,29.01203443,0,22.06322612,73.3661472,1.843,1.313181257
8,20,3,-42.81690141,0,0,0,0,28.93286356,0,21.28810857,76.87405044,1.479,1.313181257
8,20,3.5,-42.11267606,0,0,0,0,28.79431454,0,20.6740544,78.66298115,1.8,1.313181257
8,20,4,-41.26760563,0,0,0,0,28.60628372,0,20.16066485,81.75113528,1.683,1.313181257
8,20,4.5,-42.32394366,0,0,0,0,28.42814926,0,19.80833868,83.15029897,1.132,1.313181257
8,20,5,-41.83098592,0,0,0,0,28.25991117,0,19.54661068,84.54946265,0.825,1.313181257
8,20,5.5,-41.61971831,0,0,0,0,28.10156943,0,19.20435098,86.0485666,0.435,1.313181257
8,20,6,-42.6056338,1,0.2,1.32027842,0,27.93333133,0,19.03322113,86.54826792,1.706,1.313181257
8,20,6.5,-23.94366197,28.8,4.8,28.25395819,1.547316952,27.77498959,0,19.10368636,87.54767055,1.903,1.313181257
8,20,7,5.14084507,115.4,22.8,113.8079998,6.705040127,27.53747698,0,20.64385501,88.04737186,1.883,1.313181257
8,20,7.5,89.08450704,211.6,41.6,219.9583848,12.63642178,27.27027529,0,22.08335905,85.54886528,1.583,1.313181257
8,20,8,176.1267606,316.2,57.8,335.6147744,18.30991727,27.23068986,0,22.97927414,80.3519716,1.767,1.313181257
8,20,8.5,260.6338028,415.4,71.8,287.0285286,23.7255266,27.44840975,0,24.58990803,72.91641602,1.823,1.313181257
8,20,9,341.2676056,290,83.6,511.2118043,28.62536362,27.87395318,0,26.56293454,64.62137417,1.882,1.313181257
8,20,9.5,409.6478873,587.8,94.4,632.677419,33.26731448,28.43804562,0,28.43529643,56.45625467,1.723,1.313181257
8,20,10,475.1408451,658.8,102.8,707.1411219,36.8777207,29.34851062,0,30.02579739,46.69209096,1.874,1.313181257
8,20,10.5,515.3521127,713.6,110,767.3458179,40.23024076,30.36783557,0,31.5257002,40.94552583,2.133,1.313181257
8,20,11,554.6478873,758.2,116,817.5163979,43.06698851,31.13975155,0,32.77394146,35.2789129,3.462,1.313181257
8,20,11.5,583.8028169,784.4,119.8,849.2030799,45.13007778,32.58461992,0,33.54905901,32.72044217,3.532,1.313181257
8,20,12,588.028169,789.6,121,856.8606948,45.90373625,33.79197569,0,34.35437596,30.98148159,3.373,1.313181257
8,20,12.5,585.2112676,782.8,120.4,852.3717482,46.16162241,34.57378802,0,34.63623689,30.63169067,3.241,1.313181257
8,20,13,575.3521127,765.2,119.6,825.9661797,45.38796394,35.21705134,0,35.51201906,28.75281372,2.841,1.313181257
8,20,13.5,525.2816901,727.6,115.4,792.1670522,43.32487467,35.99886368,0,35.55228491,27.63348277,2.317,1.313181257
8,20,14,501.4788732,685.4,109.2,742.7886393,41.00389924,36.9291214,0,35.7133483,25.67465361,2.316,1.313181257
8,20,14.5,424.7887324,595.8,97,648.2567044,36.10406222,37.11715221,0,36.44820001,24.58530474,2.084,1.313181257
8,20,15,201.2676056,315.4,52,355.6830064,19.59934806,36.89943232,0,36.00527569,26.1643609,2.832,1.313181257
8,20,15.5,118.2394366,224.8,38.6,266.4321852,14.95739721,37.16663401,0,34.78723381,28.46298695,1.668,1.313181257
8,20,16,182.1126761,313.6,57.4,348.8175586,20.11512038,36.46399254,0,35.68314891,27.08381132,2.393,1.313181257
8,20,16.5,98.02816901,209.8,41,234.7455031,13.92585257,35.83062558,0,35.39122152,27.48357238,1.95,1.313181257
8,20,17,19.43661972,113,23.2,125.4264499,7.994470921,35.3951858,0,34.83756612,30.77160703,2.684,1.313181257
8,20,17.5,-31.4084507,31.8,5.6,37.23185145,2.06308927,35.08839868,0,33.64972363,34.39943859,2.714,1.313181257
8,20,18,-48.52112676,2.4,0.4,2.640556841,0,34.73212976,0,31.58609897,40.29591412,2.4,1.313181257
8,20,18.5,-46.1971831,0,0,0,0,34.23731183,0,30.08619616,44.23356048,1.873,1.313181257
8,20,19,-41.69014085,0,0,0,0,33.46539585,0,29.32114507,46.07246133,2.057,1.313181257
8,20,19.5,-44.08450704,0,0,0,0,32.82213253,0,28.99901829,46.93194759,2.581,1.313181257
8,20,20,-45.91549296,0,0,0,0,32.24814373,0,28.68695797,49.26055572,2.491,1.313181257
8,20,20.5,-47.32394366,0,0,0,0,31.86218574,0,28.1534355,51.25936099,3.042,1.313181257
8,20,21,-46.97183099,0,0,0,0,31.56529498,0,27.6803118,53.4680408,3.262,1.313181257
8,20,21.5,-46.33802817,0,0,0,0,31.30798965,0,27.37831794,55.08707307,3.601,1.313181257
8,20,22,-43.02816901,0,0,0,0,31.04078796,0,27.10652347,56.54620091,3.573,1.313181257
8,20,22.5,-44.64788732,0,0,0,0,30.80327536,0,26.703865,57.87540641,2.538,1.313181257
8,20,23,-38.45070423,0,0,0,0,30.68451905,0,25.86834868,60.15404441,1.381,1.313181257
8,20,23.5,-35.98591549,0,0,0,0,30.58555546,0,24.93216773,63.84184012,1.665,1.313181257
8,21,0,-42.74647887,0,0,0,0,30.44700644,0,24.18724956,68.1992356,2.271,1.313181257
8,21,0.5,-40.91549296,0,0,0,0,30.21939019,0,23.90538863,69.26859641,1.671,1.313181257
8,21,1,-40.91549296,0,0,0,0,29.98187758,0,23.18060338,72.23682223,0.695,1.313181257
8,21,1.5,-41.90140845,0,0,0,0,29.80374313,0,22.31488767,76.18446262,1.504,1.313181257
8,21,2,-38.5915493,0,0,0,0,29.59591959,0,21.89209627,78.48308868,1.111,1.313181257
8,21,2.5,-30.21126761,0,0,0,0,29.38809606,0,21.66056765,80.25203134,1.475,1.313181257
8,21,3,-20.63380282,0,0,0,0,29.19016888,0,21.88202981,81.65119502,1.504,1.313181257
8,21,3.5,-24.64788732,0,0,0,0,29.06151622,0,22.07329258,81.75113528,1.33,1.313181257
8,21,4,-39.43661972,0,0,0,0,28.95265628,0,22.08335905,81.55125476,1.435,1.313181257
8,21,4.5,-38.66197183,0,0,0,0,28.89327812,0,21.63036827,82.65059765,1.395,1.313181257
8,21,5,-40.63380282,0,0,0,0,28.82400361,0,21.2780421,83.55006002,0.609,1.313181257
8,21,5.5,-41.83098592,0,0,0,0,28.71514367,0,20.76465255,84.64940292,0.708,1.313181257
8,21,6,-41.05633803,1,0.2,1.32027842,0,28.56669829,0,20.23113008,85.14910423,1.681,1.313181257
8,21,6.5,-27.18309859,19.2,3.6,20.59634336,1.031544635,28.38856383,0,20.01973438,86.74814844,1.361,1.313181257
8,21,7,4.366197183,90,18.4,82.64942911,4.899837016,28.1312585,0,20.85525071,87.74755107,1.312,1.313181257
8,21,7.5,73.73239437,189.8,38.4,186.6873686,11.08910483,27.8442641,0,22.28468828,86.0485666,1.233,1.313181257
8,21,8,155.6338028,291.2,55,294.4220877,16.246828,27.73540415,0,23.39199908,81.65119502,1.587,1.313181257
8,21,8.5,239.7183099,392.4,69.4,302.3437583,22.17820965,27.8442641,0,25.18382927,73.00636226,1.569,1.313181257
8,21,9,323.8732394,287.2,82.6,459.1928346,27.85170514,28.21042937,0,27.24745394,62.93238373,1.959,1.313181257
8,21,9.5,403.7323944,556.2,94,617.626245,32.75154216,28.7547291,0,29.08961645,52.12884128,1.961,1.313181257
8,21,10,459.3661972,648.6,102.4,687.0728899,36.36194838,29.58602323,0,31.1029088,45.10304077,1.807,1.313181257
8,21,10.5,507.6760563,696.4,108.6,738.035637,39.45658229,30.50638459,0,32.52227991,40.19597385,2.19,1.313181257
8,21,11,534.8591549,732.2,113.6,777.1158782,41.77755771,31.13975155,0,33.73025533,36.65808854,2.452,1.313181257
8,21,11.5,564.7887324,761,117.8,811.9712285,43.84064698,32.72316895,0,34.43490765,34.10961182,2.344,1.313181257
8,21,12,580.2816901,780.8,121.4,837.3205742,45.38796394,34.21751911,0,35.16975936,33.1901614,2.925,1.313181257
8,21,12.5,512.1830986,700.6,109.4,752.8227553,41.00389924,34.96964237,0,35.46168675,30.21194156,3.972,1.313181257
8,21,13,567.6056338,774.6,123.4,814.3477296,45.38796394,35.36549672,0,36.01534215,28.01325577,4.091,1.313181257
8,21,13.5,512.0422535,708.2,113.2,761.2725372,42.03544387,35.82072922,0,36.51866524,25.7845879,3.355,1.313181257
8,21,14,477.5352113,656.4,106,710.8379015,39.45658229,36.07803455,0,36.73006094,25.0250419,3.794,1.313181257
8,21,14.5,443.8028169,621.6,102.6,665.1562682,37.39349302,36.43430346,0,36.7401274,24.80517332,3.579,1.313181257
8,21,15,387.9577465,550.8,93,585.6755073,33.26731448,36.74109058,0,36.84079202,26.29428324,3.666,1.313181257
8,21,15.5,259.3661972,403.6,71.2,438.0683799,25.0149574,37.03798134,0,36.26700369,26.53413988,2.595,1.313181257
8,21,16,180.7042254,310,57.4,337.7272199,19.59934806,36.8796396,0,36.77032678,25.86454011,1.734,1.313181257
8,21,16.5,131.056338,245.4,47.4,256.6621249,14.95739721,36.18689449,0,37.07232064,26.00445648,2.065,1.313181257
8,21,17,48.73239437,141.2,28.6,139.9495126,8.768129397,35.87021102,0,36.70992801,26.76400248,1.725,1.313181257
8,21,17.5,-16.33802817,42,7.8,39.34429693,2.320975429,35.8504183,0,34.86776551,31.15138003,2.116,1.313181257
8,21,18,-48.45070423,2.2,0.4,2.376501157,0,35.75145471,0,32.90480546,37.76742546,1.864,1.313181257
8,21,18.5,-48.5915493,0,0,0,0,35.29622221,0,30.33785771,44.55336933,1.83,1.313181257
8,21,19,-38.52112676,0,0,0,0,34.59358074,0,28.4956952,48.70089025,2.279,1.313181257
8,21,19.5,-38.5915493,0,0,0,0,33.85135384,0,27.84137518,52.4786322,2.127,1.313181257
8,21,20,-31.61971831,0,0,0,0,33.21798688,0,27.21725455,54.11765251,1.663,1.313181257
8,21,20.5,-28.8028169,0,0,0,0,32.72316895,0,26.98572593,57.69551394,0.788,1.313181257
8,21,21,-21.97183099,0,0,0,0,32.34710731,0,26.40187115,61.2533873,0.601,1.313181257
8,21,21.5,-26.33802817,0,0,0,0,32.08980199,0,25.97907976,63.07230009,0.829,1.313181257
8,21,22,-33.5915493,0,0,0,0,31.84239302,0,25.81801637,63.16224633,1.597,1.313181257
8,21,22.5,-19.15492958,0,0,0,0,31.61477677,0,25.6770859,61.69312446,2.376,1.313181257
8,21,23,-34.71830986,0,0,0,0,31.35747144,0,25.94888037,60.82364417,2.985,1.313181257
8,21,23.5,-43.73239437,0,0,0,0,31.09026976,0,25.87841514,60.0740922,2.487,1.313181257
8,22,0,-37.6056338,0,0,0,0,30.90223894,0,25.15362989,63.28217465,1.376,1.313181257
8,22,0.5,-29.85915493,0,0,0,0,30.793379,0,24.11678433,65.5408246,2.123,1.313181257
8,22,1,-23.02816901,0,0,0,0,30.60534818,0,24.29798064,67.14986283,1.236,1.313181257
8,22,1.5,-18.30985915,0,0,0,0,30.42721372,0,23.84498986,68.2392117,1.164,1.313181257
8,22,2,-21.69014085,0,0,0,0,30.2886647,0,23.90538863,70.79768244,1.513,1.313181257
8,22,2.5,-25.70422535,0,0,0,0,30.14021932,0,23.95572094,71.98697157,0.932,1.313181257
8,22,3,-31.69014085,0,0,0,0,30.01156666,0,24.13691725,74.37554386,0.544,1.313181257
8,22,3.5,-28.45070423,0,0,0,0,29.89281035,0,23.38193262,76.1744686,0.827,1.313181257
8,22,4,-20.56338028,0,0,0,0,29.81363948,0,23.24100215,78.13329776,0.379,1.313181257
8,22,4.5,-16.83098592,0,0,0,0,29.7146759,0,23.34166677,79.73234197,0.113,1.313181257
8,22,5,-18.23943662,0,0,0,0,29.62560867,0,23.31146738,80.25203134,0.82,1.313181257
8,22,5.5,-22.46478873,0,0,0,0,29.5464378,0,23.31146738,80.95161318,0.402,1.313181257
8,22,6,-21.26760563,0.8,0,1.056222736,0,29.46726693,0,23.05980584,80.25203134,0.413,1.313181257
8,22,6.5,-6.76056338,29.8,6.2,25.87745704,1.547316952,29.38809606,0,22.94907476,79.4025391,0.053,1.313181257
8,22,7,45.63380282,120.2,24.6,111.4314987,6.705040127,29.22975432,0,24.18724956,78.89284376,0.985,1.313181257
8,22,7.5,152.8169014,295,59.4,277.522524,16.246828,29.02193079,0,26.40187115,70.45788554,0.353,1.313181257
8,22,8,192.5352113,334.2,62,341.1599438,19.08357575,28.94275992,0,28.14336904,55.39688788,1.876,1.313181257
8,22,8.5,260.2112676,420.6,74.2,335.8788301,23.98341276,29.11099802,0,29.80433523,49.4404482,2.099,1.313181257
8,22,9,327.8873239,284.8,85.2,419.584482,28.88324978,29.57612687,0,30.96197834,44.56336335,2.103,1.313181257
8,22,9.5,413.1690141,528.8,96,628.1884724,33.52520064,30.1204266,0,31.96862451,39.72625462,2.494,1.313181257
8,22,10,466.3380282,658.6,104.6,702.6521753,37.65137918,30.88244622,0,32.98533715,36.50817814,2.956,1.313181257
8,22,10.5,509.2957746,713.2,111.8,763.1209269,41.00389924,31.77311851,0,34.24364488,34.20955209,3.152,1.313181257
8,22,11,547.1830986,749.2,116.8,805.1057807,43.58276083,32.31741824,0,35.31068982,29.65227609,4.099,1.313181257
8,22,11.5,564.084507,783,121.8,841.5454651,45.90373625,33.57425579,0,36.26700369,25.51474919,4.147,1.313181257
8,22,12,600,819.4,127.8,878.7773166,48.22471168,34.76181884,0,36.55893109,23.23611119,3.47,1.313181257
8,22,12.5,605.6338028,805.4,126.6,867.6869778,47.70893937,35.47435667,0,36.96158956,22.54652337,3.83,1.313181257
8,22,13,565.4929577,765.4,122,822.7975115,46.41950857,36.03844911,0,36.97165602,21.9868579,3.786,1.313181257
8,22,13.5,525.3521127,733,118.2,801.6730568,44.61430546,36.78067602,0,37.40451387,21.70702516,2.702,1.313181257
8,22,14,496.1267606,697.8,113.6,749.9181427,42.29333003,37.57238471,0,37.2937828,21.7969714,3.426,1.313181257
8,22,14.5,159.9295775,278,45.4,329.5414937,18.30991727,37.88906819,0,36.79045971,22.46657116,1.892,1.313181257
8,22,15,397.2535211,574.4,98.4,606.799962,34.81463143,38.05730629,0,37.11258648,23.16615301,2.596,1.313181257
8,22,15.5,157.5352113,269.6,46.6,299.7032014,17.02048648,37.81979368,0,36.41800062,24.10559148,3.295,1.313181257
8,22,16,20.35211268,106.2,17,146.8149603,8.252357079,37.80989732,0,35.7636806,24.62528085,2.826,1.313181257
8,22,16.5,0.14084507,83.2,14.2,107.4706634,6.18926781,37.2161158,0,35.11942705,26.67405624,1.961,1.313181257
8,22,17,-0.704225352,82.6,16.6,82.9134848,5.157723175,36.4738889,0,34.2637778,29.12259269,2.095,1.313181257
8,22,17.5,-41.61971831,24.6,4.6,28.25395819,1.805203111,35.8504183,0,33.19673285,30.95149951,2.831,1.313181257
8,22,18,-51.54929577,1.8,0.2,2.376501157,0,35.49414939,0,31.14317465,36.74803477,2.991,1.313181257
8,22,18.5,-49.15492958,0,0,0,0,35.09829504,0,28.71715736,44.15360827,2.837,1.313181257
8,22,19,-47.46478873,0,0,0,0,34.40554993,0,28.10310319,43.86378151,2.679,1.313181257
8,22,19.5,-46.83098592,0,0,0,0,33.67321938,0,27.90177396,44.75324985,2.752,1.313181257
8,22,20,-46.47887324,0,0,0,0,33.15860873,0,27.0461247,51.42925943,1.347,1.313181257
8,22,20.5,-44.22535211,0,0,0,0,32.7825471,0,25.59655421,58.68492254,1.365,1.313181257
8,22,21,-32.3943662,0,0,0,0,32.38669275,0,24.29798064,60.69372183,1.198,1.313181257
8,22,21.5,-20.63380282,0,0,0,0,32.01063112,0,24.48924341,60.3039548,1.162,1.313181257
8,22,22,-20.98591549,0,0,0,0,31.67415492,0,24.95230065,63.98175649,1.221,1.313181257
8,22,22.5,-23.5915493,0,0,0,0,31.45643503,0,24.88183542,61.48324991,1.605,1.313181257
8,22,23,-31.69014085,0,0,0,0,31.28819693,0,24.93216773,63.13226425,1.722,1.313181257
8,22,23.5,-40.42253521,0,0,0,0,31.13975155,0,24.77110434,65.1610516,0.635,1.313181257
8,23,0,-42.53521127,0,0,0,0,31.03089161,0,23.8349234,67.17984491,1.219,1.313181257
8,23,0.5,-41.69014085,0,0,0,0,30.87254987,0,22.97927414,69.24860836,1.744,1.313181257
8,23,1,-35.77464789,0,0,0,0,30.65482997,0,22.77794491,69.55842318,1.47,1.313181257
8,23,1.5,-38.87323944,0,0,0,0,30.42721372,0,22.53634983,70.58780789,0.9,1.313181257
8,23,2,-35.21126761,0,0,0,0,30.23918291,0,22.19409013,73.24621889,1.451,1.313181257
8,23,2.5,-36.83098592,0,0,0,0,30.05115209,0,22.12362489,71.24741362,2.731,1.313181257
8,23,3,-40.63380282,0,0,0,0,29.78395041,0,22.53634983,67.95937896,1.728,1.313181257
8,23,3.5,-41.76056338,0,0,0,0,29.67509046,0,21.99276089,71.74711494,1.865,1.313181257
8,23,4,-40.21126761,0,0,0,0,29.56623052,0,21.28810857,76.0245582,1.578,1.313181257
8,23,4.5,-39.15492958,0,0,0,0,29.43757785,0,20.72438671,77.8834471,1.123,1.313181257
8,23,5,-34.92957746,0,0,0,0,29.2594434,0,20.47272516,79.2526287,1.827,1.313181257
8,23,5.5,-33.73239437,0,0,0,0,29.08130894,0,20.69418732,80.25203134,2.06,1.313181257
8,23,6,-33.45070423,1.4,0.2,1.584334104,0,28.94275992,0,20.72438671,81.55125476,1.595,1.313181257
8,23,6.5,-17.81690141,25.2,5.6,24.29312293,1.547316952,28.8042109,0,20.60358916,81.95101581,0.991,1.313181257
8,23,7,9.225352113,70,14.2,74.46370291,4.384064698,28.62607644,0,21.55990303,81.85107555,0.959,1.313181257
8,23,7.5,72.46478873,162.8,32.6,167.147248,10.05756019,28.47763106,0,23.29133446,81.25143397,0.667,1.313181257
8,23,8,130.5633803,240.4,44.8,257.9824033,14.69951105,28.39846019,0,24.54964218,72.80648173,1.085,1.313181257
8,23,8.5,246.5492958,400.4,73,335.8788301,23.20975429,28.48752742,0,26.61326685,61.81305278,1.286,1.313181257
8,23,9,327.8169014,303.4,85.2,415.359591,28.62536362,28.84379633,0,29.01915121,51.60915191,1.84,1.313181257
8,23,9.5,395.0704225,533.8,95.2,605.4796836,32.75154216,29.39799242,0,30.9720448,45.34289741,2.364,1.313181257
8,23,10,447.8873239,643.4,104,679.6793308,36.8777207,30.22928655,0,32.95513777,36.59812438,3.79,1.313181257
8,23,10.5,510.9859155,705,112,751.5024768,40.74601308,31.15954427,0,34.37450888,30.12199532,4.491,1.313181257
8,23,11,548.4507042,751.2,118.4,802.9933352,43.84064698,31.78301487,0,35.24022459,27.36364406,4.528,1.313181257
8,23,11.5,566.9014085,770.8,121.6,825.4380684,45.38796394,32.93099248,0,35.80394645,25.91451024,4.71,1.313181257
8,23,12,573.943662,777.4,123,836.2643514,46.41950857,34.11855552,0,36.22673785,24.85514345,4.545,1.313181257
8,23,12.5,573.2394366,770.4,122.4,832.0394605,46.41950857,34.72223341,0,36.27707016,24.42540032,4.711,1.313181257
8,23,13,553.8028169,741,119.4,798.5043886,45.13007778,35.47435667,0,36.75019386,23.61588419,3.399,1.313181257
8,23,13.5,499.2957746,701,114.2,766.2895952,43.06698851,36.27596172,0,36.93139017,22.98626053,3.29,1.313181257
8,23,14,481.4084507,653,107.4,711.3660129,40.23024076,36.81036509,0,37.03205479,22.68643974,3.771,1.313181257
8,23,14.5,415.2112676,576.2,97,629.5087508,36.10406222,37.03798134,0,37.0823871,22.58649948,3.954,1.313181257
8,23,15,330.9859155,490.2,85,534.7127602,30.94633905,37.18642672,0,37.31391572,22.37662493,3.628,1.313181257
8,23,15.5,250,397.6,71.6,435.1637673,25.53072971,37.18642672,0,37.17298525,22.47656519,2.566,1.313181257
8,23,16,166.2676056,301.4,57,328.7493267,19.59934806,36.95881047,0,37.22331756,22.39661298,2.261,1.313181257
8,23,16.5,79.50704225,197,40,211.7726586,12.89430794,36.69160879,0,37.14278587,22.90630832,2.605,1.313181257
8,23,17,3.521126761,102.8,21.8,109.3190532,6.962926286,36.44419982,0,36.43813354,24.4553824,2.344,1.313181257
8,23,17.5,-40.07042254,29,5.4,33.27101619,2.06308927,36.08793091,0,35.3710886,29.40242543,1.031,1.313181257
8,23,18,-55.21126761,2.4,0.4,2.640556841,0,35.95927824,0,31.56596604,37.79740754,1.085,1.313181257
8,23,18.5,-50.63380282,0,0,0,0,35.57332025,0,28.77755613,44.44343504,1.026,1.313181257
8,23,19,-48.30985915,0,0,0,0,34.83109335,0,27.13672286,48.35109933,1.033,1.313181257
8,23,19.5,-47.81690141,0,0,0,0,34.06907373,0,26.22067484,50.98952228,0.909,1.313181257
8,23,20,-43.94366197,0,0,0,0,33.41591406,0,25.32475974,51.93895478,1.124,1.313181257
8,23,20.5,-44.15492958,0,0,0,0,32.88151068,0,25.29456035,56.93596794,1.362,1.313181257
8,23,21,-45.77464789,0,0,0,0,32.42627818,0,24.72077203,60.01412804,2.084,1.313181257
8,23,21.5,-43.52112676,0,0,0,0,32.04032019,0,23.98592032,62.65255099,1.659,1.313181257
8,23,22,-40.21126761,0,0,0,0,31.703844,0,23.65372708,62.88241359,1.495,1.313181257
8,23,22.5,-39.57746479,0,0,0,0,31.40695324,0,23.24100215,62.47265852,1.87,1.313181257
8,23,23,-38.23943662,0,0,0,0,31.12985519,0,23.13027107,62.02292733,2.355,1.313181257
8,23,23.5,-35.84507042,0,0,0,0,30.85275715,0,23.76445816,56.73608741,2.625,1.313181257
8,24,0,-37.88732394,0,0,0,0,30.53607367,0,24.23758187,54.2275868,2.455,1.313181257
8,24,0.5,-39.22535211,0,0,0,0,30.34804285,0,23.76445816,57.50562744,2.713,1.313181257
8,24,1,-40.98591549,0,0,0,0,30.15011568,0,24.05638556,55.22698943,2.884,1.313181257
8,24,1.5,-40.63380282,0,0,0,0,29.90270671,0,23.99598678,54.95715072,2.056,1.313181257
8,24,2,-38.09859155,0,0,0,0,29.78395041,0,23.37186615,56.93596794,2.491,1.313181257
8,24,2.5,-39.85915493,0,0,0,0,29.69488318,0,22.83834368,61.12346496,2.035,1.313181257
8,24,3,-39.22535211,0,0,0,0,29.60581595,0,21.95249504,64.38151754,1.396,1.313181257
8,24,3.5,-39.92957746,0,0,0,0,29.496956,0,21.15724456,68.9987577,0.738,1.313181257
8,24,4,-39.78873239,0,0,0,0,29.36830334,0,20.64385501,72.88643394,1.083,1.313181257
8,24,4.5,-38.52112676,0,0,0,0,29.20006524,0,20.18079777,76.20445068,1.027,1.313181257
8,24,5,-40.70422535,0,0,0,0,29.00213807,0,19.75800638,76.98398473,0.631,1.224514794
8,24,5.5,-40.56338028,0,0,0,0,28.83389997,0,19.50634483,77.7335367,1.14,1.224514794
8,24,6,-40,1.4,0.2,1.848389788,0,28.67555823,0,19.3553479,78.70295726,1.199,1.224514794
8,24,6.5,-25.28169014,23.8,5,25.87745704,1.547316952,28.50732013,0,19.38554729,80.25203134,1.461,1.224514794
8,24,7,17.74647887,105,22.2,99.54899289,6.18926781,28.25001481,0,20.73445317,81.35137423,2.043,1.224514794
8,24,7.5,80.63380282,200.6,41.2,198.041763,12.12064946,27.99270948,0,22.67728029,74.42551399,2.499,1.224514794
8,24,8,159.4366197,300.8,57.6,304.4562037,17.27837264,27.94322769,0,25.05296527,63.27218062,2.496,1.224514794
8,24,8.5,238.6619718,390.6,72,331.9179949,22.69398197,28.15105122,0,27.67024533,52.17881141,3.107,1.224514794
8,24,9,320.0704225,282.8,84.8,412.7190342,28.1095913,28.55680193,0,29.72380354,44.49340517,3.497,1.224514794
8,24,9.5,397.3239437,533.8,96.4,607.3280733,33.26731448,29.11099802,0,30.92171249,38.68687588,4.363,1.224514794
8,24,10,463.5915493,653,106,687.6010013,37.65137918,29.87301764,0,32.20015313,34.8591638,4.331,1.224514794
8,24,10.5,510.8450704,708,113.4,748.5978643,41.00389924,30.7438972,0,33.33766332,32.34066917,3.897,1.224514794
8,24,11,551.6901408,746.4,118.8,792.6951636,43.58276083,31.38716052,0,34.04231564,30.28189974,4.122,1.224514794
8,24,11.5,562.8873239,766.8,122,817.7804535,45.38796394,32.614309,0,34.87783197,28.72283164,3.223,1.224514794
8,24,12,573.943662,775,123.8,832.0394605,46.41950857,33.75239025,0,35.75361414,26.55412793,4.17,1.224514794
8,24,12.5,577.4647887,768.4,123,828.3426809,46.16162241,34.42534264,0,36.25693723,24.06561537,4.172,1.224514794
8,24,13,539.5070423,731.6,119,788.2062169,44.87219162,35.11808775,0,36.6595957,22.23670856,5.238,1.224514794
8,24,13.5,505.7042254,701.2,115.4,763.1209269,43.32487467,35.75145471,0,36.82065909,22.10678622,4.358,1.313181257
8,24,14,460.5633803,648,107.6,701.3318969,39.9723546,36.31554716,0,37.10252002,21.53712672,3.747,1.313181257
8,24,14.5,398.7323944,569.6,96.8,617.8903007,35.58828991,36.642127,0,37.22331756,20.92749111,3.425,1.313181257
8,24,15,329.7887324,485.4,84.8,526.7910897,30.68845289,36.86974325,0,37.22331756,21.13736566,3.819,1.313181257
8,24,15.5,247.3239437,396,72,429.3545423,25.27284356,36.88953596,0,37.25351695,21.59709087,4.058,1.313181257
8,24,16,162.3943662,294.2,56.4,316.6027652,18.82568959,36.72129787,0,36.94145663,21.88691764,3.733,1.313181257
8,24,16.5,72.67605634,190.6,38.8,201.7385426,12.37853562,36.46399254,0,36.67972863,23.10618885,3.529,1.313181257
8,24,17,7.112676056,105.2,22.2,107.9987748,6.962926286,36.1374127,0,35.98514276,24.99505982,3.282,1.313181257
8,24,17.5,-37.46478873,34.2,6.6,34.8553503,2.06308927,35.80093651,0,34.95836366,26.99386509,2.757,1.313181257
8,24,18,-49.50704225,1.8,0.2,2.376501157,0,35.49414939,0,32.98533715,32.00087227,1.99,1.313181257
8,24,18.5,-41.61971831,0,0,0,0,35.21705134,0,29.95533216,39.49639201,1.333,1.313181257
8,24,19,-33.09859155,0,0,0,0,34.69254433,0,28.54602751,44.01369191,1.125,1.313181257
8,24,19.5,-27.81690141,0,0,0,0,34.04928101,0,27.71051118,46.36228809,0.832,1.313181257
8,24,20,-41.4084507,0,0,0,0,33.49508493,0,27.35818502,50.77964772,1.514,1.313181257
8,24,20.5,-35.07042254,0,0,0,0,33.0695415,0,26.59313392,54.10765849,2.151,1.313181257
8,24,21,-28.94366197,0,0,0,0,32.69347987,0,25.73748467,52.14882933,1.573,1.313181257
8,24,21.5,-30.35211268,0,0,0,0,32.34710731,0,25.53615544,57.10586638,0.577,1.313181257
8,24,22,-26.61971831,0,0,0,0,32.06011291,0,25.28449389,55.90658322,2.117,1.313181257
8,24,22.5,-26.33802817,0,0,0,0,31.72363672,0,26.33140592,53.60795717,2.991,1.313181257
8,24,23,-37.67605634,0,0,0,0,31.43664231,0,26.43207054,52.94835143,2.985,1.313181257
8,24,23.5,-50.21126761,0,0,0,0,31.21892242,0,26.43207054,50.59975525,4.287,1.313181257
8,25,0,-55.49295775,0,0,0,0,30.99130617,0,26.72399793,47.15181617,4.003,1.313181257
8,25,0.5,-48.45070423,0,0,0,0,30.81317171,0,26.63339977,46.17240159,1.728,1.313181257
8,25,1,-42.88732394,0,0,0,0,30.793379,0,25.3348262,50.71968357,1.397,1.313181257
8,25,1.5,-45.63380282,0,0,0,0,30.73400084,0,24.26778125,56.99593209,2.234,1.313181257
8,25,2,-40.42253521,0,0,0,0,30.51628095,0,23.43226492,62.02292733,1.671,1.313181257
8,25,2.5,-32.3943662,0,0,0,0,30.32825014,0,22.48601752,67.19983296,1.36,1.313181257
8,25,3,-33.66197183,0,0,0,0,30.14021932,0,21.99276089,69.1486681,1.606,1.313181257
8,25,3.5,-32.46478873,0,0,0,0,29.92249943,0,22.18402366,69.01874575,2.436,1.313181257
8,25,4,-29.43661972,0,0,0,0,29.72457226,0,22.35515351,67.84944467,1.794,1.313181257
8,25,4.5,-30.21126761,0,0,0,0,29.55633416,0,22.19409013,72.05692975,1.851,1.224514794
8,25,5,-25.28169014,0,0,0,0,29.44747421,0,22.1739572,72.51665497,2.485,1.224514794
8,25,5.5,-31.61971831,0,0,0,0,29.32871791,0,22.45581813,71.0475331,2.152,1.224514794
8,25,6,-29.36619718,0.8,0,1.056222736,0,29.21985796,0,22.48601752,71.06752115,2.35,1.224514794
8,25,6.5,-23.87323944,14.2,2.6,19.01200925,1.031544635,29.11099802,0,22.43568521,70.82766452,1.927,1.224514794
8,25,7,21.83098592,68.2,13.6,68.91853354,4.12617854,29.0417235,0,22.53634983,71.93700144,1.486,1.224514794
8,25,7.5,45.63380282,92,17.2,98.22871447,5.931381651,28.95265628,0,23.9657874,68.11928339,2.374,1.224514794
8,25,8,55.49295775,104,19.8,106.942552,6.705040127,28.86358905,0,25.45562374,59.37451036,2.832,1.224514794
8,25,8.5,75.28169014,131.4,23.8,147.8711831,8.768129397,28.96255263,0,26.74413085,54.02770628,2.745,1.224514794
8,25,9,122.3239437,194.2,35,229.4643895,12.89430794,29.13079073,0,28.0225715,51.27934904,2.101,1.224514794
8,25,9.5,345.5633803,496.6,88.2,515.1726396,29.14113594,29.38809606,0,29.64327184,46.67210291,2.27,1.224514794
8,25,10,413.2394366,571,97,582.2427834,33.00942832,29.77405405,0,31.55589958,39.90614709,2.465,1.224514794
8,25,10.5,386.9014085,540.2,90.6,561.3823843,31.71999752,30.37773193,0,32.94507131,35.98848877,2.665,1.224514794
8,25,11,524.0140845,724.6,119.4,739.0918597,42.03544387,31.11006248,0,34.23357841,33.97968948,3.378,1.313181257
8,25,11.5,412.1830986,563,93.4,595.1815119,33.78308679,32.01063112,0,34.65636981,33.88974325,3.516,1.313181257
8,25,12,506.4788732,696.2,113.6,733.810746,41.77755771,33.05964514,0,35.2905569,33.46999414,2.977,1.313181257
8,25,12.5,534.7887324,722.6,118,759.4241474,43.32487467,33.89093927,0,36.10594031,32.80039438,3.231,1.313181257
8,25,13,517.7464789,696.8,115,732.2264119,42.55121619,34.65295889,0,36.45826647,31.47118888,3.226,1.313181257
8,25,13.5,468.0985915,646.2,108.6,677.3028296,39.19869613,35.3951858,0,36.63946278,30.31188182,3.041,1.313181257
8,25,14,393.7323944,546.4,92,582.2427834,33.52520064,35.99886368,0,36.81059263,30.42181611,2.699,1.313181257
8,25,14.5,184.6478873,293.2,49.6,343.2723893,19.59934806,36.48378526,0,36.317336,32.2007528,2.182,1.313181257
8,25,15,239.1549296,368.2,65.6,383.9369646,22.69398197,36.642127,0,36.76026032,31.05143977,2.352,1.313181257
8,25,15.5,178.1690141,300.2,56.2,298.9110344,17.79414495,36.26606536,0,36.70992801,31.38124264,1.628,1.313181257
8,25,16,130.4929577,246.2,47.8,246.0998975,14.44162489,36.12751634,0,37.12265295,30.40182806,1.019,1.313181257
8,25,16.5,58.45070423,158.8,32,159.2255775,10.05756019,35.97907096,0,36.45826647,31.14138601,0.983,1.313181257
8,25,17,11.4084507,89.8,18.2,88.72270985,5.673495492,35.95927824,0,36.00527569,34.65928327,0.937,1.313181257
8,25,17.5,-24.50704225,31,6,29.8382923,1.805203111,35.81083286,0,34.78723381,40.9355318,1.171,1.313181257
8,25,18,-42.18309859,1.4,0.2,1.848389788,0,35.59311297,0,32.78400792,44.51339322,2.451,1.313181257
8,25,18.5,-42.81690141,0,0,0,0,35.00922781,0,31.61629835,48.16121283,2.869,1.313181257
8,25,19,-39.08450704,0,0,0,0,34.32637906,0,30.74051618,50.25995835,2.211,1.313181257
8,25,19.5,-40.56338028,0,0,0,0,33.75239025,0,30.04593031,53.14823196,3.472,1.313181257
8,25,20,-40.91549296,0,0,0,0,33.25757232,0,29.35134445,55.71669672,2.795,1.313181257
8,25,20.5,-27.46478873,0,0,0,0,32.91119976,0,28.72722382,58.19521525,2.34,1.313181257
8,25,21,-27.3943662,0,0,0,0,32.60441264,0,28.2842995,59.93417583,1.494,1.313181257
8,25,21.5,-30.21126761,0,0,0,0,32.41638183,0,27.72057764,62.45267046,1.712,1.313181257
8,25,22,-24.71830986,0,0,0,0,32.20855829,0,27.26758686,65.11108146,1.823,1.313181257
8,25,22.5,-24.08450704,0,0,0,0,31.97104568,0,27.64004595,64.09169078,1.863,1.313181257
8,25,23,-20.77464789,0,0,0,0,31.74342943,0,26.99579239,67.74950441,1.279,1.313181257
8,25,23.5,-30.14084507,0,0,0,0,31.58508769,0,27.24745394,66.84004802,4.536,1.313181257
8,26,0,-34.92957746,0,0,0,0,31.32778237,0,27.40851733,70.82766452,5.851,1.313181257
8,26,0.5,-34.64788732,0,0,0,0,31.2486115,0,26.37167176,76.5542416,4.858,1.313181257
8,26,1,-38.16901408,0,0,0,0,31.20902606,0,25.52608898,76.87405044,4.647,1.313181257
8,26,1.5,-45.56338028,0,0,0,0,31.10016612,0,24.84156957,76.00457015,3.967,1.313181257
8,26,2,-39.01408451,0,0,0,0,30.9121353,0,24.41877818,76.04454626,3.365,1.313181257
8,26,2.5,-40.98591549,0,0,0,0,30.68451905,0,24.10671786,77.10391305,2.67,1.313181257
8,26,3,-39.71830986,0,0,0,0,30.51628095,0,23.72419232,79.20265857,1.934,1.313181257
8,26,3.5,-35.42253521,0,0,0,0,30.36783557,0,23.4926637,80.65179239,1.76,1.313181257
8,26,4,-36.76056338,0,0,0,0,30.21939019,0,23.21080277,82.35077686,1.757,1.313181257
8,26,4.5,-42.53521127,0,0,0,0,30.06104845,0,22.79807783,84.54946265,3.041,1.313181257
8,26,5,-44.29577465,0,0,0,0,29.88291399,0,22.70747968,85.04916397,2.944,1.313181257
8,26,5.5,-44.85915493,0,0,0,0,29.7146759,0,22.28468828,84.94922371,3.288,1.313181257
8,26,6,-44.15492958,1.4,0.2,1.584334104,0,29.57612687,0,22.01289381,83.65000028,2.72,1.313181257
8,26,6.5,-29.85915493,20,4.2,23.76501157,1.547316952,29.43757785,0,21.86189689,84.04976134,2.369,1.313181257
8,26,7,10.56338028,84.6,17.6,83.44159616,5.157723175,29.24954704,0,22.01289381,83.84988081,1.778,1.313181257
8,26,7.5,71.12676056,173.2,35.6,171.6361946,10.57333251,29.01203443,0,22.49608398,81.45131449,2.87,1.313181257
8,26,8,141.6197183,264.2,51.2,267.488408,15.47316952,28.96255263,0,23.09000522,75.77470755,4.066,1.313181257
8,26,8.5,220.2816901,338.6,66.2,326.9009369,21.14666502,29.00213807,0,23.81479047,71.36734194,4.384,1.313181257
8,26,9,294.3661972,323.2,79.2,415.8877024,26.56227435,29.17037617,0,24.5194428,69.04872783,4.253,1.313181257
8,26,9.5,366.971831,497.2,91.2,565.6072753,31.97788368,29.59591959,0,25.15362989,67.08989867,4.138,1.313181257
8,26,10,428.2394366,599.8,99.2,640.5990895,35.84617606,30.19959747,0,25.60662067,66.20043033,4.431,1.313181257
8,26,10.5,481.5492958,661.8,108,707.4051776,39.71446845,30.9121353,0,26.0998773,64.35153546,4.157,1.313181257
8,26,11,523.8732394,708,114.6,759.4241474,42.80910235,31.57519133,0,26.88506132,61.77307667,4.458,1.313181257
8,26,11.5,544.5070423,735.6,118.6,791.1108295,44.87219162,32.56482721,0,27.78097641,59.10467165,4.182,1.313181257
8,26,12,554.5070423,752.6,121.8,809.858783,46.16162241,33.42581041,0,28.57622689,57.12585444,4.226,1.313181257
8,26,12.5,541.2676056,736.4,119.4,791.9029965,45.38796394,34.09876281,0,28.69702444,56.73608741,4.604,1.313181257
8,26,13,513.8732394,705.4,115.4,760.2163144,44.09853314,34.8904715,0,29.07954998,55.9365653,4.334,1.313181257
8,26,13.5,487.9577465,662.8,110,725.6250198,42.03544387,35.42487487,0,29.83453462,54.14763459,4.549,1.313181257
8,26,14,441.8309859,611.4,102.4,665.9484352,38.94080997,35.82072922,0,30.24725955,53.43805872,4.816,1.313181257
8,26,14.5,377.8169014,527.6,90.4,578.0178924,34.04097295,36.06813819,0,30.34792417,53.87779588,4.994,1.313181257
8,26,15,327.3943662,467.8,83,503.5541895,29.91479441,36.10772363,0,30.01573093,55.5567923,5.707,1.313181257
8,26,15.5,237.8169014,363.4,66.8,390.5383567,23.20975429,36.0186564,0,29.83453462,56.72609338,5.591,1.313181257
8,26,16,126.4084507,220,40.8,249.5326214,14.69951105,35.84052194,0,29.37147737,57.73549004,5.592,1.313181257
8,26,16.5,68.30985915,148.6,28.8,163.4504684,10.05756019,35.53373482,0,28.89835367,58.82483891,5.711,1.313181257
8,26,17,21.76056338,83.8,16.6,86.082153,5.415609333,35.07850232,0,28.51582812,59.75428336,4.837,1.313181257
8,26,17.5,-34.01408451,20.8,4,25.34934567,1.547316952,34.66285525,0,27.87157457,61.47325588,4.652,1.313181257
8,26,18,-53.45070423,2.2,0.4,2.640556841,0,34.21751911,0,27.14678932,63.25219257,3.721,1.313181257
8,26,18.5,-54.29577465,0,0,0,0,33.73259753,0,26.40187115,66.08050202,3.333,1.313181257
8,26,19,-54.57746479,0,0,0,0,33.26746867,0,25.60662067,67.84944467,4.585,1.313181257
8,26,19.5,-54.71830986,0,0,0,0,32.84192525,0,24.87176896,68.6189847,4.569,1.313181257
8,26,20,-54.22535211,0,0,0,0,32.4460709,0,24.29798064,68.9587816,4.129,1.313181257
8,26,20.5,-54.08450704,0,0,0,0,32.05021655,0,23.81479047,69.29857849,4.709,1.313181257
8,26,21,-51.1971831,0,0,0,0,31.71374036,0,23.31146738,69.42850083,4.893,1.313181257
8,26,21.5,-55.07042254,0,0,0,0,31.39705688,0,22.84841014,70.03813644,4.695,1.313181257
8,26,22,-45.42253521,0,0,0,0,31.12985519,0,22.33502059,70.6677601,4.152,1.313181257
8,26,22.5,-52.3943662,0,0,0,0,30.85275715,0,21.80149812,70.50785568,4.288,1.313181257
8,26,23,-55.77464789,0,0,0,0,30.60534818,0,21.1471781,70.19804086,4.13,1.313181257
8,26,23.5,-55.28169014,0,0,0,0,30.32825014,0,20.60358916,69.87823202,3.783,1.313181257
8,27,0,-55.42253521,0,0,0,0,30.04125573,0,20.20093069,68.50905041,3.97,1.313181257
8,27,0.5,-55.56338028,0,0,0,0,29.77405405,0,19.66740822,68.39911612,3.817,1.313181257
8,27,1,-55.49295775,0,0,0,0,29.52664508,0,19.25468329,67.63957012,3.486,1.313181257
8,27,1.5,-54.92957746,0,0,0,0,29.27923611,0,18.84195835,68.10928936,2.967,1.313181257
8,27,2,-54.43661972,0,0,0,0,29.10110166,0,18.16750541,71.36734194,2.949,1.313181257
8,27,2.5,-53.8028169,0,0,0,0,28.90317448,0,17.73464756,70.97757491,3.494,1.313181257
8,27,3,-54.01408451,0,0,0,0,28.66566187,0,17.54338478,70.16805878,3.632,1.313181257
8,27,3.5,-54.01408451,0,0,0,0,28.45783834,0,17.25145739,70.11808865,3.834,1.313181257
8,27,4,-52.18309859,0,0,0,0,28.26980752,0,16.91926415,70.38792736,2.776,1.313181257
8,27,4.5,-50.49295775,0,0,0,0,28.10156943,0,16.7481343,69.76829773,2.256,1.313181257
8,27,5,-48.16901408,0,0,0,0,27.94322769,0,16.47633984,71.13747933,1.556,1.313181257
8,27,5.5,-45.70422535,0,0,0,0,27.82447138,0,16.22467829,72.35675054,1.733,1.313181257
8,27,6,-46.33802817,1.8,0.4,2.112445473,0.257886159,27.69581872,0,15.99314967,74.13568723,2.627,1.313181257
8,27,6.5,-30.70422535,23.2,4.8,26.14151272,1.547316952,27.51768426,0,15.97301675,73.76590826,2.335,1.313181257
8,27,7,11.54929577,92.2,19,88.45865416,5.673495492,27.27027529,0,16.62733676,71.32736583,2.473,1.313181257
8,27,7.5,74.01408451,180,36.6,177.4454197,11.08910483,27.0525554,0,17.33198909,68.31916391,2.661,1.313181257
8,27,8,147.0422535,276.8,53,278.0506353,15.98894184,27.00307361,0,18.11717311,64.70132638,3.269,1.313181257
8,27,8.5,222.4647887,337.6,67.4,326.9009369,21.66243733,27.09214084,0,18.90235712,61.36332159,3.423,1.313181257
8,27,9,290.2816901,329.2,79.2,407.4379205,26.30438819,27.30986073,0,19.71774053,58.7848628,2.926,1.313181257
8,27,9.5,370.1408451,507.2,92.8,572.7367787,32.23576984,27.77498959,0,20.49285809,56.99593209,2.384,1.313181257
8,27,10,438.8732394,625,103.2,660.6673215,37.13560686,28.59638736,0,21.53977011,54.36750317,2.461,1.313181257
8,27,10.5,486.971831,685.6,111.2,729.3217994,41.00389924,29.38809606,0,22.64708091,51.5291997,2.914,1.313181257
8,27,11,526.5492958,728.4,117.4,778.1721009,43.84064698,30.07094481,0,23.66379355,48.25115906,3.454,1.313181257
8,27,11.5,546.056338,752.6,121.2,805.8979478,45.6458501,31.25850786,0,24.4389111,46.67210291,3.234,1.313181257
8,27,12,549.2253521,757,122.2,813.0274512,46.67739473,32.31741824,0,25.2039622,45.46282572,3.634,1.313181257
8,27,12.5,537.2535211,745,120.8,800.0887227,45.90373625,33.10912694,0,26.20054191,44.00369788,3.127,1.313181257
8,27,13,513.4507042,711.6,117.2,766.5536508,44.87219162,33.85135384,0,26.9152607,43.46402046,3.09,1.313181257
8,27,13.5,480.1408451,674.8,111.4,732.2264119,42.55121619,34.52430623,0,27.4689161,42.87437291,3.535,1.313181257
8,27,14,444.1549296,625.6,104.6,680.9996092,39.9723546,34.93005694,0,27.9420398,42.51458796,3.779,1.313181257
8,27,14.5,383.8732394,554.8,94.8,605.4796836,35.84617606,35.19725862,0,28.40509704,42.39465964,3.928,1.313181257
8,27,15,314.7887324,470.8,83,514.3804726,30.68845289,35.36549672,0,28.65675859,42.87437291,3.515,1.313181257
8,27,15.5,240.9859155,380.6,69.6,415.6236467,25.0149574,35.24674042,0,28.92855306,43.05426538,3.417,1.313181257
8,27,16,154.9295775,276.4,53,301.8156469,18.30991727,35.06860596,0,28.76748967,44.08365009,3.669,1.313181257
8,27,16.5,79.50704225,182.2,37,197.5136517,12.37853562,34.83109335,0,28.54602751,44.93314233,3.616,1.313181257
8,27,17,9.436619718,93.8,19.8,100.0771043,6.447153968,33.93052471,0,28.10310319,45.94253899,3.495,1.313181257
8,27,17.5,-36.61971831,30,6,33.53507188,2.06308927,33.24767596,0,27.36825148,48.07126659,3.112,1.313181257
8,27,18,-55.56338028,2.8,0.4,2.904612525,0,33.0695415,0,26.40187115,51.19939683,1.965,1.313181257
8,27,18.5,-51.33802817,0,0,0,0,32.85182161,0,25.40529143,54.33752109,1.448,1.313181257
8,27,19,-46.83098592,0,0,0,0,32.47575998,0,24.54964218,57.75547809,1.769,1.313181257
8,27,19.5,-43.30985915,0,0,0,0,32.07000927,0,23.65372708,61.4032977,2.03,1.313181257
8,27,20,-43.09859155,0,0,0,0,31.69394764,0,23.04973938,64.10168481,1.993,1.313181257
8,27,20.5,-40.84507042,0,0,0,0,31.30798965,0,22.55648275,66.79007789,2.609,1.313181257
8,27,21,-43.8028169,0,0,0,0,30.90223894,0,22.8584766,63.63196557,3.099,1.313181257
8,27,21.5,-48.16901408,0,0,0,0,30.49648823,0,23.09000522,61.99294525,3.194,1.313181257
8,27,22,-50.28169014,0,0,0,0,30.20949383,0,23.02960645,60.17403246,3.156,1.313181257
8,27,22.5,-46.90140845,0,0,0,0,30.01156666,0,22.81821076,60.59378157,2.45,1.313181257
8,27,23,-44.43661972,0,0,0,0,29.91260307,0,22.02296028,63.97176246,1.824,1.313181257
8,27,23.5,-44.85915493,0,0,0,0,29.8334322,0,21.10691225,68.16925352,1.045,1.313181257
8,28,0,-44.43661972,0,0,0,0,29.6651941,0,20.36199408,71.96698352,0.684,1.313181257
8,28,0.5,-42.95774648,0,0,0,0,29.44747421,0,19.71774053,75.02515557,1.024,1.313181257
8,28,1,-41.76056338,0,0,0,0,29.24954704,0,19.36541437,77.18386526,2.072,1.313181257
8,28,1.5,-40.98591549,0,0,0,0,28.99224171,0,19.81840515,74.89523323,2.899,1.313181257
8,28,2,-43.09859155,0,0,0,0,28.71514367,0,19.94926915,72.65657133,3.003,1.313181257
8,28,2.5,-44.36619718,0,0,0,0,28.53700921,0,19.89893684,72.51665497,2.934,1.313181257
8,28,3,-46.90140845,0,0,0,0,28.42814926,0,19.87880392,71.52724636,3.133,1.313181257
8,28,3.5,-47.88732394,0,0,0,0,28.30939296,0,19.95933561,69.87823202,3.245,1.313181257
8,28,4,-48.16901408,0,0,0,0,28.19063665,0,19.96940207,69.27859044,2.734,1.313181257
8,28,4.5,-47.74647887,0,0,0,0,28.10156943,0,19.60700945,71.28738973,2.721,1.313181257
8,28,5,-45.28169014,0,0,0,0,28.04219127,0,19.13388575,73.37614123,1.865,1.313181257
8,28,5.5,-42.6056338,0,0,0,0,27.98281312,0,18.76142666,75.69475533,2.072,1.313181257
8,28,6,-20.49295775,1.6,0.2,1.848389788,0,27.87395318,0,18.65069558,75.69475533,1.321,1.313181257
8,28,6.5,-16.76056338,28.6,6.2,29.57423662,2.06308927,27.75519687,0,18.81175897,76.38434315,1.45,1.313181257
8,28,7,19.36619718,103.6,22,100.8692713,6.447153968,27.56716606,0,19.4358796,75.01516155,1.112,1.313181257
8,28,7.5,77.95774648,190.2,39,190.1200925,11.8627633,27.36923888,0,20.56332332,72.26680431,1.073,1.313181257
8,28,8,149.9295775,277.2,53.6,284.9160831,16.76260032,27.37913524,0,21.46930488,66.27038852,1.284,1.313181257
8,28,8.5,137.1830986,230.4,42.4,250.3247885,15.21528337,27.58695877,0,22.5162169,58.80485086,0.829,1.313181257
8,28,9,338.8028169,417,88.6,468.6988392,29.91479441,27.92343497,0,23.93558801,56.98593807,1.25,1.313181257
8,28,9.5,388.1690141,545.6,96.4,600.9907369,34.04097295,28.4677347,0,25.1234305,50.74966564,1.523,1.313181257
8,28,10,449.084507,639.2,105.2,680.4714978,38.42503765,29.33861427,0,26.18040899,45.47281975,1.879,1.313181257
8,28,10.5,493.0985915,693.6,112.4,738.2996926,42.03544387,30.34804285,0,27.06625763,42.06485677,2.38,1.313181257
8,28,11,477.6056338,668.4,108.2,721.1360732,41.00389924,31.20902606,0,27.97223919,39.32649356,2.013,1.313181257
8,28,11.5,445.5633803,622.8,103.6,654.5940408,37.90926533,32.07990563,0,28.66682505,39.12661304,1.669,1.313181257
8,28,12,571.8309859,781.6,127.2,833.0956832,48.22471168,33.08933422,0,29.71373708,38.18717456,2.21,1.313181257
8,28,12.5,507.6760563,700.8,114,757.8398133,44.09853314,34.0294883,0,30.21706016,37.54755688,1.841,1.313181257
8,28,13,532.2535211,732.8,121.6,788.4702726,46.16162241,34.85088607,0,31.14317465,35.92852461,2.014,1.313181257
8,28,13.5,492.3943662,687.4,113.6,744.3729734,43.84064698,35.59311297,0,32.08942206,34.56933704,2.316,1.313181257
8,28,14,441.6197183,624.6,104.6,677.830941,40.23024076,36.10772363,0,32.46188114,34.49937885,2.176,1.313181257
8,28,14.5,381.1971831,552.2,94.8,599.1423471,35.84617606,36.5926452,0,32.72360915,34.46939677,2.088,1.313181257
8,28,15,313.2394366,469,82.8,509.6274702,30.68845289,36.63223064,0,33.13633408,34.52936093,2.374,1.313181257
8,28,15.5,229.5070423,369,67.8,398.1959716,24.24129892,36.48378526,0,33.17659993,34.61930717,3.188,1.313181257
8,28,16,154.1549296,278.4,53.4,301.2875355,18.30991727,36.24627265,0,32.83434023,35.39884122,3.454,1.313181257
8,28,16.5,75.49295775,181.6,37,195.1371505,12.12064946,35.8504183,0,32.66321038,35.68866798,3.39,1.313181257
8,28,17,8.38028169,92,19.2,97.7006031,6.447153968,35.43477123,0,31.9988239,39.27652343,3.565,1.313181257
8,28,17.5,-37.3943662,27.8,5.4,31.15857072,2.06308927,35.0587096,0,30.64991802,42.49459991,2.776,1.313181257
8,28,18,-57.32394366,2.2,0.4,2.376501157,0,34.53420259,0,29.42180968,46.17240159,2.683,1.313181257
8,28,18.5,-52.95774648,0,0,0,0,33.94042107,0,28.33463181,49.76025704,2.453,1.313181257
8,28,19,-46.4084507,0,0,0,0,33.38622498,0,27.22732102,53.4680408,2.67,1.313181257
8,28,19.5,-46.1971831,0,0,0,0,32.88151068,0,26.74413085,55.68671465,3.293,1.313181257
8,28,20,-43.38028169,0,0,0,0,32.36690003,0,26.49246931,57.15583651,2.728,1.313181257
8,28,20.5,-41.05633803,0,0,0,0,32.04032019,0,25.72741821,59.67433115,1.108,1.313181257
8,28,21,-39.01408451,0,0,0,0,31.78301487,0,25.09323112,62.47265852,1.839,1.313181257
8,28,21.5,-40.07042254,0,0,0,0,31.49602046,0,24.31811356,65.81066331,2.133,1.313181257
8,28,22,-39.57746479,0,0,0,0,31.22881878,0,24.01611971,68.08930131,2.384,1.313181257
8,28,22.5,-39.57746479,0,0,0,0,30.94182438,0,23.78459109,69.43849486,1.003,1.313181257
8,28,23,-34.71830986,0,0,0,0,30.65482997,0,23.45239785,70.92760478,0.522,1.313181257
8,28,23.5,-37.04225352,0,0,0,0,30.44700644,0,22.83834368,73.71593812,1.414,1.313181257
8,29,0,-35.35211268,0,0,0,0,30.27876834,0,22.35515351,77.55364423,1.009,1.313181257
8,29,0.5,-37.18309859,0,0,0,0,30.11053025,0,22.11355843,80.05215081,1.009,1.313181257
8,29,1,-38.16901408,0,0,0,0,29.93239579,0,21.7008335,81.25143397,0.781,1.313181257
8,29,1.5,-34.01408451,0,0,0,0,29.75426133,0,21.28810857,82.85047818,0.659,1.313181257
8,29,2,-28.94366197,0,0,0,0,29.59591959,0,21.18744395,83.94982107,0.598,1.313181257
8,29,2.5,-21.12676056,0,0,0,0,29.44747421,0,21.38877318,84.34958213,1.803,1.313181257
8,29,3,-35.91549296,0,0,0,0,29.30892519,0,21.7008335,83.55006002,1.837,1.313181257
8,29,3.5,-21.26760563,0,0,0,0,29.21985796,0,21.47937134,83.55006002,1.187,1.313181257
8,29,4,-15.56338028,0,0,0,0,29.15058345,0,21.60016888,84.1497016,1.62,1.313181257
8,29,4.5,-19.22535211,0,0,0,0,29.0912053,0,21.59010242,84.34958213,0.796,1.313181257
8,29,5,-26.05633803,0,0,0,0,29.0417235,0,21.45923842,84.1497016,1.342,1.313181257
8,29,5.5,-21.4084507,0,0,0,0,29.01203443,0,21.33844087,84.54946265,0.474,1.313181257
8,29,6,-19.43661972,1.6,0.2,1.848389788,0,28.96255263,0,21.34850734,85.34898476,0.566,1.313181257
8,29,6.5,-10.49295775,29,5.8,30.89451504,2.06308927,28.91307084,0,21.4894378,86.0485666,0.61,1.313181257
8,29,7,15.70422535,87.8,18.6,86.34620869,5.673495492,28.76462546,0,21.99276089,86.14850686,1.15,1.313181257
8,29,7.5,77.04225352,180.6,37,176.389197,11.08910483,28.52711285,0,22.73767906,82.35077686,1.21,1.313181257
8,29,8,134.084507,252.4,48.2,261.1510715,15.47316952,28.45783834,0,23.76445816,76.32437899,1.563,1.313181257
8,29,8.5,235.8450704,329.4,70.2,337.1991085,23.20975429,28.57659464,0,25.2039622,70.21802891,1.317,1.313181257
8,29,9,317.8169014,399.6,83.8,467.1145051,29.14113594,28.9229672,0,26.74413085,60.76368002,1.762,1.313181257
8,29,9.5,387.1126761,548.4,95,593.0690664,33.78308679,29.52664508,0,28.05277088,56.21639804,1.649,1.313181257
8,29,10,445.5633803,637.6,104.2,665.9484352,38.16715149,30.51628095,0,29.27081276,52.35870388,1.579,1.313181257
8,29,10.5,465.4225352,659.8,107,694.2023934,39.71446845,31.44653867,0,30.4183894,48.99071701,1.263,1.313181257
8,29,11,532.6056338,750.2,120.6,784.773493,45.38796394,32.14918014,0,31.79749466,44.8831722,1.887,1.313181257
8,29,11.5,555.7042254,762.6,121.8,805.6338921,46.67739473,33.53467036,0,32.82427377,42.13481496,1.753,1.313181257
8,29,12,558.8028169,765,122.6,809.3306717,47.19316705,34.69254433,0,33.7101224,40.39585438,1.955,1.313181257
8,29,12.5,547.8169014,761,122,801.9371125,47.19316705,35.63269841,0,34.18324611,38.43702522,1.808,1.313181257
8,29,13,534.4366197,723,118.4,776.3237111,45.90373625,36.23637629,0,35.44155383,36.07843501,2.008,1.313181257
8,29,13.5,491.4084507,689.4,112.4,736.9794142,43.84064698,36.73119422,0,35.89454461,34.94911004,1.73,1.313181257
8,29,14,456.5492958,632.6,105,677.830941,40.23024076,37.44373205,0,36.20660492,34.35946248,2.326,1.313181257
8,29,14.5,394.2957746,562,95.4,603.1031824,36.36194838,37.80000097,0,36.27707016,33.03025698,2.509,1.313181257
8,29,15,328.028169,480,84,516.492918,31.20422521,37.77031189,0,36.69986155,31.6310933,2.62,1.313181257
8,29,15.5,240.7746479,385.4,70,414.8314797,25.53072971,37.66145194,0,36.48846585,32.37065125,2.854,1.313181257
8,29,16,159.3661972,286.2,54.6,306.8327049,18.82568959,37.52290292,0,36.00527569,33.58992246,3.338,1.313181257
8,29,16.5,79.43661972,186.4,37.8,199.0979858,12.63642178,37.23590852,0,35.53215198,34.16957598,3.557,1.313181257
8,29,17,13.38028169,99.2,20.6,104.5660509,6.962926286,36.75098694,0,34.95836366,36.16838125,2.951,1.313181257
8,29,17.5,-31.61971831,31.2,6.2,33.53507188,2.320975429,36.23637629,0,33.93158456,39.77622475,2.73,1.313181257
8,29,18,-51.90140845,2,0.2,2.376501157,0,35.79104015,0,32.45181468,44.66330362,3.369,1.313181257
8,29,18.5,-54.57746479,0,0,0,0,35.25663678,0,31.07270942,51.62913996,3.526,1.313181257
8,29,19,-48.5915493,0,0,0,0,34.68264797,0,29.87480046,53.63793925,2.313,1.313181257
8,29,19.5,-44.29577465,0,0,0,0,34.18783003,0,28.78762259,56.89599183,0.991,1.313181257
8,29,20,-40.91549296,0,0,0,0,33.79197569,0,27.52931487,62.09288552,1.549,1.313181257
8,29,20.5,-38.66197183,0,0,0,0,33.36643226,0,27.01592532,63.74189986,1.514,1.313181257
8,29,21,-38.52112676,0,0,0,0,32.9507852,0,26.19047545,67.36973141,1.729,1.313181257
8,29,21.5,-36.61971831,0,0,0,0,32.59451628,0,25.6770859,69.76829773,1.683,1.313181257
8,29,22,-36.33802817,0,0,0,0,32.25804009,0,25.15362989,70.59780191,1.803,1.313181257
8,29,22.5,-37.74647887,0,0,0,0,31.96114932,0,24.89190188,72.95639212,1.149,1.313181257
8,29,23,-35.07042254,0,0,0,0,31.72363672,0,24.21744894,75.16507194,1.065,1.313181257
8,29,23.5,-34.64788732,0,0,0,0,31.48612411,0,23.9657874,75.85465976,1.262,1.313181257
8,30,0,-33.52112676,0,0,0,0,31.26840421,0,23.90538863,76.16447457,2.527,1.313181257
8,30,0.5,-34.57746479,0,0,0,0,30.98140981,0,24.63017388,73.31617707,1.855,1.313181257
8,30,1,-33.23943662,0,0,0,0,30.793379,0,24.41877818,73.26620694,1.3,1.313181257
8,30,1.5,-23.94366197,0,0,0,0,30.71420813,0,23.78459109,76.5942177,1.633,1.313181257
8,30,2,-19.71830986,0,0,0,0,30.6251409,0,23.61346124,77.91342918,1.846,1.313181257
8,30,2.5,-23.5915493,0,0,0,0,30.47669552,0,23.98592032,78.72294531,2.309,1.313181257
8,30,3,-25.56338028,0,0,0,0,30.30845742,0,24.04631909,77.79350086,1.308,1.313181257
8,30,3.5,-19.22535211,0,0,0,0,30.21939019,0,23.94565448,78.55304686,1.017,1.313181257
8,30,4,-19.64788732,0,0,0,0,30.15011568,0,23.93558801,79.29260481,1.334,1.313181257
8,30,4.5,-29.78873239,0,0,0,0,30.10063389,0,23.97585386,80.55185213,1.225,1.313181257
8,30,5,-33.5915493,0,0,0,0,30.04125573,0,23.46246431,81.95101581,0.403,1.313181257
8,30,5.5,-33.02816901,0,0,0,0,29.95218851,0,23.04973938,83.05035871,0.614,1.313181257
8,30,6,-25.63380282,1.4,0.2,2.112445473,0,29.82353584,0,22.70747968,84.04976134,1.122,1.313181257
8,30,6.5,-4.295774648,21.4,4.2,23.50095588,1.547316952,29.69488318,0,22.87860953,84.64940292,2.292,1.313181257
8,30,7,49.36619718,108.6,23,99.81304858,6.447153968,29.53654144,0,23.64366062,83.15029897,2.263,1.313181257
8,30,7.5,83.38028169,158.8,31,166.0910253,10.83121867,29.3781997,0,24.61004095,78.47309465,1.533,1.313181257
8,30,8,90.63380282,153.2,27.8,173.4845844,10.57333251,29.48705965,0,25.28449389,74.91522128,1.22,1.313181257
8,30,8.5,171.7605634,224.6,49.8,278.8428024,17.53625879,29.65529774,0,26.34147238,71.76710299,1.213,1.313181257
8,30,9,325.4225352,429.8,85.8,468.4347835,29.3990221,29.70477954,0,27.96217273,66.32035865,1.66,1.313181257
8,30,9.5,388.3802817,554.6,95.2,585.1473959,33.78308679,30.16001204,0,29.68353769,59.27457009,1.998,1.313181257
8,30,10,336.056338,480.2,80.8,519.6615862,29.91479441,30.90223894,0,31.26397219,52.74847091,2.11,1.313181257
8,30,10.5,439.8591549,620.4,102.6,658.0267647,38.16715149,31.55539862,0,32.33101714,50.18000614,1.559,1.313181257
8,30,11,539.7887324,744.8,120.4,784.2453817,45.6458501,32.45596726,0,33.85105287,45.43284364,1.52,1.313181257
8,30,11.5,547.5352113,753.8,122.4,791.9029965,46.41950857,33.85135384,0,34.65636981,41.73505391,1.933,1.313181257
8,30,12,523.8028169,716,117.2,757.0476462,44.61430546,34.94984966,0,35.67308245,38.72685198,2.125,1.313181257
8,30,12.5,455.4929577,634,105,677.830941,40.23024076,35.45456395,0,35.90461107,36.92792725,2.168,1.313181257
8,30,13,526.5492958,713.8,118.6,761.5365928,45.38796394,36.18689449,0,36.43813354,35.24893082,2.023,1.313181257
8,30,13.5,485.7746479,680.2,112.4,722.7204073,43.32487467,36.85984689,0,36.97165602,33.54994635,1.723,1.313181257
8,30,14,435.6338028,623.4,104.6,665.1562682,39.9723546,37.51300656,0,37.48504557,31.32127848,1.866,1.313181257
8,30,14.5,378.8028169,554.2,95.2,590.4285096,35.84617606,37.92865363,0,37.75684004,29.62229401,1.384,1.313181257
8,30,15,308.028169,463.6,82,492.1997951,30.17268057,38.21564803,0,37.73670711,29.70224622,1.744,1.313181257
8,30,15.5,233.3802817,378.2,69.6,402.9489739,25.0149574,37.99792814,0,38.08903328,28.65287345,1.657,1.313181257
8,30,16,155.7042254,283,54.4,301.5515912,18.82568959,37.82969004,0,37.77697296,29.53234777,1.389,1.313181257
8,30,16.5,85.84507042,195,39.6,201.4744869,12.63642178,37.54269564,0,37.62597603,29.66227011,0.867,1.313181257
8,30,17,1.549295775,78.8,15.8,85.55404164,5.673495492,37.30518303,0,37.62597603,30.40182806,0.805,1.313181257
8,30,17.5,-36.33802817,18.2,3.6,20.33228767,1.289430794,37.25570124,0,35.27042398,38.29710885,2.417,1.313181257
8,30,18,-48.09859155,1,0,1.584334104,0,36.84005417,0,33.54905901,44.5033992,3.019,1.313181257
8,30,18.5,-43.23943662,0,0,0,0,36.05824183,0,32.16995375,47.95133828,2.868,1.313181257
8,30,19,-42.95774648,0,0,0,0,35.32591129,0,31.35457035,50.4298568,2.842,1.313181257
8,30,19.5,-42.18309859,0,0,0,0,34.67275161,0,30.84118079,54.08767043,3.206,1.313181257
8,30,20,-41.4084507,0,0,0,0,34.1482446,0,30.25732601,55.84661907,2.472,1.313181257
8,30,20.5,-34.71830986,0,0,0,0,33.80187205,0,29.46207553,58.84482696,1.522,1.313181257
8,30,21,-36.12676056,0,0,0,0,33.53467036,0,28.42522997,63.16224633,1.511,1.313181257
8,30,21.5,-38.30985915,0,0,0,0,33.25757232,0,27.61991303,67.2897792,1.353,1.313181257
8,30,22,-34.29577465,0,0,0,0,32.98047427,0,26.74413085,70.76770036,0.731,1.313181257
8,30,22.5,-37.04225352,0,0,0,0,32.68358351,0,26.08981083,74.04574099,1.121,1.313181257
8,30,23,-34.85915493,0,0,0,0,32.42627818,0,25.53615544,76.79409823,1.375,1.313181257
8,30,23.5,-32.88732394,0,0,0,0,32.16897286,0,25.11336404,78.03335749,1.572,1.313181257
8,31,0,-19.57746479,0,0,0,0,31.93146025,0,25.02276589,78.90283778,1.137,1.313181257
8,31,0.5,-16.05633803,0,0,0,0,31.72363672,0,25.22409512,78.95280791,1.64,1.313181257
8,31,1,-28.30985915,0,0,0,0,31.52570954,0,25.51602251,79.39254507,2.071,1.313181257
8,31,1.5,-37.32394366,0,0,0,0,31.37726416,0,25.18382927,78.16327984,1.898,1.313181257
8,31,2,-33.66197183,0,0,0,0,31.25850786,0,24.79123727,78.51307076,0.516,1.313181257
8,31,2.5,-34.01408451,0,0,0,0,31.13975155,0,24.41877818,80.3519716,1.785,1.313181257
8,31,3,-32.88732394,0,0,0,0,31.01109889,0,24.08658494,82.05095607,1.191,1.313181257
8,31,3.5,-34.36619718,0,0,0,0,30.85275715,0,23.86512278,83.35017949,1.634,1.313181257
8,31,4,-33.09859155,0,0,0,0,30.69441541,0,23.67386001,84.04976134,1.447,1.313181257
8,31,4.5,-33.8028169,0,0,0,0,30.53607367,0,23.35173323,84.84928344,1.519,1.313181257
8,31,5,-32.81690141,0,0,0,0,30.37773193,0,23.04973938,86.14850686,1.157,1.313181257
8,31,5.5,-22.32394366,0,0,0,0,30.20949383,0,23.19066984,86.24844713,2.519,1.313181257
8,31,6,-23.23943662,2.6,0.6,2.376501157,0,30.06104845,0,23.79465755,83.84988081,1.787,1.313181257
8,31,6.5,-8.591549296,25.8,5.6,24.55717862,1.547316952,29.90270671,0,24.02618617,82.2508366,0.947,1.313181257
8,31,7,7.816901408,48.2,9.2,57.56413913,3.610406222,29.84332856,0,24.38857879,82.45071713,1.57,1.313181257
8,31,7.5,39.15492958,84.8,15.4,101.3973827,6.447153968,29.82353584,0,24.90196834,81.35137423,2.34,1.313181257
8,31,8,47.53521127,94.6,17,113.8079998,6.962926286,29.84332856,0,25.62675359,78.1133097,2.926,1.313181257
8,31,8.5,61.33802817,113,20,138.3651784,8.510243238,29.95218851,0,26.18040899,74.18565736,2.898,1.313181257
8,31,9,112.1126761,175,31,213.8851041,12.37853562,30.05115209,0,26.87499485,70.77769439,3.387,1.313181257
8,31,9.5,151.6901408,219.4,38.6,271.1851875,15.47316952,30.15011568,0,27.75077703,67.30976725,3.617,1.313181257
8,31,10,174.3661972,250.8,44.6,280.4271365,15.98894184,30.38762829,0,28.21383427,64.94118302,3.051,1.313181257
8,31,10.5,328.0985915,453,77.8,487.7108485,28.1095913,30.69441541,0,29.13994875,60.81365015,2.563,1.313181257
8,31,11,424.2253521,584.4,98.6,618.6824678,36.10406222,31.14964791,0,30.77071556,54.43746136,2.476,1.313181257
8,31,11.5,459.0140845,624.4,103.4,668.0608807,39.19869613,32.06011291,0,32.16995375,50.29993446,3.021,1.313181257
8,31,12,478.8732394,650,107,703.4443423,41.2617854,32.88151068,0,32.86453961,49.54038846,2.745,1.313181257
8,31,12.5,373.7323944,518.6,85.8,567.7197207,33.52520064,33.62373759,0,33.93158456,45.67270027,2.583,1.313181257
8,31,13,615.4929577,835.2,139,872.1759245,52.35089022,34.57378802,0,34.88789843,41.01548401,2.122,1.313181257
8,31,13.5,334.2957746,481.2,80,537.3533171,31.71999752,35.07850232,0,35.64288306,39.15659512,2.735,1.313181257
8,31,14,238.943662,356.6,60,413.2471456,24.49918508,35.69207656,0,35.51201906,40.23594996,2.969,1.313181257
8,31,14.5,466.5492958,629.2,108.6,671.2295489,41.00389924,36.06813819,0,35.8442123,40.62571698,2.643,1.313181257
8,31,15,311.8309859,438.6,77.2,484.5421803,29.91479441,35.86031466,0,36.59919693,39.43642785,2.988,1.313181257
8,31,15.5,258.028169,387.4,71.4,419.584482,26.30438819,36.09782727,0,36.75019386,39.06664888,2.034,1.313181257
8,31,16,163.2394366,276,53.2,298.1188673,18.82568959,36.22647993,0,36.67972863,38.99669069,1.361,1.313181257
8,31,16.5,73.45070423,161.8,32.4,179.0297538,11.34699098,36.26606536,0,36.8709914,39.10662498,0.914,1.313181257
8,31,17,21.47887324,91.6,19.4,96.38032468,6.447153968,36.39471803,0,36.04554153,41.64510767,1.273,1.313181257
8,31,17.5,-27.04225352,24,4.6,28.25395819,1.805203111,36.1374127,0,35.45162029,44.80321998,1.033,1.313181257
8,31,18,-43.5915493,1.2,0.2,1.848389788,0,35.86031466,0,33.4987267,48.70089025,2.809,1.313181257
8,31,18.5,-37.18309859,0,0,0,0,35.33580765,0,32.24041898,52.00891296,2.426,1.313181257
8,31,19,-33.23943662,0,0,0,0,34.82119699,0,30.93177895,55.63674451,2.593,1.313181257
8,31,19.5,-32.53521127,0,0,0,0,34.3164827,0,30.22712663,58.43507188,1.907,1.313181257
8,31,20,-36.69014085,0,0,0,0,33.8117684,0,29.73387,58.35511967,2.427,1.313181257
8,31,20.5,-31.47887324,0,0,0,0,33.28726139,0,30.0761297,56.43626662,2.671,1.313181257
8,31,21,-32.46478873,0,0,0,0,32.9507852,0,29.50234138,60.35392494,2.386,1.313181257
8,31,21.5,-33.5915493,0,0,0,0,32.71327259,0,28.65675859,64.09169078,2.544,1.313181257
8,31,22,-30.14084507,0,0,0,0,32.46586362,0,28.58629336,63.52203128,1.787,1.313181257
8,31,22.5,-29.50704225,0,0,0,0,32.26793644,0,27.88164103,66.85004204,2.227,1.313181257
8,31,23,-29.92957746,0,0,0,0,32.03042384,0,28.06283734,65.04112328,2.135,1.313181257
8,31,23.5,-30.63380282,0,0,0,0,31.80280759,0,27.51924841,67.94938494,1.353,1.313181257
9,1,0,-30.49295775,0,0,0,0,31.66425856,0,26.80452962,68.62897873,1.769,1.313181257
9,1,0.5,-31.61971831,0,0,0,0,31.50591682,0,26.50253577,70.00815436,0.74,1.313181257
9,1,1,-31.4084507,0,0,0,0,31.38716052,0,25.78781698,74.24562152,1.392,1.313181257
9,1,1.5,-31.1971831,0,0,0,0,31.23871514,0,25.15362989,76.58422368,1.344,1.313181257
9,1,2,-30.07042254,0,0,0,0,31.06058068,0,24.67043972,78.63299907,1.787,1.313181257
9,1,2.5,-28.8028169,0,0,0,0,30.90223894,0,24.64024034,79.64239573,1.5,1.313181257
9,1,3,-27.25352113,0,0,0,0,30.73400084,0,24.45904403,80.75173265,1.285,1.313181257
9,1,3.5,-30.49295775,0,0,0,0,30.59545182,0,24.16711663,82.15089634,1.521,1.313181257
9,1,4,-29.15492958,0,0,0,0,30.46679916,0,24.18724956,82.85047818,1.532,1.313181257
9,1,4.5,-26.76056338,0,0,0,0,30.3381465,0,24.11678433,83.15029897,1.579,1.313181257
9,1,5,-27.74647887,0,0,0,0,30.22928655,0,23.91545509,84.34958213,2.071,1.313181257
9,1,5.5,-31.4084507,0,0,0,0,30.11053025,0,24.16711663,83.94982107,1.874,1.313181257
9,1,6,-25.98591549,4.6,1,4.224890945,0.257886159,29.97198122,0,24.11678433,83.25023923,2.102,1.313181257
9,1,6.5,-5.563380282,38,8.2,38.81618556,2.578861587,29.86312128,0,24.45904403,82.85047818,3.441,1.313181257
9,1,7,33.45070423,104.2,21.6,102.7176611,6.962926286,29.64540139,0,25.25429451,79.60241963,2.513,1.313181257
9,1,7.5,100.3521127,202.6,40.2,204.3790995,12.89430794,29.48705965,0,26.64346623,75.46489273,2.07,1.313181257
9,1,8,184.0140845,318.6,59.4,325.8447141,19.59934806,29.45737057,0,28.66682505,66.93998828,1.861,1.313181257
9,1,8.5,269.084507,330.8,74.6,360.1719531,25.78861587,29.6651941,0,30.64991802,58.13525109,1.721,1.313181257
9,1,9,342.7464789,416.2,84.4,488.7670712,30.43056673,30.15011568,0,32.32095068,50.85959993,2.508,1.313181257
9,1,9.5,417.4647887,578.4,98.2,626.0760269,36.36194838,30.88244622,0,33.58932486,46.68209693,2.711,1.313181257
9,1,10,477.8873239,668.8,108.2,704.5005651,40.74601308,31.86218574,0,34.76710089,43.45402643,2.298,1.313181257
9,1,10.5,519.6478873,725.2,115.8,765.2333724,44.3564193,32.91119976,0,35.80394645,40.91554375,1.94,1.313181257
9,1,11,559.5070423,751.8,119.8,796.6559988,46.41950857,33.68311574,0,36.15627261,39.38645772,2.357,1.313181257
9,1,11.5,572.5352113,764.6,122.2,813.2915069,47.70893937,34.94984966,0,36.60926339,38.03726417,2.631,1.313181257
9,1,12,609.1549296,821.4,132.4,866.8948108,51.57723175,36.09782727,0,37.09245356,37.84737767,2.34,1.313181257
9,1,12.5,555.4225352,751.8,122,794.2794977,47.45105321,36.82026145,0,37.27364987,36.54815425,2.795,1.313181257
9,1,13,600.7042254,806.2,133.6,844.1860219,51.06145943,37.56248836,0,37.6863748,34.55934301,3.364,1.313181257
9,1,13.5,543.8732394,743,123,779.4923794,47.19316705,38.06720265,0,38.22996374,32.85036451,3.289,1.313181257
9,1,14,417.5352113,577.6,97,619.7386905,37.65137918,38.41357521,0,38.02863451,32.99028088,3.265,1.313181257
9,1,14.5,288.943662,427.8,73.4,466.3223381,28.1095913,38.5818133,0,37.95816927,32.95030477,3.508,1.313181257
9,1,15,347.7464789,496.6,87.8,529.9597579,33.00942832,38.59170966,0,38.34069482,32.33067514,3.099,1.313181257
9,1,15.5,231.3380282,357.6,65.6,381.5604635,23.98341276,38.40367885,0,38.18969789,32.64048996,2.834,1.313181257
9,1,16,69.43661972,155.8,28.6,181.6703106,11.34699098,38.33440434,0,37.52531142,34.99908017,2.485,1.313181257
9,1,16.5,12.6056338,79,13.8,95.06004626,5.931381651,38.24533711,0,36.82065909,37.07783764,2.976,1.313181257
9,1,17,2.323943662,73.4,13.2,83.17754048,5.415609333,37.8395864,0,36.186472,39.6463024,1.82,1.313181257
9,1,17.5,-27.88732394,25.2,4.8,28.25395819,1.805203111,37.25570124,0,35.35095567,43.15420564,1.945,1.313181257
9,1,18,-28.02816901,1,0.2,1.32027842,0,36.89943232,0,33.63965717,48.09125464,3.609,1.313181257
9,1,18.5,-33.5915493,0,0,0,0,36.49368162,0,30.84118079,54.06768238,5.39,1.313181257
9,1,19,-22.6056338,0,0,0,0,36.0186564,0,29.84460108,56.68611728,6.179,1.313181257
9,1,19.5,-131.4084507,0,0,0,0,35.35560036,0,28.81782198,61.08348886,3.266,1.313181257
9,1,20,-17.18309859,0,0,0,0,34.86078243,0,28.06283734,66.60019139,1.698,1.313181257
9,1,20.5,-13.09859155,0,0,0,0,34.38575721,0,28.09303673,66.94998231,1.644,1.313181257
9,1,21,-19.57746479,0,0,0,0,33.97011014,0,28.38496412,66.82005996,0.857,1.313181257
9,1,21.5,-24.78873239,0,0,0,0,33.71280482,0,27.95210626,71.24741362,2.712,1.313181257
9,1,22,-33.02816901,0,0,0,0,33.46539585,0,27.67024533,72.86644589,2.643,1.313181257
9,1,22.5,-31.33802817,0,0,0,0,33.21798688,0,27.70044472,73.83586644,3.056,1.313181257
9,1,23,-36.54929577,0,0,0,0,32.96068155,0,27.52931487,72.97638018,2.665,1.313181257
9,1,23.5,-35.14084507,0,0,0,0,32.74296166,0,27.47898256,71.97697754,2.701,1.313181257
9,2,0,-31.26760563,0,0,0,0,32.53513813,0,27.58971364,70.20803489,2.117,1.313181257
9,2,0.5,NaN,0,0,0,0,32.37679639,0,27.45884964,71.03753907,1.034,1.313181257
9,2,1,NaN,0,0,0,0,32.28772916,0,26.77433024,74.64538257,1.683,1.313181257
9,2,1.5,NaN,0,0,0,0,32.14918014,0,26.442137,76.85406239,2.158,1.313181257
9,2,2,NaN,0,0,0,0,31.95125297,0,26.54280161,75.84466573,2.538,1.313181257
9,2,2.5,NaN,0,0,0,0,31.703844,0,26.9152607,72.84645783,2.183,1.313181257
9,2,3,NaN,0,0,0,0,31.57519133,0,26.80452962,73.35615318,1.961,1.313181257
9,2,3.5,NaN,0,0,0,0,31.50591682,0,26.55286808,73.69595007,2.069,1.313181257
9,2,4,NaN,0,0,0,0,31.38716052,0,26.49246931,74.06572904,2.605,1.313181257
9,2,4.5,NaN,0,0,0,0,31.22881878,0,26.80452962,71.36734194,2.73,1.313181257
9,2,5,NaN,0,0,0,0,31.06058068,0,26.88506132,70.06811852,2.692,1.313181257
9,2,5.5,NaN,0,0,0,0,30.98140981,0,26.54280161,71.75710897,3.003,1.313181257
9,2,6,NaN,1.8,0.2,2.904612525,0,30.9121353,0,26.3616053,72.82646978,2.708,1.313181257
9,2,6.5,NaN,23.6,4.6,31.95073777,2.06308927,30.83296443,0,26.28107361,73.3661472,2.479,1.313181257
9,2,7,NaN,87.4,17.6,96.38032468,6.447153968,30.63503726,0,27.16692225,69.97817228,2.888,1.313181257
9,2,7.5,NaN,187.8,38.2,188.2717027,11.8627633,30.37773193,0,28.46549581,66.66015554,2.454,1.313181257
9,2,8,NaN,160.4,29,195.4012062,11.60487714,30.35793921,0,29.00908475,65.9605737,2.669,1.313181257
9,2,8.5,NaN,261,61.2,326.1087698,21.40455117,30.59545182,0,29.75400292,63.8718222,4.182,1.313181257
9,2,9,NaN,445.6,85.2,477.1486211,30.43056673,30.86265351,0,31.3143045,57.0758843,4.634,1.313181257
9,2,9.5,NaN,562.2,97.2,625.2838599,35.84617606,31.42674595,0,32.76387499,52.52860233,4.798,1.313181257
9,2,10,NaN,657,107,707.6692333,40.48812692,32.19866193,0,33.83091994,49.22057962,4.843,1.313181257
9,2,10.5,NaN,711,114.4,768.4020406,43.84064698,33.03985242,0,34.41477473,47.29173254,5.112,1.313181257
9,2,11,NaN,754.2,120.6,819.100732,46.93528089,33.72270118,0,35.12949351,44.75324985,5.213,1.313181257
9,2,11.5,NaN,784.8,125.8,852.3717482,49.25625632,34.88057514,0,35.48181968,42.69448043,5.281,1.313181257
9,2,12,NaN,779.2,125.8,849.7311913,49.51414248,35.74155835,0,36.16633908,41.16539441,5.042,1.313181257
9,2,12.5,NaN,683.2,111,752.5586996,44.09853314,36.32544352,0,36.11600677,41.08544219,5.237,1.313181257
9,2,13,NaN,737.2,122.4,808.0103932,47.96682552,36.96870683,0,36.57906401,38.98669667,5.343,1.313181257
9,2,13.5,NaN,516.4,85.2,580.1303379,34.04097295,37.51300656,0,36.84079202,37.68747325,4.723,1.313181257
9,2,14,NaN,560.4,94.8,616.3059666,36.8777207,37.90886091,0,36.88105786,36.72804672,4.255,1.313181257
9,2,14.5,NaN,411.8,71.4,459.1928346,27.59381898,37.91875727,0,37.20318464,36.21835138,3.482,1.313181257
9,2,15,NaN,327.4,57.6,376.2793498,22.69398197,37.91875727,0,36.97165602,36.04845293,4,1.313181257
9,2,15.5,NaN,389.4,71.6,421.6969274,26.04650203,37.78020825,0,37.52531142,34.37945053,4.653,1.313181257
9,2,16,NaN,276,53,300.7594241,18.82568959,37.5031102,0,37.45484618,34.27951027,4.32,1.313181257
9,2,16.5,NaN,171.2,34.8,187.7435914,12.12064946,37.5031102,0,37.10252002,35.54875161,4.308,1.313181257
9,2,17,NaN,91.6,19.4,98.75682584,6.705040127,37.25570124,0,36.71999447,37.16778388,2.484,1.313181257
9,2,17.5,NaN,23.6,4.6,28.51801388,1.805203111,36.93901776,0,35.92474399,39.27652343,2.124,1.313181257
9,2,18,NaN,1.4,0.2,2.112445473,0,36.75098694,0,34.20337903,43.86378151,1.449,1.313181257
9,2,18.5,NaN,0,0,0,0,36.48378526,0,31.83776051,50.65971941,1.42,1.313181257
9,2,19,NaN,0,0,0,0,36.0186564,0,30.43852232,55.97654141,1.669,1.313181257
9,2,19.5,NaN,0,0,0,0,35.45456395,0,29.6533383,59.96415791,1.434,1.313181257
9,2,20,NaN,0,0,0,0,34.94984966,0,29.09968291,61.20341717,1.74,1.313181257
9,2,20.5,NaN,0,0,0,0,34.49461716,0,28.57622689,62.5426167,1.791,1.313181257
9,2,21,NaN,0,0,0,0,34.11855552,0,28.21383427,64.66135028,1.605,1.313181257
9,2,21.5,NaN,0,0,0,0,33.82166476,0,27.91184042,66.93998828,1.634,1.313181257
9,2,22,NaN,0,0,0,0,33.53467036,0,27.32798563,66.71012567,2.08,1.313181257
9,2,22.5,NaN,0,0,0,0,33.26746867,0,27.05619117,68.93879354,1.829,1.313181257
9,2,23,NaN,0,0,0,0,33.01016335,0,27.45884964,68.14926546,2.015,1.313181257
9,2,23.5,NaN,0,0,0,0,32.75285802,0,27.48904902,67.11988075,2.186,1.313181257
9,3,0,NaN,0,0,0,0,32.56482721,0,27.09645701,70.37793333,1.734,1.313181257
9,3,0.5,NaN,0,0,0,0,32.42627818,0,26.45220346,72.54663704,1.787,1.313181257
9,3,1,NaN,0,0,0,0,32.26793644,0,25.90861452,75.11510181,1.409,1.313181257
9,3,1.5,NaN,0,0,0,0,32.09969835,0,25.53615544,76.70415199,1.356,1.313181257
9,3,2,NaN,0,0,0,0,31.90177117,0,25.3348262,77.40373384,0.897,1.313181257
9,3,2.5,NaN,0,0,0,0,31.73353307,0,25.1234305,78.41313049,1.335,1.313181257
9,3,3,NaN,0,0,0,0,31.58508769,0,25.01269942,79.95221055,1.417,1.313181257
9,3,3.5,NaN,0,0,0,0,31.44653867,0,24.56977511,80.65179239,1.606,1.313181257
9,3,4,NaN,0,0,0,0,31.31788601,0,24.42884464,82.15089634,1.335,1.313181257
9,3,4.5,NaN,0,0,0,0,31.16944063,0,24.44897756,82.35077686,2.064,1.313181257
9,3,5,NaN,0,0,0,0,31.04078796,0,24.34831295,83.25023923,1.446,1.313181257
9,3,5.5,NaN,0,0,0,0,30.92203166,0,24.02618617,84.04976134,1.321,1.313181257
9,3,6,NaN,2.8,0.4,3.960835261,0.257886159,30.81317171,0,23.94565448,85.04916397,0.634,1.313181257
9,3,6.5,NaN,35.8,7,37.23185145,2.320975429,30.65482997,0,24.21744894,85.34898476,0.092,1.313181257
9,3,7,NaN,113.8,24.6,112.7517771,7.478698603,30.40742101,0,25.76768406,85.44892502,0.6,1.313181257
9,3,7.5,NaN,208.4,42.4,212.0367143,13.1521941,30.22928655,0,27.2575204,80.95161318,0.772,1.313181257
9,3,8,NaN,307.6,58.4,319.5073777,18.82568959,30.21939019,0,28.7070909,71.68715078,1.734,1.313181257
9,3,8.5,NaN,304,73.2,341.4239995,25.0149574,30.4569028,0,30.50898756,61.0235247,2.712,1.313181257
9,3,9,NaN,463,86,523.6224215,30.68845289,30.98140981,0,32.01895682,54.58737175,3.008,1.224514794
9,3,9.5,NaN,581.4,97.2,624.4916928,35.84617606,31.73353307,0,33.37792916,50.59975525,2.897,1.224514794
9,3,10,NaN,651.4,106.6,700.8037855,40.23024076,32.62420536,0,34.0523821,48.18120088,2.864,1.224514794
9,3,10.5,NaN,704,114,759.9522587,43.58276083,33.53467036,0,34.8174332,46.19238964,3.011,1.224514794
9,3,11,NaN,742.4,119.6,804.049558,46.41950857,34.33627542,0,35.46168675,44.41345296,3.649,1.224514794
9,3,11.5,NaN,741.2,119.6,809.066616,46.93528089,35.46446031,0,36.01534215,41.78502404,3.449,1.224514794
9,3,12,NaN,802.8,131.4,862.9339755,50.80357327,36.41451075,0,36.80052617,38.8867564,3.553,1.313181257
9,3,12.5,NaN,784,128.8,839.4330196,49.77202864,37.2161158,0,37.06225417,37.84737767,2.941,1.313181257
9,3,13,NaN,747,124.6,817.7804535,48.740484,37.85937912,0,37.45484618,36.4182319,3.609,1.313181257
9,3,13.5,NaN,708.2,118.2,772.0988202,46.16162241,38.49274608,0,37.69644127,35.38884719,3.573,1.313181257
9,3,14,NaN,626.4,106,687.6010013,41.2617854,38.96777129,0,38.13936558,33.30009569,3.132,1.313181257
9,3,14.5,NaN,575.2,99.6,626.6041383,38.16715149,39.2547657,0,38.43129298,32.35066319,2.786,1.313181257
9,3,15,NaN,471.6,83.8,516.2288623,31.71999752,39.33393657,0,38.36082774,31.65108135,2.796,1.313181257
9,3,15.5,NaN,388,71.8,420.9047604,26.04650203,39.29435113,0,38.49169175,31.39123667,3.216,1.313181257
9,3,16,NaN,291.6,56.8,310.0013731,19.34146191,39.12611303,0,38.33062836,31.98088422,1.888,1.313181257
9,3,16.5,NaN,95.2,17.2,113.0158328,6.962926286,39.06673488,0,36.00527569,38.06724625,5.978,1.313181257
9,3,17,NaN,29.8,5.4,36.4396844,2.06308927,39.45269287,0,31.50556727,51.77905036,5.333,1.313181257
9,3,17.5,NaN,8.8,1.6,10.29817168,0.515772317,38.73025868,0,31.1029088,52.8584052,3.769,1.313181257
9,3,18,NaN,0.4,0,0.528111368,0,37.66145194,0,31.24383927,52.21878751,2.148,1.313181257
9,3,18.5,NaN,0,0,0,0,36.90932868,0,30.0761297,55.10706112,3.151,1.313181257
9,3,19,NaN,0,0,0,0,36.38482167,0,29.05941706,60.77367404,1.616,1.313181257
9,3,19.5,NaN,0,0,0,0,35.9691746,0,28.53596105,65.98056175,1.819,1.313181257
9,3,20,NaN,0,0,0,0,35.54363118,0,28.10310319,68.60899068,1.409,1.313181257
9,3,20.5,NaN,0,0,0,0,35.12798411,0,27.90177396,69.7183276,0.57,1.313181257
9,3,21,NaN,0,0,0,0,34.78161156,0,27.41858379,71.8070791,2.8,1.313181257
9,3,21.5,NaN,0,0,0,0,34.435239,0,27.64004595,70.68774815,2.612,1.313181257
9,3,22,NaN,0,0,0,0,34.12845188,0,27.58971364,70.77769439,3.211,1.313181257
9,3,22.5,NaN,0,0,0,0,33.89093927,0,27.32798563,72.68655341,4.158,1.313181257
9,3,23,NaN,0,0,0,0,33.6930121,0,27.05619117,71.48727025,4.042,1.313181257
9,3,23.5,NaN,0,0,0,0,33.45549949,0,27.42865025,66.7201197,3.225,1.313181257
9,4,0,NaN,0,0,0,0,33.22788324,0,27.67024533,64.8212547,1.955,1.313181257
9,4,0.5,NaN,0,0,0,0,33.04974878,0,27.51924841,66.17044825,2.776,1.313181257
9,4,1,NaN,0,0,0,0,32.93099248,0,27.6803118,65.12107549,3.763,1.313181257
9,4,1.5,NaN,0,0,0,0,32.77265074,0,27.40851733,66.38032281,2.414,1.313181257
9,4,2,NaN,0,0,0,0,32.66379079,0,27.08639055,67.86943273,1.793,1.313181257
9,4,2.5,NaN,0,0,0,0,32.54503449,0,26.65353269,70.74771231,2.057,1.313181257
9,4,3,NaN,0,0,0,0,32.40648547,0,26.43207054,73.64597994,1.598,1.313181257
9,4,3.5,NaN,0,0,0,0,32.28772916,0,26.32133946,75.68476131,1.435,1.313181257
9,4,4,NaN,0,0,0,0,32.14918014,0,26.06967791,78.17327386,1.005,1.313181257
9,4,4.5,NaN,0,0,0,0,32.05021655,0.2,25.55628836,80.55185213,1.844,1.313181257
9,4,5,NaN,0,0,0,0,31.91166753,0.1,25.47575667,81.95101581,1.893,1.313181257
9,4,5.5,NaN,0,0,0,0,31.68405128,0,24.94223419,83.05035871,2.566,1.224514794
9,4,6,NaN,0.8,0,0.528111368,0,31.5356059,0,24.38857879,84.34958213,2.297,1.224514794
9,4,6.5,NaN,6.8,1.2,7.12950347,0,31.43664231,0,24.37851233,84.94922371,2.417,1.224514794
9,4,7,NaN,19.6,3.8,22.70878883,1.547316952,31.28819693,0,24.4389111,84.54946265,2.931,1.224514794
9,4,7.5,NaN,14.8,2.4,19.01200925,1.031544635,31.14964791,0.1,24.68050619,82.85047818,3.087,1.224514794
9,4,8,NaN,7.6,1.2,12.14656147,0,31.02099525,4.1,24.21744894,84.44952239,2.542,1.224514794
9,4,8.5,NaN,5,0.4,8.44978189,0,30.10063389,7.1,23.42219846,90.04617713,4.482,1.224514794
9,4,9,NaN,7.2,0.6,12.67467284,0.257886159,29.44747421,0.6,23.04973938,91.84510187,3.855,1.313181257
9,4,9.5,NaN,9.4,1,16.89956378,0.773658476,29.31882155,1,23.17053692,91.94504213,2.415,1.313181257
9,4,10,NaN,12.6,1.4,22.97284451,1.031544635,29.21985796,0.8,23.25106861,91.84510187,2.864,1.313181257
9,4,10.5,NaN,16.8,1.8,29.04612525,1.547316952,29.12089437,1.1,23.25106861,92.14492265,3.501,1.313181257
9,4,11,NaN,25.4,3,40.92863103,1.805203111,29.01203443,1,22.88867599,92.34480318,2.864,1.313181257
9,4,11.5,NaN,40.2,5.2,59.6765846,2.320975429,28.9229672,0.4,22.52628336,92.44474344,2.957,1.313181257
9,4,12,NaN,61.6,8.4,83.44159616,3.352520064,28.84379633,0.3,22.39541936,92.44474344,2.012,1.39850159
9,4,12.5,NaN,117.8,16.4,143.1181808,5.673495492,28.76462546,0.1,22.47595106,92.34480318,1.621,1.559907867
9,4,13,NaN,132.8,19.6,155.7928536,6.447153968,28.76462546,0,22.5967486,91.64522134,0.812,1.850542278
9,4,13.5,NaN,139.6,20.8,163.1864128,6.962926286,28.87348541,0,22.88867599,91.14552002,2.506,2.105562403
9,4,14,NaN,159.6,24.2,184.8389788,8.252357079,29.07141258,0,22.69741322,89.94623686,2.164,2.33169412
9,4,14.5,NaN,233.6,36.8,267.488408,12.12064946,29.26933975,0,23.17053692,88.34719265,1.652,2.435561791
9,4,15,NaN,217.4,35.6,247.6842317,12.12064946,29.44747421,0,23.45239785,86.94802897,1.224,2.534009579
9,4,15.5,NaN,151.8,25.4,173.2205287,9.026015556,29.53654144,0,23.60339478,84.94922371,1.752,2.627493012
9,4,16,NaN,119.4,20,135.9886773,6.962926286,29.60581595,0,23.93558801,83.55006002,1.496,2.672501059
9,4,16.5,NaN,92,15.6,103.7738838,5.415609333,29.65529774,0,24.16711663,82.45071713,2.387,2.716415763
9,4,17,NaN,55.2,9.6,63.10930849,3.094633905,29.62560867,0,24.26778125,82.2508366,3.136,2.759280685
9,4,17.5,NaN,15.4,2.8,20.06823199,1.031544635,29.46726693,0,24.19731602,82.95041844,3.035,2.759280685
9,4,18,NaN,0.8,0,1.584334104,0,29.27923611,0,23.92552155,84.34958213,2.823,2.801136995
9,4,18.5,NaN,0,0,0,0,29.11099802,0,24.04631909,86.14850686,2.475,2.801136995
9,4,19,NaN,0,0,0,0,28.96255263,0,23.74432524,86.84808871,2.918,2.801136995
9,4,19.5,NaN,0,0,0,0,28.8042109,0,23.66379355,86.94802897,2.053,2.801136995
9,4,20,NaN,0,0,0,0,28.71514367,0,23.70405939,88.44713292,2.218,2.842023636
9,4,20.5,NaN,0,0,0,0,28.64586916,0,23.58326185,88.84689397,2.332,2.842023636
9,4,21,NaN,0,0,0,0,28.53700921,0,23.31146738,89.94623686,2.108,2.842023636
9,4,21.5,NaN,0,0,0,0,28.45783834,0,22.99940707,90.84569923,1.044,2.842023636
9,4,22,NaN,0,0,0,0,28.38856383,0,22.96920768,90.9456395,1.443,2.842023636
9,4,22.5,NaN,0,0,0,0,28.31928932,0,22.97927414,91.34540055,1.145,2.842023636
9,4,23,NaN,0,0,0,0,28.25991117,0,22.9390083,91.64522134,1.025,2.881977479
9,4,23.5,NaN,0,0,0,0,28.20053301,0,22.82827722,91.94504213,1.574,2.881977479
9,5,0,NaN,0,0,0,0,28.15105122,0,22.80814429,92.24486292,1.758,2.881977479
9,5,0.5,NaN,0,0,0,0,28.08177671,0,22.79807783,92.74456423,0.173,2.881977479
9,5,1,NaN,0,0,0,0,28.02239856,0,22.67728029,92.94444476,1.186,2.881977479
9,5,1.5,NaN,0,0,0,0,27.98281312,0,22.67728029,93.44414608,0.451,2.881977479
9,5,2,NaN,0,0,0,0,27.94322769,0,22.75781199,93.94384739,1.414,2.881977479
9,5,2.5,NaN,0,0,0,0,27.91353861,0,22.68734675,93.74396687,1.369,2.881977479
9,5,3,NaN,0,0,0,0,27.88384953,0,22.40548582,94.24366818,1.592,2.881977479
9,5,3.5,NaN,0,0,0,0,27.85416046,0,22.48601752,94.7433695,1.739,2.881977479
9,5,4,NaN,0,0,0,0,27.79478231,0,22.5162169,94.94325002,1.86,2.881977479
9,5,4.5,NaN,0,0,0,0,27.70571508,0,22.43568521,94.7433695,1.125,2.881977479
9,5,5,NaN,0,0,0,0,27.676026,0,22.45581813,94.84330976,1.045,2.881977479
9,5,5.5,NaN,0,0,0,0,27.66612964,0,22.46588459,94.84330976,0.398,2.881977479
9,5,6,NaN,4.8,0.8,5.281113681,0.257886159,27.61664785,0,22.2544889,94.84330976,0.883,2.881977479
9,5,6.5,NaN,40.6,7.2,42.24890945,2.06308927,27.54737334,0,22.30482121,95.04319029,0.966,2.881977479
9,5,7,NaN,74.8,12.6,79.4807609,3.610406222,27.45830611,0,22.61688152,95.04319029,1.362,2.921033461
9,5,7.5,NaN,198.2,34.4,207.8118234,10.31544635,27.3890316,0,23.11013815,95.04319029,1.114,2.921033461
9,5,8,NaN,340.6,58.2,362.8125099,18.05203111,27.35934252,0,24.02618617,94.44354871,1.184,2.921033461
9,5,8.5,NaN,199.6,33.8,241.8750066,13.66796641,27.59685513,0,24.52950926,93.6440266,0.931,2.921033461
9,5,9,NaN,409.8,67.2,477.6767325,23.98341276,28.05208763,0,25.11336404,92.74456423,0.922,2.921033461
9,5,9.5,NaN,556.8,87,615.7778552,31.20422521,28.69535095,0,25.86834868,90.34599792,1.191,2.921033461
9,5,10,NaN,674.8,103,736.9794142,36.8777207,29.70477954,0,26.86492839,86.94802897,1.429,2.921033461
9,5,10.5,NaN,723.2,109.2,792.4311079,39.9723546,30.66472633,0,27.90177396,80.55185213,1.677,2.921033461
9,5,11,NaN,627.2,96.4,698.4272843,35.33040375,31.23871514,0,29.37147737,72.42670873,1.648,2.921033461
9,5,11.5,NaN,674.6,104,749.3900314,38.42503765,31.74342943,0,30.77071556,65.40090823,1.624,2.921033461
9,5,12,NaN,680.4,105,758.1038689,38.94080997,32.68358351,0,31.98875744,58.3651137,1.414,2.881977479
9,5,12.5,NaN,777.8,120.2,850.7874141,44.3564193,33.48518857,0,33.40812855,52.5186083,1.786,2.881977479
9,5,13,NaN,762,119.2,835.2081287,43.58276083,33.96021378,0,34.33424303,48.60094999,2.222,2.881977479
9,5,13.5,NaN,709.6,110.6,780.8126578,41.00389924,34.62326982,0,34.83756612,46.90196551,1.727,2.881977479
9,5,14,NaN,655.4,103.8,725.0969084,38.68292381,35.38528944,0,35.22009167,42.89436096,1.719,2.881977479
9,5,14.5,NaN,585.2,94.6,651.1613169,34.81463143,35.25663678,0,36.02540861,39.86617098,1.754,2.881977479
9,5,15,NaN,496,83,553.9888252,30.17268057,35.345704,0,36.32740246,39.12661304,2.113,2.881977479
9,5,15.5,NaN,398.2,69.6,443.8776049,24.49918508,34.94984966,0,36.06567446,39.4564159,1.557,2.881977479
9,5,16,NaN,292.8,54,327.9571596,18.30991727,34.65295889,0,36.21667138,39.57634422,2.638,2.881977479
9,5,16.5,NaN,195.2,38.4,217.8459394,12.63642178,34.27689726,0,35.6328166,40.0260754,2.321,2.881977479
9,5,17,NaN,81.8,16,98.22871447,5.931381651,33.80187205,0,35.06909474,41.74504793,2.381,2.881977479
9,5,17.5,NaN,22.2,4.4,26.40556841,1.547316952,33.47529221,0,33.86111933,45.72267041,2.105,2.881977479
9,5,18,NaN,0.8,0,1.584334104,0,33.02005971,0,32.61287807,50.77964772,1.936,2.881977479
9,5,18.5,NaN,0,0,0,0,32.53513813,0,31.49550081,54.5673837,2.017,2.881977479
9,5,19,NaN,0,0,0,0,32.05021655,0,30.74051618,57.73549004,3.074,2.881977479
9,5,19.5,NaN,0,0,0,0,31.59498405,0,30.34792417,63.82185207,2.995,2.881977479
9,5,20,NaN,0,0,0,0,31.27830057,0,29.68353769,67.80946857,2.573,2.842023636
9,5,20.5,NaN,0,0,0,0,31.05068432,0,29.11981583,70.92760478,2.031,2.842023636
9,5,21,NaN,0,0,0,0,30.87254987,0,28.56616043,72.58661315,1.142,2.842023636
9,5,21.5,NaN,0,0,0,0,30.7438972,0,27.87157457,76.47428939,1.734,2.842023636
9,5,22,NaN,0,0,0,0,30.55586639,0,27.52931487,78.20325594,0.923,2.842023636
9,5,22.5,NaN,0,0,0,0,30.36783557,0,27.10652347,80.25203134,1.094,2.842023636
9,5,23,NaN,0,0,0,0,30.19959747,0,26.7843967,81.55125476,2.478,2.842023636
9,5,23.5,NaN,0,0,0,0,30.02146302,0,26.56293454,81.85107555,1.974,2.842023636
9,6,0,NaN,0,0,0,0,29.92249943,0,26.16027607,82.85047818,1.005,2.842023636
9,6,0.5,NaN,0,0,0,0,29.86312128,0,26.08981083,84.74934318,1.944,2.842023636
9,6,1,NaN,0,0,0,0,29.7146759,0,26.29114007,83.74994055,1.882,2.842023636
9,6,1.5,NaN,0,0,0,0,29.56623052,0,26.30120653,82.85047818,1.049,2.842023636
9,6,2,NaN,0,0,0,0,29.53654144,0,26.03947853,83.84988081,1.767,2.842023636
9,6,2.5,NaN,0,0,0,0,29.53654144,0,26.08981083,84.84928344,1.898,2.842023636
9,6,3,NaN,0,0,0,0,29.45737057,0,26.0998773,84.64940292,2.455,2.842023636
9,6,3.5,NaN,0,0,0,0,29.35840698,0,26.02941206,83.45011976,2.947,2.842023636
9,6,4,NaN,0,0,0,0,29.2594434,0,25.76768406,80.65179239,3.187,2.842023636
9,6,4.5,NaN,0,0,0,0,29.16047981,0,25.86834868,79.56244352,3.042,2.842023636
9,6,5,NaN,0,0,0,0,29.08130894,0,25.65695298,78.58302894,3.666,2.842023636
9,6,5.5,NaN,0,0,0,0,29.00213807,0,25.47575667,78.15328581,3.177,2.842023636
9,6,6,NaN,5.4,1,5.809225049,0.257886159,28.91307084,0,25.21402866,78.23323802,2.597,2.842023636
9,6,6.5,NaN,32.4,6.2,39.08024124,2.320975429,28.78441818,0,25.02276589,78.67297518,2.076,2.842023636
9,6,7,NaN,57,10.4,72.61531312,4.12617854,28.66566187,0,25.11336404,79.31259286,1.865,2.801136995
9,6,7.5,NaN,165.6,29.8,192.7606494,10.57333251,28.55680193,0,25.34489266,77.80349489,2.369,2.801136995
9,6,8,NaN,267,46.8,302.0797026,15.98894184,28.52711285,0,26.32133946,72.2268282,2.587,2.801136995
9,6,8.5,NaN,259.6,54,341.1599438,19.34146191,28.67555823,0,27.27765332,67.8194626,2.228,2.801136995
9,6,9,NaN,551.8,96.8,651.1613169,34.04097295,28.98234535,0,28.45542935,63.21221646,2.273,2.801136995
9,6,9.5,NaN,646,101.2,708.9895117,36.10406222,29.73446861,0,30.23719309,58.16523317,2,2.801136995
9,6,10,NaN,699,107.8,769.722319,39.45658229,30.81317171,0,31.7874282,53.91777199,1.729,2.801136995
9,6,10.5,NaN,692.4,107.4,766.2895952,39.45658229,31.89187481,0,32.97527069,52.49862025,1.828,2.801136995
9,6,11,NaN,487.4,78.2,554.5169365,28.62536362,32.39658911,0,32.84440669,53.2781543,2.223,2.801136995
9,6,11.5,NaN,424.8,70,477.1486211,25.0149574,32.91119976,0,33.00547008,51.1494267,1.715,2.801136995
9,6,12,NaN,437.8,72.4,492.7279065,25.78861587,33.03985242,0,33.19673285,49.78024509,3.238,2.801136995
9,6,12.5,NaN,484,78.8,546.3312103,28.62536362,33.24767596,0,33.46852732,49.39047807,2.984,2.801136995
9,6,13,NaN,582.4,94.2,649.5769828,34.04097295,33.34663954,0,33.90138518,48.3411053,3.227,2.759280685
9,6,13.5,NaN,777.6,123.6,861.0855857,45.38796394,33.6930121,0,34.77716735,46.31231796,3.628,2.759280685
9,6,14,NaN,636.8,103,719.0236277,38.16715149,34.05917737,0,34.57583811,48.16121283,4.925,2.759280685
9,6,14.5,NaN,622,103,703.708398,38.16715149,34.61337346,0,34.48523996,47.67150554,4.689,2.759280685
9,6,15,NaN,387,65,457.3444448,24.49918508,34.59358074,0,34.32417657,48.50100972,3.98,2.759280685
9,6,15.5,NaN,384.4,68.2,442.8213822,24.49918508,34.61337346,0,34.22351195,48.02129646,3.407,2.759280685
9,6,16,NaN,235.6,43.8,279.1068581,15.73105568,34.24720819,0,34.34430949,46.12243146,3.266,2.759280685
9,6,16.5,NaN,189,37.8,217.317828,12.37853562,33.92062835,0,34.62617042,45.4928078,2.656,2.759280685
9,6,17,NaN,58.8,11.4,77.10425975,4.641950857,33.61384123,0,34.11278087,47.24176241,2.395,2.759280685
9,6,17.5,NaN,35.2,7.2,36.70374008,2.320975429,33.47529221,0,33.30746393,51.10945059,1.611,2.759280685
9,6,18,NaN,2.2,0.4,2.376501157,0,33.17840145,0,32.38134945,55.3669058,1.757,2.759280685
9,6,18.5,NaN,0,0,0,0,32.93099248,0,30.91164603,59.21460594,2.656,2.716415763
9,6,19,NaN,0,0,0,0,32.47575998,0,29.92513277,62.75249125,2.602,2.716415763
9,6,19.5,NaN,0,0,0,0,32.06011291,0,29.44194261,64.74130249,2.498,2.716415763
9,6,20,NaN,0,0,0,0,31.75332579,0,29.00908475,66.31036462,2.078,2.716415763
9,6,20.5,NaN,0,0,0,0,31.51581318,0,28.57622689,70.46787957,1.382,2.716415763
9,6,21,NaN,0,0,0,0,31.32778237,0,27.85144165,73.63598591,1.17,2.716415763
9,6,21.5,NaN,0,0,0,0,31.13975155,0,27.21725455,76.79409823,2.119,2.716415763
9,6,22,NaN,0,0,0,0,30.87254987,0,27.20718809,76.25442081,2.379,2.716415763
9,6,22.5,NaN,0,0,0,0,30.60534818,0,27.19712163,77.18386526,2.952,2.716415763
9,6,23,NaN,0,0,0,0,30.42721372,0,27.08639055,77.36375773,2.01,2.716415763
9,6,23.5,NaN,0,0,0,0,30.3381465,0,26.80452962,77.63359644,1.728,2.716415763
9,7,0,NaN,0,0,0,0,30.27876834,0,26.50253577,78.8728557,2.421,2.716415763
9,7,0.5,NaN,0,0,0,0,30.13032296,0,26.33140592,78.60301699,1.787,2.716415763
9,7,1,NaN,0,0,0,0,30.01156666,0,25.94888037,78.42312452,2.178,2.716415763
9,7,1.5,NaN,0,0,0,0,29.86312128,0,26.10994376,76.1744686,2.352,2.716415763
9,7,2,NaN,0,0,0,0,29.7146759,0,25.94888037,75.46489273,2.041,2.716415763
9,7,2.5,NaN,0,0,0,0,29.62560867,0,25.77775052,74.90522726,2.197,2.716415763
9,7,3,NaN,0,0,0,0,29.52664508,0,25.66701944,74.78529894,1.796,2.716415763
9,7,3.5,NaN,0,0,0,0,29.44747421,0,25.32475974,75.86465378,1.392,2.716415763
9,7,4,NaN,0,0,0,0,29.39799242,0,24.92210127,78.31319023,1.676,2.716415763
9,7,4.5,NaN,0,0,0,0,29.29902883,0,24.57984157,79.39254507,0.881,2.716415763
9,7,5,NaN,0,0,0,0,29.21985796,0,24.40871172,81.85107555,1.424,2.716415763
9,7,5.5,NaN,0,0,0,0,29.13079073,0,24.01611971,83.74994055,1.28,2.716415763
9,7,6,NaN,5,0.8,5.545169365,0.257886159,29.0417235,0,23.85505632,84.44952239,2.022,2.672501059
9,7,6.5,NaN,29.8,5.6,38.81618556,2.06308927,28.88338176,0,24.23758187,84.54946265,1.947,2.672501059
9,7,7,NaN,124.6,25.2,132.2918977,7.736584762,28.68545459,0,24.79123727,84.24964186,1.688,2.672501059
9,7,7.5,NaN,246.4,47.4,259.8307931,14.18373873,28.51721649,0,25.83814929,81.85107555,2.022,2.672501059
9,7,8,NaN,354.6,63.8,381.5604635,20.11512038,28.56669829,0,26.82466254,77.22384136,2.071,2.672501059
9,7,8.5,NaN,298.2,78.6,343.8005007,26.30438819,28.76462546,0,28.0225715,69.02873978,2.726,2.672501059
9,7,9,NaN,503.4,89.6,604.1594051,31.20422521,29.23965068,0,29.54260723,61.26338133,3.363,2.672501059
9,7,9.5,NaN,631.6,99.4,695.7867275,35.33040375,29.97198122,0,31.02237711,54.97713878,3.524,2.672501059
9,7,10,NaN,692.8,107,763.6490383,38.68292381,30.9121353,0,32.37128299,49.31052585,3.196,2.672501059
9,7,10.5,NaN,744.4,114,821.2131774,41.51967156,31.84239302,0,33.14640054,46.69209096,3.162,2.672501059
9,7,11,NaN,782.8,119.2,865.3104767,43.84064698,32.66379079,0,33.74032179,44.80321998,2.709,2.672501059
9,7,11.5,NaN,800.2,122,887.2270985,45.13007778,33.93052471,0,34.40470826,42.55456406,2.723,2.672501059
9,7,12,NaN,808.6,124.2,899.3736599,46.16162241,34.86078243,0,35.09929413,40.05605748,2.955,2.627493012
9,7,12.5,NaN,792.8,123,886.9630428,46.16162241,35.45456395,0,35.34088921,39.0766429,3.131,2.627493012
9,7,13,NaN,764.8,119.6,853.6920266,44.87219162,36.15720542,0,35.67308245,37.3676644,3.205,2.627493012
9,7,13.5,NaN,714.4,112.8,796.3919431,41.77755771,36.57285248,0,36.43813354,35.96850072,2.318,2.627493012
9,7,14,NaN,387.2,62.8,453.1195539,23.7255266,36.55305977,0,36.21667138,35.73863811,1.959,2.627493012
9,7,14.5,NaN,621.4,102.8,682.0558319,36.36194838,36.83015781,0,36.43813354,36.40823788,2.399,2.627493012
9,7,15,NaN,456.8,77,510.1555816,27.59381898,37.06767042,0,36.22673785,36.72804672,2.765,2.627493012
9,7,15.5,NaN,289.4,50.6,343.0083336,18.82568959,36.88953596,0,35.66301599,37.69746727,1.557,2.627493012
9,7,16,NaN,317.2,59,363.3406213,20.37300654,36.43430346,0,36.38780124,35.8485724,1.486,2.627493012
9,7,16.5,NaN,215,43.2,245.8358419,13.92585257,35.76135107,0,36.3978677,35.07903238,1.106,2.581345488
9,7,17,NaN,65.4,13,84.76187458,5.157723175,35.37539308,0,36.30726954,34.94911004,0.849,2.581345488
9,7,17.5,NaN,10.6,1.8,16.37145241,0.773658476,35.16756955,0,34.88789843,41.20537051,1.653,2.581345488
9,7,18,NaN,1.2,0.2,1.584334104,0,34.80140428,0,33.04573592,46.23236575,2.649,2.581345488
9,7,18.5,NaN,0,0,0,0,34.17793368,0,32.37128299,49.66031678,3.701,2.581345488
9,7,19,NaN,0,0,0,0,33.48518857,0,31.45523496,53.12824391,3.946,2.581345488
9,7,19.5,NaN,0,0,0,0,33.03985242,0,30.70025033,54.59736578,4.283,2.581345488
9,7,20,NaN,0,0,0,0,32.67368715,0,30.00566447,57.70550796,5.509,2.581345488
9,7,20.5,NaN,0,0,0,0,32.48565634,0,28.72722382,62.52262865,3.964,2.581345488
9,7,21,NaN,0,0,0,0,32.25804009,0,28.88828721,61.60317823,3.205,2.581345488
9,7,21.5,NaN,0,0,0,0,31.9908384,0,28.99901829,61.14345302,2.276,2.581345488
9,7,22,NaN,0,0,0,0,31.78301487,0,28.82788844,63.45207309,2.692,2.581345488
9,7,22.5,NaN,0,0,0,0,31.6543622,0,27.93197334,68.63897275,4.546,2.581345488
9,7,23,NaN,0,0,0,0,31.55539862,0,26.9152607,72.90642199,5.184,2.581345488
9,7,23.5,NaN,0,0,0,0,31.40695324,0,26.40187115,74.2756036,4.176,2.581345488
9,8,0,NaN,0,0,0,0,31.1991297,0,26.12001022,76.82408031,3.514,2.581345488
9,8,0.5,NaN,0,0,0,0,31.02099525,0,25.84821575,78.8328796,1.941,2.581345488
9,8,1,NaN,0,0,0,0,30.88244622,0,25.70728529,79.7823121,1.221,2.534009579
9,8,1.5,NaN,0,0,0,0,30.7438972,0,25.50595605,81.35137423,2.442,2.534009579
9,8,2,NaN,0,0,0,0,30.58555546,0,25.4153579,78.6429931,3.369,2.534009579
9,8,2.5,NaN,0,0,0,0,30.36783557,0,25.81801637,74.05573502,3.907,2.534009579
9,8,3,NaN,0,0,0,0,30.22928655,0,25.84821575,74.0857171,2.858,2.534009579
9,8,3.5,NaN,0,0,0,0,30.1699084,0,25.48582313,75.6447852,1.894,2.534009579
9,8,4,NaN,0,0,0,0,30.13032296,0,25.02276589,77.86345905,1.119,2.534009579
9,8,4.5,NaN,0,0,0,0,30.06104845,0,24.53957572,80.3519716,2.124,2.534009579
9,8,5,NaN,0,0,0,0,29.94229215,0,24.39864526,81.35137423,2.172,2.534009579
9,8,5.5,NaN,0,0,0,0,29.79384677,0,24.26778125,82.15089634,2.51,2.534009579
9,8,6,NaN,3.2,0.4,5.281113681,0,29.67509046,0,24.05638556,83.74994055,2.653,2.534009579
9,8,6.5,NaN,24.4,4.8,29.8382923,1.805203111,29.56623052,0,24.02618617,84.64940292,2.637,2.534009579
9,8,7,NaN,48.6,8.8,65.22175396,3.868292381,29.47716329,0,24.34831295,84.84928344,1.379,2.534009579
9,8,7.5,NaN,126.8,23.2,158.9615218,8.768129397,29.36830334,0,24.67043972,84.64940292,2.06,2.534009579
9,8,8,NaN,140.8,25,171.6361946,9.541787873,29.29902883,0,25.40529143,83.05035871,2.737,2.534009579
9,8,8.5,NaN,266.4,74.6,418.5282592,24.75707124,29.40788878,0,26.71393147,77.81348891,2.522,2.534009579
9,8,9,NaN,501.2,91.4,614.7216325,31.46211137,29.63550503,0,28.64669213,68.06931325,2.321,2.534009579
9,8,9.5,NaN,644.4,102.6,709.2535674,35.84617606,30.3381465,0,30.12646201,61.91299304,2.318,2.534009579
9,8,10,NaN,715,111.8,785.8297158,39.9723546,31.49602046,0,31.46530143,56.05649362,2.374,2.534009579
9,8,10.5,NaN,778.6,120.8,854.4841936,43.58276083,32.59451628,0,32.82427377,49.55038249,2.992,2.485433389
9,8,11,NaN,706.8,110.6,784.5094374,40.23024076,33.26746867,0,33.60945778,45.54277793,3.262,2.485433389
9,8,11.5,NaN,751.6,117.4,836.0002957,43.06698851,34.32637906,0,34.44497411,41.51518533,3.339,2.485433389
9,8,12,NaN,816.6,127.2,907.8234418,47.19316705,35.14777683,0,35.08922767,36.85796906,4.225,2.485433389
9,8,12.5,NaN,710,111.6,794.807609,41.51967156,35.71186928,0,35.43148737,36.04845293,3.315,2.485433389
9,8,13,NaN,518.2,82.6,604.6875165,31.46211137,36.22647993,0,35.41135444,35.94851267,2.986,2.485433389
9,8,13.5,NaN,730.2,116.4,816.1961194,42.80910235,36.56295613,0,36.16633908,34.84916977,2.811,2.485433389
9,8,14,NaN,663.6,107.4,745.1651404,39.45658229,36.91922504,0,36.32740246,34.21954611,2.732,2.435561791
9,8,14.5,NaN,485.4,80.8,556.3653263,29.65690825,37.30518303,0,35.82407938,34.75922354,2.395,2.435561791
9,8,15,NaN,565.6,96.6,628.4525281,34.29885911,37.37445754,0,36.51866524,33.70985077,2.709,2.435561791
9,8,15.5,NaN,412,73.2,471.6034517,25.78861587,37.05777406,0,36.21667138,35.09902043,3.116,2.435561791
9,8,16,NaN,319.6,60,368.3576793,20.6308927,36.97860319,0,36.055608,34.56933704,2.664,2.435561791
9,8,16.5,NaN,218.8,44.2,251.9091226,14.44162489,36.4244071,0,36.62939632,34.86915782,1.461,2.435561791
9,8,17,NaN,133.8,28.4,149.1914615,9.283901714,35.8504183,0,36.00527569,35.25892485,1.886,2.435561791
9,8,17.5,NaN,49.6,9.8,54.39547092,3.094633905,35.65249112,0,35.12949351,38.09722833,2.184,2.435561791
9,8,18,NaN,2.8,0.4,3.168668209,0,35.45456395,0,33.82085348,42.55456406,2.436,2.435561791
9,8,18.5,NaN,0,0,0,0,35.02902053,0,32.19008667,48.25115906,2.455,2.384336168
9,8,19,NaN,0,0,0,0,34.45503172,0,31.12304172,50.83961188,2.498,2.384336168
9,8,19.5,NaN,0,0,0,0,33.88104291,0,30.68011741,52.87839325,3.49,2.384336168
9,8,20,NaN,0,0,0,0,33.32684683,0,30.23719309,58.35511967,3.486,2.384336168
9,8,20.5,NaN,0,0,0,0,32.98047427,0,29.47214199,61.37331562,3.195,2.384336168
9,8,21,NaN,0,0,0,0,32.7330653,0,29.12988229,62.29276604,2.921,2.384336168
9,8,21.5,NaN,0,0,0,0,32.50544905,0,29.01915121,61.67313641,2.913,2.384336168
9,8,22,NaN,0,0,0,0,32.2778328,0,28.75742321,62.39270631,2.719,2.384336168
9,8,22.5,NaN,0,0,0,0,32.07000927,0,28.52589459,63.1122762,2.436,2.384336168
9,8,23,NaN,0,0,0,0,31.90177117,0,28.18363488,65.09109341,1.558,2.384336168
9,8,23.5,NaN,0,0,0,0,31.81270394,0,27.5997801,67.32975531,0.268,2.384336168
9,9,0,NaN,0,0,0,0,31.69394764,0,27.02599178,70.55782581,1.645,2.384336168
9,9,0.5,NaN,0,0,0,0,31.48612411,0,26.59313392,71.86704325,0.942,2.384336168
9,9,1,NaN,0,0,0,0,31.33767873,0,25.96901329,73.67596202,0.29,2.384336168
9,9,1.5,NaN,0,0,0,0,31.1991297,0,25.18382927,76.90403252,0.425,2.384336168
9,9,2,NaN,0,0,0,0,31.02099525,0,24.47917695,79.87225834,0.966,2.384336168
9,9,2.5,NaN,0,0,0,0,30.84286079,0,23.90538863,82.05095607,0.961,2.384336168
9,9,3,NaN,0,0,0,0,30.65482997,0,23.4926637,83.84988081,1.585,2.384336168
9,9,3.5,NaN,0,0,0,0,30.4569028,0,23.31146738,84.94922371,1.976,2.384336168
9,9,4,NaN,0,0,0,0,30.2886647,0,22.94907476,86.14850686,1.388,2.384336168
9,9,4.5,NaN,0,0,0,0,30.11053025,0,22.64708091,87.44773029,1.156,2.384336168
9,9,5,NaN,0,0,0,0,29.94229215,0,22.35515351,88.34719265,1.619,2.384336168
9,9,5.5,NaN,0,0,0,0,29.75426133,0,22.2544889,89.34659529,1.047,2.384336168
9,9,6,NaN,5.2,1,6.865447786,0.257886159,29.59591959,0,21.85183043,89.44653555,1.866,2.384336168
9,9,6.5,NaN,71,14.6,64.16553123,3.610406222,29.36830334,0,22.20415659,90.24605765,2.206,2.384336168
9,9,7,NaN,152.2,32,148.9274058,8.768129397,29.0417235,0,23.71412585,89.34659529,2.472,2.384336168
9,9,7.5,NaN,273,53.6,281.4833592,15.47316952,28.91307084,0,24.19731602,85.2490445,2.537,2.33169412
9,9,8,NaN,381.4,70.2,396.8756931,21.14666502,29.03182715,0,25.50595605,75.23503012,2.316,2.33169412
9,9,8.5,NaN,382.6,94.8,418.0001479,29.65690825,29.2594434,0,27.9420398,59.19461788,2.437,2.33169412
9,9,9,NaN,563.4,102.2,638.7506997,33.26731448,29.77405405,0,30.38819001,44.3135127,3.423,2.33169412
9,9,9.5,NaN,671,108.2,714.7987368,36.36194838,30.47669552,0,32.02902328,37.54755688,3.921,2.33169412
9,9,10,NaN,738.2,116.6,788.4702726,39.9723546,31.55539862,0,33.38799562,31.97089019,4.402,2.33169412
9,9,10.5,NaN,794.4,123.8,851.3155254,43.32487467,32.54503449,0,34.36444242,27.10379938,5.675,2.33169412
9,9,11,NaN,824.4,128,887.2270985,45.38796394,33.45549949,0,34.82749966,27.12378743,5.424,2.277569142
9,9,11.5,NaN,841.2,131,908.0874975,46.67739473,34.70244069,0,35.43148737,26.22432506,4.896,2.277569142
9,9,12,NaN,845.4,132.4,915.4810566,47.45105321,35.49414939,0,35.68314891,23.73581251,5.869,2.277569142
9,9,12.5,NaN,823.2,130.2,896.2049917,46.93528089,36.03844911,0,35.99520923,23.41600366,5.258,2.277569142
9,9,13,NaN,793.8,126.4,865.3104767,45.6458501,36.66191971,0,36.33746893,23.11618287,4.521,2.221890279
9,9,13.5,NaN,747.2,119.8,812.7633955,43.06698851,37.27549395,0,36.3978677,22.49655324,4.379,2.221890279
9,9,14,NaN,687.6,112.4,751.2384212,40.23024076,37.58228107,0,36.8709914,22.79637403,3.732,2.221890279
9,9,14.5,NaN,613.8,103,672.2857716,36.10406222,37.60207379,0,36.80052617,22.18673843,4.683,2.221890279
9,9,15,NaN,527.2,91.4,579.3381708,31.46211137,37.53279928,0,36.80052617,20.31785551,3.758,2.221890279
9,9,15.5,NaN,426.8,77,470.8112847,26.04650203,37.35466482,0,37.02198833,20.39780772,3.287,2.221890279
9,9,16,NaN,324.6,61.8,359.379786,20.11512038,37.14684129,0,36.86092494,21.15735372,3.701,2.164581728
9,9,16.5,NaN,222,45.6,243.9874521,13.92585257,36.77077966,0,36.68979509,21.31725814,3.12,2.164581728
9,9,17,NaN,121,26.6,132.027842,8.252357079,36.18689449,0,36.53879816,22.1367683,1.942,2.164581728
9,9,17.5,NaN,35.6,7.2,41.98485377,2.578861587,35.69207656,0,35.55228491,23.77578861,2.078,2.164581728
9,9,18,NaN,2.6,0.4,3.432723893,0,35.5139421,0,33.28733101,30.24192364,1.994,2.164581728
9,9,18.5,NaN,0,0,0,0,35.28632585,0,30.16672786,41.04546609,1.891,2.164581728
9,9,19,NaN,0,0,0,0,34.74202612,0,27.85144165,41.94492846,1.929,2.164581728
9,9,19.5,NaN,0,0,0,0,34.06907373,0,26.83472901,44.05366801,1.816,2.164581728
9,9,20,NaN,0,0,0,0,33.46539585,0,26.29114007,43.72386514,2.155,2.164581728
9,9,20.5,NaN,0,0,0,0,32.96068155,0,26.47233638,44.09364412,2.637,2.164581728
9,9,21,NaN,0,0,0,0,32.4955527,0,26.79446316,44.27353659,3.045,2.164581728
9,9,21.5,NaN,0,0,0,0,32.14918014,0,26.22067484,49.30053183,1.705,2.164581728
9,9,22,NaN,0,0,0,0,31.92156389,0,25.00263296,52.61854857,1.861,2.164581728
9,9,22.5,NaN,0,0,0,0,31.76322215,0,24.01611971,56.97594404,2.575,2.164581728
9,9,23,NaN,0,0,0,0,31.51581318,0,23.8349234,57.80544823,2.578,2.164581728
9,9,23.5,NaN,0,0,0,0,31.21892242,0,24.06645202,53.57797509,2.257,2.164581728
9,10,0,NaN,0,0,0,0,30.94182438,0,24.90196834,48.92075883,2.677,2.164581728
9,10,0.5,NaN,0,0,0,0,30.64493362,0,25.68715236,46.50220446,1.861,2.164581728
9,10,1,NaN,0,0,0,0,30.5756591,0,23.82485693,55.19700736,1.601,2.164581728
9,10,1.5,NaN,0,0,0,0,30.54597003,0,22.46588459,61.2533873,1.484,2.164581728
9,10,2,NaN,0,0,0,0,30.41731737,0,22.10349197,64.49145183,1.509,2.164581728
9,10,2.5,NaN,0,0,0,0,30.19959747,0,21.53977011,61.84303486,2.186,2.164581728
9,10,3,NaN,0,0,0,0,30.0016703,0,22.23435597,57.62555575,1.537,2.164581728
9,10,3.5,NaN,0,0,0,0,29.8334322,0,22.20415659,64.50144586,1.325,2.164581728
9,10,4,NaN,0,0,0,0,29.7146759,0,21.21764333,67.16985089,1.875,2.164581728
9,10,4.5,NaN,0,0,0,0,29.59591959,0,21.12704518,68.35914002,1.601,2.105562403
9,10,5,NaN,0,0,0,0,29.46726693,0,21.1471781,70.8576466,2.115,2.105562403
9,10,5.5,NaN,0,0,0,0,29.31882155,0,20.38212701,69.1486681,2.407,2.105562403
9,10,6,NaN,5.6,1,6.601392102,0.257886159,29.20006524,0,20.64385501,68.43909223,2.134,2.105562403
9,10,6.5,NaN,44.6,9.6,41.98485377,2.320975429,29.03182715,0,21.30824149,70.54783178,1.4,2.105562403
9,10,7,NaN,120.4,26.4,109.8471646,6.447153968,28.8042109,0,22.87860953,74.15567528,1.443,2.105562403
9,10,7.5,NaN,210.4,43.8,195.9293176,11.34699098,28.67555823,0,24.08658494,66.52023917,2.149,2.105562403
9,10,8,NaN,311.4,60.6,294.6861434,16.246828,28.71514367,0,26.62333331,56.32633233,2.106,2.105562403
9,10,8.5,NaN,288,75.2,334.0304403,21.40455117,28.90317448,0,28.79768905,46.12243146,2.891,2.105562403
9,10,9,NaN,468.4,88.6,486.9186814,26.56227435,29.31882155,0,30.48885463,41.56515546,3.265,2.105562403
9,10,9.5,NaN,586.2,99.2,589.6363425,30.94633905,29.95218851,0,31.89815928,37.78741351,3.893,2.105562403
9,10,10,NaN,651.4,108.2,657.4986533,34.81463143,30.83296443,0,33.156467,34.93911601,3.959,2.105562403
9,10,10.5,NaN,691.6,114,695.2586161,36.8777207,31.67415492,0,34.27384426,32.06083643,4.305,2.04474546
9,10,11,NaN,741,120.6,757.3117019,40.23024076,32.4955527,0,35.03889536,30.65167872,4.313,2.04474546
9,10,11.5,NaN,773.4,125,805.1057807,42.80910235,33.58415215,0,35.79387999,28.61289735,5.215,2.04474546
9,10,12,NaN,816,131.6,857.6528618,45.90373625,34.37586085,0,36.34753539,26.32426532,5.618,2.04474546
9,10,12.5,NaN,771.2,125.4,815.4039524,44.09853314,34.98943509,0,36.83072555,24.95508372,5.879,1.982037751
9,10,13,NaN,755.6,123.6,803.2573909,43.32487467,35.63269841,0,37.04212125,24.14556759,6.214,1.982037751
9,10,13.5,NaN,706,116.4,749.9181427,40.74601308,36.17699814,0,37.17298525,24.13557356,5.154,1.982037751
9,10,14,NaN,623.2,105.2,658.5548761,36.10406222,36.4738889,0,37.28371633,24.91510761,5.023,1.982037751
9,10,14.5,NaN,555.2,96.4,582.7708947,32.23576984,36.63223064,0,37.3441151,25.53473724,5.132,1.982037751
9,10,15,NaN,468,84.2,487.4467928,27.33593283,36.58274884,0,37.56557726,25.57471335,3.989,1.91733923
9,10,15.5,NaN,382.6,71.8,390.8024124,21.92032349,36.50357797,0,37.43471326,24.9850658,4.096,1.91733923
9,10,16,NaN,266.4,52.8,269.8649091,15.21528337,36.39471803,0,37.09245356,25.15496424,4.294,1.91733923
9,10,16.5,NaN,173,36.2,173.7486401,10.31544635,36.10772363,0,36.90119079,24.91510761,3.881,1.91733923
9,10,17,NaN,89.2,19,88.72270985,5.157723175,35.71186928,0,36.34753539,26.70403832,3.316,1.91733923
9,10,17.5,NaN,27.4,5.6,28.78206956,1.805203111,35.38528944,0,35.33082275,28.2531124,3.164,1.91733923
9,10,18,NaN,2.2,0.4,2.640556841,0,35.04881324,0,34.17317964,30.07202519,2.484,1.91733923
9,10,18.5,NaN,0,0,0,0,34.66285525,0,32.64307745,33.44001206,2.053,1.91733923
9,10,19,NaN,0,0,0,0,34.28679362,0,30.60965217,38.33708496,1.908,1.91733923
9,10,19.5,NaN,0,0,0,0,33.90083563,0,29.03928414,42.39465964,2.555,1.91733923
9,10,20,NaN,0,0,0,0,33.43570677,0,28.16350196,46.08245535,2.641,1.91733923
9,10,20.5,NaN,0,0,0,0,32.98047427,0,28.54602751,45.20298104,2.793,1.91733923
9,10,21,NaN,0,0,0,0,32.56482721,0,28.21383427,45.91255691,2.747,1.91733923
9,10,21.5,NaN,0,0,0,0,32.26793644,0,27.7306441,48.77084843,2.333,1.91733923
9,10,22,NaN,0,0,0,0,32.08980199,0,26.573001,51.47922957,2.523,1.91733923
9,10,22.5,NaN,0,0,0,0,31.86218574,0,26.31127299,52.11884725,2.196,1.91733923
9,10,23,NaN,0,0,0,0,31.62467313,0,26.53273515,50.36989264,2.186,1.91733923
9,10,23.5,NaN,0,0,0,0,31.3673678,0,26.17034253,52.93835741,1.9,1.91733923
9,11,0,NaN,0,0,0,0,31.15954427,0,25.47575667,58.33513162,2.624,1.91733923
9,11,0.5,NaN,0,0,0,0,30.95172074,0,25.25429451,58.99473736,1.568,1.91733923
9,11,1,NaN,0,0,0,0,30.89234258,0,24.38857879,64.38151754,1.532,1.91733923
9,11,1.5,NaN,0,0,0,0,30.81317171,0,23.60339478,69.72832162,1.443,1.91733923
9,11,2,NaN,0,0,0,0,30.64493362,0,22.90880891,71.86704325,2.011,1.91733923
9,11,2.5,NaN,0,0,0,0,30.46679916,0,22.42561875,73.43610539,1.193,1.91733923
9,11,3,NaN,0,0,0,0,30.29856106,0,21.8316975,74.6953527,0.949,1.91733923
9,11,3.5,NaN,0,0,0,0,30.13032296,0,21.59010242,76.62419978,1.087,1.91733923
9,11,4,NaN,0,0,0,0,29.96208486,0,21.45923842,78.17327386,1.047,1.91733923
9,11,4.5,NaN,0,0,0,0,29.81363948,0,21.24784272,78.44311257,1.433,1.91733923
9,11,5,NaN,0,0,0,0,29.67509046,0,21.49950426,79.93222249,1.314,1.91733923
9,11,5.5,NaN,0,0,0,0,29.53654144,0,21.38877318,77.59362034,1.582,1.91733923
9,11,6,NaN,5.8,1,7.393559154,0.515772317,29.41778514,0,21.34850734,78.13329776,0.832,1.91733923
9,11,6.5,NaN,47.4,10.4,46.4738004,2.578861587,29.26933975,0,21.37870672,78.01336944,1.064,1.91733923
9,11,7,NaN,130.4,28.6,123.8421158,7.478698603,29.0417235,0,23.73425878,79.6324017,1.191,1.91733923
9,11,7.5,NaN,228.4,46.8,223.127053,12.89430794,28.93286356,0,24.83150311,70.59780191,0.993,1.91733923
9,11,8,NaN,332.4,63.6,324.5244357,18.05203111,28.99224171,0,26.84479547,61.46326186,1.16,1.850542278
9,11,8.5,NaN,300,78,364.1327883,23.7255266,29.26933975,0,28.76748967,54.57737772,1.502,1.850542278
9,11,9,NaN,483.8,90.6,522.3021431,28.62536362,29.74436497,0,30.2875254,50.55977914,1.406,1.850542278
9,11,9.5,NaN,601,101.2,618.9465234,32.75154216,30.52617731,0,32.02902328,45.96252704,1.409,1.850542278
9,11,10,NaN,665.8,110,686.8088342,36.36194838,31.51581318,0,33.73025533,40.72565725,1.397,1.850542278
9,11,10.5,NaN,712.4,116.4,737.5075256,39.19869613,32.63410172,0,34.74696797,37.27771817,2.075,1.850542278
9,11,11,NaN,746.2,121.2,775.7955998,41.51967156,33.53467036,0,36.12607323,33.83977311,1.756,1.850542278
9,11,11.5,NaN,775,125.2,811.7071728,43.58276083,34.74202612,0,36.56899755,30.78160106,2.032,1.781530951
9,11,12,NaN,791.2,127.2,824.3818456,44.61430546,35.79104015,0,36.78039324,28.60290332,2.3,1.781530951
9,11,12.5,NaN,789.2,128.4,813.5555626,44.87219162,36.77077966,0,37.23338402,27.10379938,2.101,1.781530951
9,11,13,NaN,793.2,129.8,824.3818456,45.13007778,37.33487211,0,37.90783696,25.9744744,2.709,1.781530951
9,11,13.5,NaN,493.8,80.4,548.1796001,29.65690825,37.51300656,0,38.03870097,25.54473127,1.894,1.781530951
9,11,14,NaN,440,73.6,486.39057,26.56227435,37.59217743,0,37.70650773,26.07441466,1.077,1.781530951
9,11,14.5,NaN,562.2,97,583.2990061,32.493656,37.81979368,0,38.03870097,25.38482685,1.701,1.781530951
9,11,15,NaN,460.8,82,476.356454,26.82016051,37.84948276,0,38.12929912,26.03443856,1.672,1.710180135
9,11,15.5,NaN,369,68.4,381.5604635,21.40455117,37.76041553,0,37.66624188,27.13378145,2.269,1.710180135
9,11,16,NaN,280.4,54.4,289.9331411,16.50471416,37.552592,0,37.81723881,26.96388301,1.513,1.710180135
9,11,16.5,NaN,185.4,38,189.0638698,11.08910483,37.2161158,0,37.30384926,28.64287943,2.064,1.710180135
9,11,17,NaN,131.8,26.8,127.010784,7.736584762,36.84995053,0,36.62939632,30.44180417,2.325,1.710180135
9,11,17.5,NaN,46.8,9.4,40.66457535,2.320975429,36.37492531,0,35.86434522,32.07083046,2.225,1.710180135
9,11,18,NaN,3.6,0.8,2.376501157,0,35.9691746,0,34.71676858,36.80799893,3.658,1.710180135
9,11,18.5,NaN,0,0,0,0,35.5139421,0,33.27726455,42.81440875,3.258,1.710180135
9,11,19,NaN,0,0,0,0,35.03891688,0,32.37128299,45.08305272,3.022,1.710180135
9,11,19.5,NaN,0,0,0,0,34.57378802,0,31.61629835,47.55157722,2.582,1.710180135
9,11,20,NaN,0,0,0,0,34.19772639,0,30.79084849,49.55038249,2.404,1.710180135
9,11,20.5,NaN,0,0,0,0,33.8612502,0,30.16672786,50.59975525,2.771,1.710180135
9,11,21,NaN,0,0,0,0,33.54456672,0,29.6533383,50.87958799,1.907,1.710180135
9,11,21.5,NaN,0,0,0,0,33.25757232,0,29.47214199,50.56977317,2.749,1.710180135
9,11,22,NaN,0,0,0,0,32.99037063,0,29.33121153,51.54918775,1.635,1.710180135
9,11,22.5,NaN,0,0,0,0,32.84192525,0,28.55609397,56.68611728,2.265,1.710180135
9,11,23,NaN,0,0,0,0,32.71327259,0,28.13330258,59.40449244,1.793,1.710180135
9,11,23.5,NaN,0,0,0,0,32.52524177,0,28.12323611,59.26457607,2.165,1.710180135
9,12,0,NaN,0,0,0,0,32.33721096,0,28.14336904,63.27218062,2.933,1.710180135
9,12,0.5,NaN,0,0,0,0,32.1590765,0,28.16350196,65.87062746,2.243,1.710180135
9,12,1,NaN,0,0,0,0,32.01063112,0,27.99237211,67.0599166,1.794,1.710180135
9,12,1.5,NaN,0,0,0,0,31.92156389,0,27.40851733,70.26799904,3.157,1.710180135
9,12,2,NaN,0,0,0,0,31.85228938,0,27.27765332,72.25681028,2.997,1.710180135
9,12,2.5,NaN,0,0,0,0,31.75332579,0,27.05619117,72.72652952,2.067,1.710180135
9,12,3,NaN,0,0,0,0,31.66425856,0,26.54280161,74.73532881,2.645,1.710180135
9,12,3.5,NaN,0,0,0,0,31.55539862,0,26.35153884,75.19505402,2.601,1.710180135
9,12,4,NaN,0,0,0,0,31.43664231,0,26.0193456,76.12449847,2.984,1.710180135
9,12,4.5,NaN,0,0,0,0,31.33767873,0,25.72741821,76.35436107,2.364,1.710180135
9,12,5,NaN,0,0,0,0,31.23871514,0,25.42542436,77.29379955,3.376,1.710180135
9,12,5.5,NaN,0,0,0,0,31.12985519,0,25.14356343,78.34317231,3.142,1.710180135
9,12,6,NaN,5,1.2,3.696779577,0,31.02099525,0,24.79123727,78.74293336,2.799,1.710180135
9,12,6.5,NaN,33.2,7,31.15857072,2.06308927,30.88244622,0,24.96236712,79.00277805,0.87,1.710180135
9,12,7,NaN,155.8,31.6,152.6241854,8.768129397,30.7438972,0,25.02276589,78.46310062,2.005,1.710180135
9,12,7.5,NaN,250,49.6,249.5326214,13.92585257,30.54597003,0,25.48582313,71.72712689,3.15,1.710180135
9,12,8,NaN,271.8,50,298.382923,16.246828,30.6251409,0,26.30120653,68.30916989,2.079,1.710180135
9,12,8.5,NaN,210.2,56.2,355.4189507,19.34146191,30.87254987,0,26.9152607,67.25979712,1.459,1.710180135
9,12,9,NaN,502.8,91.8,575.6413913,30.68845289,30.99130617,0,28.03263796,64.79127262,1.734,1.710180135
9,12,9.5,NaN,628.4,102.6,667.796825,35.33040375,31.5356059,0,28.78762259,62.94237775,1.709,1.636354589
9,12,10,NaN,696.6,111.6,742.7886393,39.19869613,32.51534541,0,29.74393646,60.34393091,1.623,1.636354589
9,12,10.5,NaN,752.2,119,806.4260591,42.55121619,33.51487764,0,30.68011741,56.75607546,2.197,1.636354589
9,12,11,NaN,789.8,124.4,847.3546902,45.13007778,34.55399531,0,31.39483619,53.33811846,2.036,1.636354589
9,12,11.5,NaN,812.4,128,872.7040358,46.67739473,36.05824183,0,32.58267868,48.8707887,2.146,1.636354589
9,12,12,NaN,819,129.6,881.9459848,47.70893937,36.96870683,0,33.72018886,44.07365606,1.956,1.636354589
9,12,12.5,NaN,804,128.2,866.1026437,47.70893937,37.58228107,0,34.65636981,40.61572296,1.842,1.636354589
9,12,13,NaN,774.4,124.2,842.3376322,45.90373625,38.30471526,0,36.01534215,37.31769427,1.967,1.636354589
9,12,13.5,NaN,731,118,789.5264953,43.84064698,39.13600939,0,36.85085848,33.55994038,1.467,1.636354589
9,12,14,NaN,665.2,109.6,720.0798504,40.23024076,39.53186374,0,37.60584311,31.12139796,1.85,1.559907867
9,12,14.5,NaN,584.2,98.6,631.3571406,35.33040375,39.57144917,0,37.9783022,30.27190572,1.923,1.559907867
9,12,15,NaN,496.6,86.4,537.6173728,30.43056673,39.38341836,0,38.13936558,29.70224622,2.165,1.559907867
9,12,15.5,NaN,400.6,72.6,431.4669878,24.49918508,39.24486934,0,38.18969789,29.76221038,1.208,1.559907867
9,12,16,NaN,296.6,56.8,317.9230436,18.30991727,38.86880771,0,38.59235636,28.91271814,1.607,1.559907867
9,12,16.5,NaN,194.8,39.8,206.7556006,12.37853562,38.32450798,0,38.19976436,30.94150548,1.964,1.559907867
9,12,17,NaN,74.4,14.8,85.81809732,4.899837016,38.21564803,0,36.27707016,37.16778388,3.596,1.559907867
9,12,17.5,NaN,19.8,3.8,25.08528999,1.289430794,37.87917183,0,35.13955997,40.56575283,2.202,1.559907867
9,12,18,NaN,1.8,0.2,2.112445473,0,37.23590852,0,34.01211626,44.22356646,2.514,1.559907867
9,12,18.5,NaN,0,0,0,0,36.53326705,0,32.97527069,48.4910157,2.336,1.559907867
9,12,19,NaN,0,0,0,0,35.93948553,0,31.83776051,52.52860233,3.071,1.559907867
9,12,19.5,NaN,0,0,0,0,35.42487487,0,31.01231064,54.81723436,3.241,1.559907867
9,12,20,NaN,0,0,0,0,34.98943509,0,30.33785771,57.91538251,3.068,1.559907867
9,12,20.5,NaN,0,0,0,0,34.61337346,0,30.0761297,60.86362028,2.984,1.559907867
9,12,21,NaN,0,0,0,0,34.27689726,0,29.83453462,63.31215673,3.031,1.559907867
9,12,21.5,NaN,0,0,0,0,33.99979922,0,29.57280661,65.94058565,2.215,1.559907867
9,12,22,NaN,0,0,0,0,33.8117684,0,28.75742321,68.29917586,1.417,1.559907867
9,12,22.5,NaN,0,0,0,0,33.63363395,0,27.93197334,70.94759283,1.241,1.559907867
9,12,23,NaN,0,0,0,0,33.46539585,0,27.62997949,74.34556178,1.349,1.559907867
9,12,23.5,NaN,0,0,0,0,33.2377796,0,27.60984656,75.27500623,1.523,1.559907867
9,13,0,NaN,0,0,0,0,33.03985242,0,27.40851733,75.78470157,1.61,1.559907867
9,13,0.5,NaN,0,0,0,0,32.87161433,0,27.02599178,76.90403252,2.431,1.559907867
9,13,1,NaN,0,0,0,0,32.66379079,0,26.77433024,77.34376968,2.304,1.559907867
9,13,1.5,NaN,0,0,0,0,32.46586362,0,26.55286808,77.23383539,1.123,1.559907867
9,13,2,NaN,0,0,0,0,32.35700367,0,25.84821575,79.16268247,1.729,1.559907867
9,13,2.5,NaN,0,0,0,0,32.21845465,0,25.23416158,81.25143397,1.521,1.559907867
9,13,3,NaN,0,0,0,0,32.04032019,0,24.9925665,83.05035871,1.78,1.559907867
9,13,3.5,NaN,0,0,0,0,31.81270394,0,24.94223419,84.54946265,1.459,1.559907867
9,13,4,NaN,0,0,0,0,31.64446585,0,24.37851233,85.54886528,1.398,1.559907867
9,13,4.5,NaN,0,0,0,0,31.48612411,0,24.08658494,86.44832765,1.115,1.559907867
9,13,5,NaN,0,0,0,0,31.33767873,0,23.74432524,87.54767055,0.488,1.559907867
9,13,5.5,NaN,0.2,0,0,0,31.17933699,0,23.53292954,88.24725239,1.207,1.559907867
9,13,6,NaN,9.4,2.2,8.44978189,0.515772317,31.04078796,0,23.50273016,89.0467745,1.375,1.559907867
9,13,6.5,NaN,71.8,16.2,55.71574934,3.352520064,30.86265351,0,24.19731602,89.74635634,0.967,1.559907867
9,13,7,NaN,108.2,22.4,105.3582179,6.447153968,30.66472633,0,25.48582313,89.14671476,0.718,1.559907867
9,13,7.5,NaN,191.4,38.6,193.0247051,11.34699098,30.67462269,0,26.20054191,88.14731213,0.579,1.559907867
9,13,8,NaN,322.6,62.2,309.209206,18.05203111,30.71420813,0,26.82466254,84.04976134,1.086,1.559907867
9,13,8.5,NaN,312,81.2,407.1738648,25.0149574,30.96161709,0,27.86150811,77.91342918,1.033,1.559907867
9,13,9,NaN,514,93,557.6856047,30.17268057,31.4168496,0,29.15001522,72.44669678,1.258,1.559907867
9,13,9.5,NaN,598,101,618.6824678,33.52520064,32.08980199,0,30.50898756,67.45967765,1.539,1.559907867
9,13,10,NaN,663.8,109.4,687.865057,37.13560686,33.08933422,0,31.38476973,63.54201933,1.478,1.559907867
9,13,10.5,NaN,729.6,118.2,762.0647042,41.2617854,34.15814096,0,32.63301099,59.76427738,1.379,1.480681097
9,13,11,NaN,768.4,123.6,806.4260591,43.84064698,35.19725862,0,33.45846086,55.5567923,1.645,1.480681097
9,13,11.5,NaN,782.6,126.2,812.7633955,44.61430546,36.642127,0,34.56577165,48.70089025,1.591,1.480681097
9,13,12,NaN,783.6,126.8,815.6680081,45.13007778,37.37445754,0,35.78381353,39.24654135,2.436,1.480681097
9,13,12.5,NaN,753.8,123.2,778.7002123,43.58276083,37.76041553,0,36.83072555,34.69925938,2.241,1.480681097
9,13,13,NaN,731,120.4,765.2333724,42.80910235,38.30471526,0,37.70650773,33.16017932,2.43,1.480681097
9,13,13.5,NaN,712.4,118.2,743.3167506,42.03544387,38.70056961,0,38.04876743,32.26071696,2.447,1.480681097
9,13,14,NaN,466.4,78.2,499.8574099,27.85170514,39.07663124,0,38.14943205,31.19135614,2.778,1.480681097
9,13,14.5,NaN,316.2,55,335.0866631,18.56780343,39.22507662,0,37.28371633,33.33007777,3.063,1.480681097
9,13,15,NaN,430,77,435.1637673,25.0149574,39.17559483,0,37.99843512,31.1014099,1.372,1.480681097
9,13,15.5,NaN,375.8,69.4,390.0102454,22.43609581,38.81932591,0,37.79710588,31.37124861,2.441,1.480681097
9,13,16,NaN,282.6,54.6,293.365865,17.02048648,38.70056961,0,37.6360425,30.46179222,2.323,1.480681097
9,13,16.5,NaN,183.6,37.6,188.7998141,11.60487714,38.39378249,0,37.54544434,30.81158314,2.001,1.480681097
9,13,17,NaN,96,20.4,98.49277016,6.18926781,37.92865363,0,37.28371633,31.76101564,1.505,1.480681097
9,13,17.5,NaN,24.4,4.8,30.10234798,1.805203111,37.45362841,0,36.15627261,37.44761661,1.674,1.480681097
9,13,18,NaN,2,0.2,2.640556841,0,37.16663401,0,34.0523821,44.08365009,2.118,1.480681097
9,13,18.5,NaN,0,0,0,0,36.72129787,0,32.03908975,46.32231199,3.025,1.480681097
9,13,19,NaN,0,0,0,0,35.9691746,0,32.00889036,47.7314697,3.226,1.480681097
9,13,19.5,NaN,0,0,0,0,35.29622221,0,31.06264295,51.73907425,2.981,1.480681097
9,13,20,NaN,0,0,0,0,34.8904715,0,30.40832294,52.64853064,2.402,1.480681097
9,13,20.5,NaN,0,0,0,0,34.56389167,0,29.84460108,53.15822599,2.425,1.480681097
9,13,21,NaN,0,0,0,0,34.23731183,0,29.64327184,54.43746136,2.128,1.480681097
9,13,21.5,NaN,0,0,0,0,33.96021378,0,28.80775552,58.7848628,1.794,1.480681097
9,13,22,NaN,0,0,0,0,33.78207933,0,27.61991303,63.28217465,1.502,1.480681097
9,13,22.5,NaN,0,0,0,0,33.58415215,0,26.703865,67.42969557,0.764,1.480681097
9,13,23,NaN,0,0,0,0,33.3565359,0,25.83814929,70.62778399,1.187,1.480681097
9,13,23.5,NaN,0,0,0,0,33.11902329,0,25.2039622,73.10630252,1.804,1.480681097
9,14,0,NaN,0,0,0,0,32.84192525,0,24.81137019,74.82527505,2.433,1.480681097
9,14,0.5,NaN,0,0,0,0,32.53513813,0,24.73083849,74.24562152,1.272,1.480681097
9,14,1,NaN,0,0,0,0,32.31741824,0,24.25771479,74.40552594,1.34,1.480681097
9,14,1.5,NaN,0,0,0,0,32.16897286,0,23.99598678,76.26441483,1.68,1.480681097
9,14,2,NaN,0,0,0,0,32.01063112,0,23.65372708,77.81348891,0.873,1.480681097
9,14,2.5,NaN,0,0,0,0,31.84239302,0,23.52286308,78.59302297,1.701,1.480681097
9,14,3,NaN,0,0,0,0,31.6543622,0,23.35173323,78.80289752,1.915,1.480681097
9,14,3.5,NaN,0,0,0,0,31.46633139,0,23.39199908,79.19266455,1.803,1.480681097
9,14,4,NaN,0,0,0,0,31.28819693,0,23.18060338,79.81229418,1.051,1.480681097
9,14,4.5,NaN,0,0,0,0,31.16944063,0,22.86854307,81.55125476,1.786,1.480681097
9,14,5,NaN,0,0,0,0,31.05068432,0,22.53634983,82.65059765,1.409,1.480681097
9,14,5.5,NaN,0,0,0,0,30.9121353,0,22.13369136,83.35017949,1.432,1.480681097
9,14,6,NaN,8,1.6,8.713837574,0.515772317,30.78348264,0,21.84176396,84.74934318,0.997,1.480681097
9,14,6.5,NaN,49.8,11,48.32219018,2.836747746,30.5756591,0,22.31488767,85.84868607,0.731,1.480681097
9,14,7,NaN,126.6,28,118.8250578,7.220812445,30.29856106,0,23.87518924,85.74874581,1.21,1.480681097
9,14,7.5,NaN,205.8,43.2,192.232538,11.60487714,30.1204266,0,24.9925665,82.2508366,1.55,1.480681097
9,14,8,NaN,290.6,57.8,260.0948488,15.47316952,30.16001204,0,26.13007668,76.68416394,1.732,1.480681097
9,14,8.5,NaN,298.2,75,358.8516746,21.66243733,30.36783557,0,27.88164103,68.37912807,1.954,1.480681097
9,14,9,NaN,483.4,87.4,474.2440086,26.30438819,30.73400084,0,29.75400292,60.98354859,2.122,1.480681097
9,14,9.5,NaN,577.4,99.8,571.4165003,31.71999752,31.30798965,0,31.29417157,56.57618299,2.312,1.480681097
9,14,10,NaN,652.4,110,660.9313772,36.61983454,32.13928378,0,32.61287807,50.07007185,2.555,1.39850159
9,14,10.5,NaN,724.8,118.8,747.5416416,41.00389924,33.08933422,0,33.93158456,44.82320804,2.722,1.39850159
9,14,11,NaN,771,125,802.4652239,44.09853314,34.19772639,0,34.99862951,39.01667875,3.293,1.39850159
9,14,11.5,NaN,783.8,127.6,817.2523422,45.13007778,35.48425303,0,36.30726954,34.42942067,3.529,1.39850159
9,14,12,NaN,788.8,129,824.3818456,45.90373625,36.36502895,0,37.15285233,30.22193559,3.623,1.39850159
9,14,12.5,NaN,787.6,129.2,830.4551264,46.93528089,36.97860319,0,37.95816927,27.05382924,4.768,1.39850159
9,14,13,NaN,729,121.4,764.9693167,43.32487467,37.62186651,0,38.52189113,26.19434298,3.603,1.39850159
9,14,13.5,NaN,688.6,115.4,718.759572,40.74601308,38.23544075,0,38.83395145,25.3648388,2.848,1.39850159
9,14,14,NaN,626.4,107.4,649.3129271,37.13560686,38.69067325,0,39.33727454,25.14497022,2.766,1.39850159
9,14,14.5,NaN,560.8,98,580.3943936,33.52520064,38.90839314,0,39.43793915,24.39541824,2.705,1.39850159
9,14,15,NaN,493.4,88.6,503.5541895,29.14113594,39.0370458,0,39.49833793,23.35603951,2.613,1.39850159
9,14,15.5,NaN,376.8,70.4,385.5212987,22.69398197,38.98756401,0,39.54867023,23.06621274,2.435,1.39850159
9,14,16,NaN,272.4,53.4,276.7303569,16.246828,38.72036233,0,39.40773977,23.54592601,2.028,1.39850159
9,14,16.5,NaN,172.6,36,172.9564731,10.57333251,38.47295336,0,39.65940131,23.07620677,1.169,1.39850159
9,14,17,NaN,83.2,17,89.25082121,5.415609333,38.07709901,0,38.75341975,26.43419961,1.319,1.39850159
9,14,17.5,NaN,15.6,2.8,22.18067746,1.289430794,37.99792814,0,36.23680431,33.5299583,1.614,1.39850159
9,14,18,NaN,1.8,0.4,2.112445473,0,37.80000097,0,33.78058763,37.35767038,1.736,1.39850159
9,14,18.5,NaN,0,0,0,0,37.17653037,0,32.24041898,41.94492846,1.818,1.39850159
9,14,19,NaN,0,0,0,0,36.49368162,0,31.66663066,48.40106946,1.617,1.39850159
9,14,19.5,NaN,0,0,0,0,35.91969281,0,30.40832294,51.08946254,1.872,1.39850159
9,14,20,NaN,0,0,0,0,35.37539308,0,31.05257649,48.40106946,3.661,1.39850159
9,14,20.5,NaN,0,0,0,0,34.79150792,0,31.84782697,52.19879946,2.803,1.39850159
9,14,21,NaN,0,0,0,0,34.46492808,0,31.82769405,56.59617104,3.686,1.39850159
9,14,21.5,NaN,0,0,0,0,34.24720819,0,31.02237711,59.40449244,2.558,1.39850159
9,14,22,NaN,0,0,0,0,34.12845188,0,30.00566447,63.44207907,2.203,1.39850159
9,14,22.5,NaN,0,0,0,0,33.99979922,0,29.40167676,66.58020333,2.044,1.39850159
9,14,23,NaN,0,0,0,0,33.78207933,0,28.94868598,68.28918183,1.781,1.39850159
9,14,23.5,NaN,0,0,0,0,33.59404851,0,28.25410012,70.58780789,1.397,1.39850159
9,15,0,NaN,0,0,0,0,33.42581041,0,27.64004595,72.30678041,1.445,1.39850159
9,15,0.5,NaN,0,0,0,0,33.27736503,0,26.98572593,74.6953527,1.145,1.39850159
9,15,1,NaN,0,0,0,0,33.07943786,0,26.87499485,76.67416991,1.502,1.39850159
9,15,1.5,NaN,0,0,0,0,32.89140704,0,26.69379854,77.40373384,1.238,1.39850159
9,15,2,NaN,0,0,0,0,32.74296166,0,26.83472901,78.09332165,0.416,1.39850159
9,15,2.5,NaN,0,0,0,0,32.60441264,0,26.9152607,78.81289155,1.162,1.39850159
9,15,3,NaN,0,0,0,0,32.50544905,0,26.56293454,80.65179239,1.525,1.39850159
9,15,3.5,NaN,0,0,0,0,32.41638183,0,26.16027607,81.45131449,0.779,1.39850159
9,15,4,NaN,0,0,0,0,32.2778328,0,25.99921268,82.2508366,0.546,1.39850159
9,15,4.5,NaN,0,0,0,0,32.14918014,0,25.76768406,82.95041844,1.503,1.39850159
9,15,5,NaN,0,0,0,0,32.02052748,0,25.4656902,83.74994055,1.663,1.39850159
9,15,5.5,NaN,0,0,0,0,31.89187481,0,25.38515851,84.34958213,1.589,1.39850159
9,15,6,NaN,7.2,1.4,8.713837574,0.515772317,31.77311851,0,25.23416158,85.04916397,0.922,1.39850159
9,15,6.5,NaN,38.8,8.2,41.98485377,2.578861587,31.6543622,0,25.36502559,86.34838739,0.027,1.39850159
9,15,7,NaN,49.2,10.2,51.75491408,4.12617854,31.48612411,0,26.18040899,86.74814844,1.167,1.39850159
9,15,7.5,NaN,155,30.6,160.2818002,9.799674032,31.40695324,0,26.89512778,85.74874581,1.143,1.39850159
9,15,8,NaN,231.4,44.8,243.4593407,13.92585257,31.3673678,0,28.08297027,82.55065739,1.293,1.39850159
9,15,8.5,NaN,277.2,53.2,311.5857072,17.53625879,31.48612411,0,29.22048045,75.52485689,2.483,1.39850159
9,15,9,NaN,409.4,73.8,427.7702082,23.98341276,31.79291123,0,30.00566447,66.88002412,6.801,1.39850159
9,15,9.5,NaN,232.8,42.2,260.8870159,14.44162489,32.42627818,0,28.71715736,71.94699547,6.621,1.39850159
9,15,10,NaN,279.6,50.2,309.209206,17.02048648,33.01016335,0,28.37489766,75.05513765,4.415,1.39850159
9,15,10.5,NaN,347.6,61.2,379.9761294,20.88877886,33.04974878,0,29.10974937,69.45848291,4.27,1.39850159
9,15,11,NaN,741.8,123.2,782.6610476,43.84064698,33.39612134,0,30.90157957,61.30335744,4.403,1.39850159
9,15,11.5,NaN,754.2,123.8,804.841725,45.38796394,34.27689726,0,32.14982083,55.18701333,5.544,1.39850159
9,15,12,NaN,739.6,121.4,793.2232749,44.87219162,35.19725862,0,32.92493838,53.30813638,4.754,1.39850159
9,15,12.5,NaN,762,126,810.3868944,46.16162241,35.98896732,0,33.32759685,50.5797672,5.853,1.39850159
9,15,13,NaN,728.8,120.6,791.6389408,45.13007778,36.71140151,0,33.58932486,48.84080662,6.35,1.39850159
9,15,13.5,NaN,680,113.6,733.2826346,42.03544387,37.31507939,0,33.93158456,47.7714458,6.008,1.39850159
9,15,14,NaN,585.6,99.2,633.9976974,36.61983454,37.81979368,0,33.91145164,47.81142191,5.965,1.39850159
9,15,14.5,NaN,569.4,99.2,603.6312938,35.07251759,38.04740993,0,33.88125225,48.9107648,5.728,1.39850159
9,15,15,NaN,461.4,82,503.0260781,29.3990221,38.06720265,0,33.46852732,51.40927138,5.738,1.39850159
9,15,15.5,NaN,304,55.2,345.9129461,20.11512038,38.11668444,0,32.58267868,55.3669058,5.969,1.39850159
9,15,16,NaN,285.4,55.4,303.6640367,18.05203111,37.91875727,0,32.11962144,57.6455438,5.697,1.39850159
9,15,16.5,NaN,170.6,33.8,185.6311459,11.08910483,37.53279928,0,31.41496912,60.00413402,5.578,1.39850159
9,15,17,NaN,65.6,12,79.21670522,4.641950857,37.2161158,0,30.60965217,63.21221646,5.244,1.39850159
9,15,17.5,NaN,24,4.6,29.8382923,1.805203111,36.84005417,0,29.61307246,66.97996439,5.034,1.39850159
9,15,18,NaN,2,0.2,2.376501157,0,36.34523623,0,28.78762259,69.31856654,4.465,1.39850159
9,15,18.5,NaN,0,0,0,0,35.81083286,0,28.32456535,70.50785568,2.616,1.39850159
9,15,19,NaN,0,0,0,0,35.345704,0,28.09303673,71.36734194,1.801,1.39850159
9,15,19.5,NaN,0,0,0,0,34.93005694,0,27.88164103,71.72712689,1.945,1.39850159
9,15,20,NaN,0,0,0,0,34.61337346,0,27.34811856,73.33616512,3.7,1.39850159
9,15,20.5,NaN,0,0,0,0,34.33627542,0,26.77433024,75.58482105,4.287,1.39850159
9,15,21,NaN,0,0,0,0,34.05917737,0,26.13007668,78.03335749,3.826,1.39850159
9,15,21.5,NaN,0,0,0,0,33.77218297,0,25.49588959,80.05215081,3.527,1.39850159
9,15,22,NaN,0,0,0,0,33.524774,0,24.82143665,81.85107555,4.324,1.39850159
9,15,22.5,NaN,0,0,0,0,33.28726139,0,23.97585386,83.55006002,5.828,1.39850159
9,15,23,NaN,0,0,0,0,33.03985242,0,23.31146738,84.54946265,5.094,1.39850159
9,15,23.5,NaN,0,0,0,0,32.80233982,0,22.90880891,85.34898476,4.001,1.39850159
9,16,0,NaN,0,0,0,0,32.55493085,0,22.56654921,85.84868607,2.869,1.39850159
9,16,0.5,NaN,0,0,0,0,32.3273146,0,22.43568521,86.44832765,2.854,1.39850159
9,16,1,NaN,0,0,0,0,32.10959471,0,22.39541936,86.74814844,3.05,1.39850159
9,16,1.5,NaN,0,0,0,0,31.93146025,0,22.33502059,86.94802897,2.945,1.39850159
9,16,2,NaN,0,0,0,0,31.80280759,0,22.29475474,87.1479095,2.966,1.39850159
9,16,2.5,NaN,0,0,0,0,31.67415492,0,22.13369136,87.34779002,2.795,1.39850159
9,16,3,NaN,0,0,0,0,31.55539862,0,22.18402366,87.24784976,2.264,1.39850159
9,16,3.5,NaN,0,0,0,0,31.44653867,0,22.12362489,87.34779002,2.536,1.39850159
9,16,4,NaN,0,0,0,0,31.35747144,0,22.11355843,87.44773029,1.953,1.39850159
9,16,4.5,NaN,0,0,0,0,31.25850786,0,22.14375782,87.34779002,2.941,1.39850159
9,16,5,NaN,0,0,0,0,31.17933699,0,22.09342551,87.24784976,2.416,1.39850159
9,16,5.5,NaN,0,0,0,0,31.10016612,0,22.07329258,87.1479095,2.218,1.39850159
9,16,6,NaN,3.2,0.6,4.224890945,0,31.02099525,0,22.06322612,86.64820818,2.461,1.39850159
9,16,6.5,NaN,18.2,3.6,21.38851041,1.547316952,30.94182438,0,21.94242858,84.24964186,3.174,1.39850159
9,16,7,NaN,50.8,9.4,58.09225049,3.352520064,30.86265351,0,21.96256151,80.3519716,3.238,1.39850159
9,16,7.5,NaN,118.8,22.2,139.9495126,8.510243238,30.78348264,0,22.40548582,77.41372786,3.549,1.39850159
9,16,8,NaN,219.4,40.8,244.2515078,13.92585257,30.73400084,0,23.14033753,74.61540049,3.704,1.39850159
9,16,8.5,NaN,264.4,49,299.4391457,16.76260032,30.793379,0,23.78459109,72.45669081,2.969,1.39850159
9,16,9,NaN,428.8,76,475.564287,26.82016051,30.96161709,0,24.66037326,71.19744349,2.659,1.313181257
9,16,9.5,NaN,495.4,86,536.56115,30.17268057,31.25850786,0,25.39522497,69.36853668,2.615,1.313181257
9,16,10,NaN,677,110.8,726.4171869,40.23024076,31.96114932,0,26.0193456,67.75949844,2.386,1.313181257
9,16,10.5,NaN,778.8,123.6,836.2643514,46.16162241,33.02995607,0,26.68373208,65.65075888,2.572,1.313181257
9,16,11,NaN,811.4,128.2,874.5524256,48.48259784,34.42534264,0,27.3883844,63.70192375,2.6,1.313181257
9,16,11.5,NaN,829.2,131.2,895.940936,50.54568711,36.06813819,0,28.19370135,61.49324394,2.538,1.313181257
9,16,12,NaN,830.4,132.4,898.8455485,50.80357327,37.03798134,0,29.1802146,58.57498825,2.297,1.313181257
9,16,12.5,NaN,816.4,130.8,882.4740961,50.54568711,38.05730629,0,29.75400292,56.86600975,2.185,1.313181257
9,16,13,NaN,786.8,127,859.5012516,49.25625632,38.90839314,0,30.71031679,54.3774972,2.22,1.313181257
9,16,13.5,NaN,740,120.4,803.2573909,46.16162241,39.45269287,0,31.38476973,52.10885322,2.389,1.313181257
9,16,14,NaN,678.6,112.2,735.6591358,42.80910235,39.85844358,0,32.27061837,50.35989862,2.288,1.313181257
9,16,14.5,NaN,598.4,101.4,650.1050942,38.16715149,39.91782173,0,32.63301099,48.9107648,2.258,1.313181257
9,16,15,NaN,505.2,88.2,547.1233774,32.493656,39.96730352,0,32.85447315,48.45103959,2.344,1.313181257
9,16,15.5,NaN,405.6,73.8,438.8605469,26.30438819,39.72979091,0,33.03566946,48.10124867,2.76,1.313181257
9,16,16,NaN,300.6,57.6,324.26038,19.59934806,39.27455841,0,33.1061347,47.78143983,2.864,1.313181257
9,16,16.5,NaN,194,39.8,206.7556006,12.89430794,38.73025868,0,33.11620116,48.36109335,3.182,1.313181257
9,16,17,NaN,102.6,22,108.2628305,6.962926286,38.16616624,0,32.69340976,50.26995238,3.034,1.313181257
9,16,17.5,NaN,31.6,6.4,35.64751735,2.320975429,37.63176287,0,32.11962144,52.18880543,2.873,1.313181257
9,16,18,NaN,2.6,0.4,3.432723893,0,37.13694493,0,31.19350696,54.91717462,2.616,1.313181257
9,16,18.5,NaN,0,0,0,0,36.60254156,0,30.33785771,57.92537654,2.304,1.313181257
9,16,19,NaN,0,0,0,0,36.02855276,0,29.51240784,60.99354262,2.821,1.313181257
9,16,19.5,NaN,0,0,0,0,35.50404574,0,28.90842013,63.50204323,2.821,1.39850159
9,16,20,NaN,0,0,0,0,35.03891688,0,28.42522997,65.29097394,2.4,1.39850159
9,16,20.5,NaN,0,0,0,0,34.64306254,0,27.9420398,66.42029891,1.575,1.313181257
9,16,21,NaN,0,0,0,0,34.35606813,0,27.3380521,69.03873381,1.617,1.313181257
9,16,21.5,NaN,0,0,0,0,34.06907373,0,26.74413085,71.73712091,1.825,1.313181257
9,16,22,NaN,0,0,0,0,33.78207933,0,26.42200407,73.5160576,2.134,1.313181257
9,16,22.5,NaN,0,0,0,0,33.49508493,0,26.07974437,75.00516752,1.643,1.313181257
9,16,23,NaN,0,0,0,0,33.2377796,0,25.74755113,76.39433718,1.192,1.313181257
9,16,23.5,NaN,0,0,0,0,33.02005971,0,25.31469328,78.06333957,1.032,1.313181257
9,17,0,NaN,0,0,0,0,32.81223617,0,25.06303173,79.4425152,1.258,1.313181257
9,17,0.5,NaN,0,0,0,0,32.59451628,0,24.8617025,80.45191186,0.896,1.313181257
9,17,1,NaN,0,0,0,0,32.41638183,0,24.55970864,81.45131449,0.801,1.313181257
9,17,1.5,NaN,0,0,0,0,32.25804009,0,24.18724956,83.05035871,1.134,1.313181257
9,17,2,NaN,0,0,0,0,32.10959471,0,24.39864526,84.1497016,0.372,1.313181257
9,17,2.5,NaN,0,0,0,0,31.97104568,0,24.35837941,84.44952239,1.476,1.313181257
9,17,3,NaN,0,0,0,0,31.85228938,0,24.54964218,85.04916397,1.349,1.313181257
9,17,3.5,NaN,0,0,0,0,31.74342943,0,24.5194428,85.74874581,0.965,1.313181257
9,17,4,NaN,0,0,0,0,31.66425856,0,24.41877818,86.44832765,1.069,1.313181257
9,17,4.5,NaN,0,0,0,0,31.57519133,0,24.49930987,86.94802897,1.248,1.313181257
9,17,5,NaN,0,0,0,0,31.49602046,0,24.49930987,87.04796923,1.78,1.313181257
9,17,5.5,NaN,0.2,0,0,0,31.42674595,0,24.4389111,86.44832765,1.678,1.313181257
9,17,6,NaN,12.6,2.8,12.14656147,0.773658476,31.32778237,0,24.50937634,85.84868607,1.474,1.313181257
9,17,6.5,NaN,38,7.4,43.83324355,2.836747746,31.2486115,0,24.76103788,85.64880555,0.732,1.313181257
9,17,7,NaN,51.2,10,58.35630618,3.868292381,31.21892242,0,25.13349697,85.64880555,1.338,1.313181257
9,17,7.5,NaN,102.4,19,116.7126124,6.962926286,31.17933699,0,25.47575667,85.04916397,1.053,1.313181257
9,17,8,NaN,97.2,18,107.9987748,6.18926781,31.23871514,0,25.82808283,83.84988081,0.654,1.313181257
9,17,8.5,NaN,101.6,18.6,115.9204453,6.962926286,31.37726416,0,26.15020961,82.05095607,0.945,1.313181257
9,17,9,NaN,129,23.8,146.286849,8.252357079,31.51581318,0,26.60320039,80.3519716,0.807,1.313181257
9,17,9.5,NaN,133.8,24.8,150.7757956,8.510243238,31.62467313,0,27.01592532,78.29320218,0.887,1.313181257
9,17,10,NaN,237.2,43.2,263.7916284,14.95739721,31.76322215,0,27.64004595,75.93461197,0.931,1.313181257
9,17,10.5,NaN,379,67.2,417.2079808,23.46764044,31.91166753,0,28.74735674,72.54663704,1.642,1.313181257
9,17,11,NaN,321.2,57.2,356.2111178,19.85723422,32.1590765,0,29.45200907,68.4290982,1.588,1.313181257
9,17,11.5,NaN,331.6,59.2,364.1327883,20.37300654,32.57472356,0,30.33785771,63.75189388,2.06,1.313181257
9,17,12,NaN,623.8,105.8,665.9484352,37.90926533,33.24767596,0,31.47536789,59.57439088,2.489,1.313181257
9,17,12.5,NaN,714,118.8,775.5315441,44.3564193,34.23731183,0,32.75380853,54.16762265,2.687,1.313181257
9,17,13,NaN,764.2,125.6,819.892899,46.93528089,35.5139421,0,33.75038825,50.62973733,2.446,1.313181257
9,17,13.5,NaN,716,119,767.8739293,44.09853314,36.73119422,0,34.51543934,47.56157125,2.176,1.313181257
9,17,14,NaN,649,110,693.9383377,40.48812692,37.49321385,0,35.23015813,44.26354256,2.613,1.313181257
9,17,14.5,NaN,498.4,86,545.5390433,31.97788368,37.78020825,0,35.61268368,43.3640802,2.761,1.313181257
9,17,15,NaN,469.8,83.6,506.9869134,29.91479441,37.98803178,0,35.69321537,42.60453419,3.064,1.313181257
9,17,15.5,NaN,389.6,72,418.2642036,25.0149574,38.0078245,0,35.86434522,42.46461783,3.434,1.313181257
9,17,16,NaN,286.8,55.8,304.4562037,18.30991727,37.84948276,0,35.66301599,41.60513156,3.588,1.313181257
9,17,16.5,NaN,188.4,39,196.1933733,12.12064946,37.57238471,0,35.16975936,44.82320804,3.593,1.313181257
9,17,17,NaN,93,20,96.90843605,6.18926781,37.23590852,0,34.64630335,46.28233588,3.292,1.313181257
9,17,17.5,NaN,27.6,5.8,30.89451504,2.06308927,36.79057238,0,33.83091994,47.86139204,2.864,1.313181257
9,17,18,NaN,2.6,0.4,3.168668209,0,36.35513259,0,32.83434023,51.1894028,2.103,1.313181257
9,17,18.5,NaN,0,0,0,0,35.92958917,0,31.60623189,55.20700138,2.325,1.313181257
9,17,19,NaN,0,0,0,0,35.43477123,0,30.8915131,59.13465373,2.784,1.313181257
9,17,19.5,NaN,0,0,0,0,34.94984966,0,30.32779124,60.44387117,4.912,1.313181257
9,17,20,NaN,0,0,0,0,34.64306254,0,27.35818502,59.79425946,6.404,1.313181257
9,17,20.5,NaN,0,0,0,0,34.40554993,0,26.38173823,59.43447451,6.24,1.313181257
9,17,21,NaN,0,0,0,0,34.0294883,0,25.83814929,62.87241957,6.138,1.313181257
9,17,21.5,NaN,0,0,0,0,33.6930121,0,25.25429451,66.8700301,4.101,1.313181257
9,17,22,NaN,0,0,0,0,33.34663954,0,25.30462682,66.31036462,3.041,1.313181257
9,17,22.5,NaN,0,0,0,0,33.04974878,0,25.08316466,67.04992257,2.431,1.313181257
9,17,23,NaN,0,0,0,0,32.82213253,0,24.97243358,68.29917586,1.694,1.313181257
9,17,23.5,NaN,0,0,0,0,32.62420536,0,24.67043972,70.50785568,2.733,1.313181257
9,18,0,NaN,0,0,0,0,32.42627818,0,24.20738248,72.39672665,4.088,1.313181257
9,18,0.5,NaN,0,0,0,0,32.22835101,0,23.60339478,74.6553766,3.965,1.313181257
9,18,1,NaN,0,0,0,0,32.04032019,0,23.44233139,75.38494052,2.333,1.313181257
9,18,1.5,NaN,0,0,0,0,31.83249666,0,23.44233139,75.63479118,1.709,1.313181257
9,18,2,NaN,0,0,0,0,31.6543622,0,23.37186615,77.10391305,1.182,1.313181257
9,18,2.5,NaN,0,0,0,0,31.48612411,0,23.11013815,78.4930827,0.783,1.313181257
9,18,3,NaN,0,0,0,0,31.34757508,0,22.57661567,80.3519716,0.324,1.313181257
9,18,3.5,NaN,0,0,0,0,31.20902606,0,22.34508705,81.85107555,1.447,1.313181257
9,18,4,NaN,0,0,0,0,31.03089161,0,22.19409013,82.35077686,1.535,1.313181257
9,18,4.5,NaN,0,0,0,0,30.87254987,0,22.16389074,83.74994055,0.843,1.313181257
9,18,5,NaN,0,0,0,0,30.72410449,0,21.94242858,84.74934318,1.245,1.313181257
9,18,5.5,NaN,0.2,0,0.264055684,0,30.58555546,0,21.88202981,85.84868607,2.629,1.313181257
9,18,6,NaN,11.2,2.4,11.88250578,0.773658476,30.44700644,0,21.89209627,85.64880555,0.665,1.313181257
9,18,6.5,NaN,68.4,15,66.2779767,4.12617854,30.29856106,0,22.21422305,86.14850686,0.759,1.313181257
9,18,7,NaN,147.8,32,143.1181808,9.026015556,30.07094481,0,23.36179969,85.2490445,1.034,1.313181257
9,18,7.5,NaN,232.8,47,234.7455031,13.92585257,29.97198122,0,24.28791418,82.35077686,1.938,1.313181257
9,18,8,NaN,344.8,65.4,305.2483708,20.37300654,30.10063389,0,25.81801637,77.9234232,1.332,1.313181257
9,18,8.5,NaN,317.8,79.8,436.4840458,26.30438819,30.41731737,0,27.60984656,69.39851875,1.326,1.313181257
9,18,9,NaN,541.2,93,570.3602776,31.97788368,30.90223894,0,29.57280661,60.01412804,2.219,1.313181257
9,18,9.5,NaN,618.2,103.2,652.4815953,36.61983454,31.55539862,0,31.32437096,53.48802886,2.463,1.313181257
9,18,10,NaN,689,112.8,729.8499107,40.74601308,32.47575998,0,32.62294453,48.01130243,1.956,1.313181257
9,18,10.5,NaN,746,120.6,790.5827181,44.3564193,33.8117684,0,34.28391072,43.90375762,1.348,1.313181257
9,18,11,NaN,783.4,126.4,836.5284071,47.19316705,35.30611857,0,35.18989228,42.37467159,2.273,1.313181257
9,18,11.5,NaN,805.4,130.2,863.7261426,49.25625632,36.82026145,0,35.70328183,41.60513156,1.972,1.313181257
9,18,12,NaN,809.4,131.6,870.063479,49.77202864,38.04740993,0,36.3978677,39.81620085,2.066,1.313181257
9,18,12.5,NaN,787.2,129.8,849.4671356,49.25625632,38.76984412,0,37.12265295,37.84737767,2.843,1.313181257
9,18,13,NaN,768.4,126.2,827.5505139,47.96682552,39.55165646,0,37.53537788,36.1883693,1.769,1.313181257
9,18,13.5,NaN,716.4,119.2,772.8909873,45.13007778,40.19491977,0,38.17963143,34.6692773,1.989,1.313181257
9,18,14,NaN,670.8,113.8,719.5517391,42.29333003,40.65015227,0,38.85408437,33.14019127,2.205,1.313181257
9,18,14.5,NaN,596.4,103.6,640.3350339,38.16715149,40.7392195,0,38.88428376,31.80099174,2.674,1.313181257
9,18,15,NaN,502.2,89.8,541.8422637,32.493656,40.66994499,0,38.87421729,31.6710694,3.131,1.313181257
9,18,15.5,NaN,405,75.2,435.6918787,26.30438819,40.4522251,0,38.74335329,31.40123069,2.093,1.313181257
9,18,16,NaN,290,56.4,311.3216515,18.82568959,40.1157489,0,38.6628216,32.63049593,2.909,1.313181257
9,18,16.5,NaN,190.8,39.6,201.2104313,12.63642178,39.70010184,0,38.5822899,33.43001803,2.767,1.313181257
9,18,17,NaN,103.4,22.4,107.9987748,7.220812445,39.26466205,0,37.83737173,34.49937885,2.607,1.313181257
9,18,17.5,NaN,36.4,7.4,38.28807419,2.320975429,38.77974048,0,37.16291879,36.10841709,1.736,1.313181257
9,18,18,NaN,3.6,0.6,3.432723893,0.257886159,38.36409341,0,35.92474399,39.87616501,1.862,1.313181257
9,18,18.5,NaN,0,0,0,0,38.0078245,0,33.65979009,46.2123777,2.122,1.313181257
9,18,19,NaN,0,0,0,0,37.44373205,0,32.57261222,49.46043625,3.099,1.313181257
9,18,19.5,NaN,0,0,0,0,36.7608833,0,31.71696297,51.27934904,2.437,1.313181257
9,18,20,NaN,0,0,0,0,36.25616901,0,31.05257649,52.73847688,2.218,1.313181257
9,18,20.5,NaN,0,0,0,0,35.80093651,0,30.63985156,54.25756888,1.305,1.313181257
9,18,21,NaN,0,0,0,0,35.44466759,0,30.00566447,58.14524512,2.371,1.313181257
9,18,21.5,NaN,0,0,0,0,35.09829504,0,29.69360415,59.55440283,1.59,1.313181257
9,18,22,NaN,0,0,0,0,34.83109335,0,29.03928414,63.85183415,1.045,1.313181257
9,18,22.5,NaN,0,0,0,0,34.56389167,0,28.54602751,65.71072304,0.565,1.313181257
9,18,23,NaN,0,0,0,0,34.28679362,0,28.24403366,67.02993452,0.335,1.313181257
9,18,23.5,NaN,0,0,0,0,34.04928101,0,27.83130872,68.79887718,0.962,1.313181257
9,19,0,NaN,0,0,0,0,33.85135384,0,27.26758686,71.14747336,1.386,1.313181257
9,19,0.5,NaN,0,0,0,0,33.63363395,0,26.88506132,73.8958306,1.456,1.313181257
9,19,1,NaN,0,0,0,0,33.4060177,0,26.52266869,74.81528102,1.958,1.313181257
9,19,1.5,NaN,0,0,0,0,33.17840145,0,26.68373208,75.16507194,2.083,1.313181257
9,19,2,NaN,0,0,0,0,32.98047427,0,26.40187115,74.07572307,2.955,1.313181257
9,19,2.5,NaN,0,0,0,0,32.70337623,0,27.02599178,70.23801697,2.281,1.313181257
9,19,3,NaN,0,0,0,0,32.53513813,0,26.97565947,70.38792736,2.053,1.313181257
9,19,3.5,NaN,0,0,0,0,32.4460709,0,26.80452962,72.42670873,2.645,1.313181257
9,19,4,NaN,0,0,0,0,32.31741824,0,26.74413085,73.25621291,2.334,1.313181257
9,19,4.5,NaN,0,0,0,0,32.18876557,0,26.50253577,74.22563347,2.038,1.313181257
9,19,5,NaN,0,0,0,0,32.08980199,0,26.13007668,75.6048091,1.589,1.313181257
9,19,5.5,NaN,0.2,0,0,0,32.01063112,0,25.77775052,77.82348294,2.397,1.313181257
9,19,6,NaN,9,1.8,10.29817168,0.515772317,31.84239302,0,26.20054191,73.40612331,3.186,1.313181257
9,19,6.5,NaN,36,7.2,39.34429693,2.320975429,31.61477677,0,27.02599178,68.44908625,2.43,1.313181257
9,19,7,NaN,90.6,17.6,100.3411599,6.18926781,31.51581318,0,27.7306441,66.42029891,2.431,1.313181257
9,19,7.5,NaN,176.4,35,185.6311459,11.34699098,31.48612411,0,28.73729028,63.10228217,2.838,1.313181257
9,19,8,NaN,327.4,62.2,292.3096423,19.85723422,31.46633139,0,30.37812355,56.63614715,4.461,1.313181257
9,19,8.5,NaN,321.2,76,418.5282592,25.78861587,31.703844,0,31.64649774,52.95834546,4.963,1.313181257
9,19,9,NaN,528.4,91.6,560.3261616,31.97788368,32.11949106,0,32.8142073,49.84020925,4.75,1.313181257
9,19,9.5,NaN,614.8,103.6,654.0659294,37.39349302,32.67368715,0,33.33766332,47.06186993,5.367,1.313181257
9,19,10,NaN,669.8,111,713.2144027,40.74601308,33.46539585,0,34.11278087,45.59274806,4.752,1.313181257
9,19,10.5,NaN,735.2,120.2,788.7343283,44.87219162,34.44513536,0,34.46510704,43.77383527,4.705,1.313181257
9,19,11,NaN,788.8,128.2,850.7874141,48.740484,35.75145471,0,35.01876243,42.52458198,4.202,1.224514794
9,19,11.5,NaN,798.6,130.4,866.1026437,50.02991479,37.18642672,0,35.53215198,41.44522714,4.356,1.224514794
9,19,12,NaN,807.2,132.4,875.080537,50.80357327,38.06720265,0,36.02540861,40.75563933,4.219,1.224514794
9,19,12.5,NaN,786.8,130.8,860.029363,50.54568711,38.77974048,0,36.41800062,39.24654135,4.272,1.224514794
9,19,13,NaN,769,127.6,837.8486855,49.25625632,39.49227831,0,36.99178894,38.0872343,3.829,1.313181257
9,19,13.5,NaN,731.6,123.2,797.4481659,47.19316705,40.03657803,0,37.32398218,36.5681423,4.342,1.313181257
9,19,14,NaN,645.2,110.8,706.6130106,42.03544387,40.44232874,0,37.38438095,36.05844696,4.063,1.313181257
9,19,14.5,NaN,446.6,77.6,508.0431361,30.17268057,40.53139597,0,37.50517849,35.68866798,3.724,1.313181257
9,19,15,NaN,506.2,91.8,548.7077115,33.26731448,40.52149961,0,37.6360425,35.58872772,4.202,1.313181257
9,19,15.5,NaN,347.6,65,385.5212987,23.46764044,40.27409064,0,37.71657419,34.45940275,4.062,1.313181257
9,19,16,NaN,322.4,63.6,348.553503,21.66243733,40.00688896,0,37.93803635,33.62989856,3.923,1.313181257
9,19,16.5,NaN,193,40.4,210.1883245,13.41008025,39.58134553,0,37.87763758,33.29010167,3.259,1.313181257
9,19,17,NaN,101.4,21.8,109.3190532,7.220812445,39.29435113,0,37.41458034,34.58932509,2.408,1.313181257
9,19,17.5,NaN,17.6,3.4,22.44473315,1.547316952,38.95787493,0,36.41800062,36.46820204,2.723,1.313181257
9,19,18,NaN,3.2,0.6,2.640556841,0,38.6312951,0,35.12949351,39.74624267,2.34,1.313181257
9,19,18.5,NaN,0,0,0,0,38.13647716,0,33.34772978,44.5433753,2.81,1.313181257
9,19,19,NaN,0,0,0,0,37.61197015,0,32.32095068,46.86198941,1.548,1.313181257
9,19,19.5,NaN,0,0,0,0,37.11715221,0,31.07270942,50.97952825,1.19,1.313181257
9,19,20,NaN,0,0,0,0,36.68171243,0,29.864734,55.82663101,0.622,1.313181257
9,19,20.5,NaN,0,0,0,0,36.23637629,0,29.25067983,59.17462983,0.581,1.313181257
9,19,21,NaN,0,0,0,0,35.80093651,0,28.69702444,61.32334549,1.648,1.313181257
9,19,21.5,NaN,0,0,0,0,35.37539308,0,28.40509704,61.52322602,2.539,1.313181257
9,19,22,NaN,0,0,0,0,34.99933145,0,29.07954998,59.84422959,2.287,1.313181257
9,19,22.5,NaN,0,0,0,0,34.62326982,0,29.21041399,59.39449841,1.906,1.313181257
9,19,23,NaN,0,0,0,0,34.39565357,0,29.08961645,59.33453425,2.511,1.313181257
9,19,23.5,NaN,0,0,0,0,34.16803732,0,29.0493506,58.5550002,2.186,1.313181257
9,20,0,NaN,0,0,0,0,33.95031743,0,29.23054691,57.82543628,1.875,1.313181257
9,20,0.5,NaN,0,0,0,0,33.8117684,0,28.3648312,61.29336341,2.195,1.313181257
9,20,1,NaN,0,0,0,0,33.6930121,0,27.7306441,65.30096796,2.4,1.313181257
9,20,1.5,NaN,0,0,0,0,33.49508493,0,27.62997949,65.41090225,2.566,1.313181257
9,20,2,NaN,0,0,0,0,33.21798688,0,27.99237211,63.85183415,2.183,1.313181257
9,20,2.5,NaN,0,0,0,0,33.03985242,0,27.98230565,63.81185804,2.318,1.313181257
9,20,3,NaN,0,0,0,0,32.93099248,0,27.48904902,66.19043631,2.605,1.313181257
9,20,3.5,NaN,0,0,0,0,32.80233982,0,27.70044472,66.1104841,3.331,1.224514794
9,20,4,NaN,0,0,0,0,32.62420536,0,27.88164103,65.50084849,3.153,1.224514794
9,20,4.5,NaN,0,0,0,0,32.53513813,0,27.40851733,67.54962389,2.696,1.224514794
9,20,5,NaN,0,0,0,0,32.50544905,0,26.96559301,69.09869796,2.628,1.224514794
9,20,5.5,NaN,0.2,0,0.264055684,0,32.40648547,0,26.80452962,69.70833357,2.329,1.224514794
9,20,6,NaN,4.4,0.6,8.185726206,0.257886159,32.24814373,0,26.86492839,69.92820215,2.353,1.224514794
9,20,6.5,NaN,55.2,12,59.6765846,3.868292381,32.06011291,0,27.26758686,68.77888912,2.384,1.224514794
9,20,7,NaN,151.2,32.8,149.7195729,9.799674032,31.78301487,0,28.34469827,66.09049604,1.911,1.224514794
9,20,7.5,NaN,252.6,51.2,255.3418465,15.21528337,31.63456949,0,29.37147737,62.84243749,2.871,1.224514794
9,20,8,NaN,357,68,325.3166028,21.92032349,31.78301487,0,30.2069937,59.20461191,4.53,1.224514794
9,20,8.5,NaN,278.6,67.8,396.0835261,23.7255266,32.16897286,0,30.74051618,56.1264518,5.241,1.224514794
9,20,9,NaN,544,95.2,582.7708947,33.78308679,32.59451628,0,31.80756113,52.87839325,5.057,1.224514794
9,20,9.5,NaN,644.2,109.4,692.0899479,40.23024076,33.02005971,0,32.96520423,50.14003004,4.527,1.224514794
9,20,10,NaN,711.4,119.2,767.0817622,44.3564193,33.70290846,0,34.07251503,46.80202525,4.937,1.224514794
9,20,10.5,NaN,636.8,108.4,699.4835071,40.74601308,34.66285525,0,34.70670212,45.33290338,4.624,1.224514794
9,20,11,NaN,556,95.6,615.7778552,36.10406222,35.53373482,0,35.27042398,43.68388904,4.26,1.224514794
9,20,11.5,NaN,207.6,38,235.0095588,13.92585257,36.25616901,0,35.08922767,42.68448641,4.355,1.224514794
9,20,12,NaN,663.2,114.4,719.0236277,42.29333003,36.65202335,0,35.16975936,43.43403838,5.103,1.224514794
9,20,12.5,NaN,387,68.2,438.3324355,25.53072971,36.70150515,0,35.81401291,41.28532272,5.618,1.224514794
9,20,13,NaN,161.4,28.8,188.7998141,11.08910483,37.02808499,0,34.70670212,44.04367398,4.327,1.224514794
9,20,13.5,NaN,111,19.8,131.4997307,7.736584762,37.24580488,0,31.71696297,51.57916983,5.863,1.224514794
9,20,14,NaN,63.2,11,80.80103932,4.899837016,37.22601216,0,29.91506631,56.78605754,3.869,1.224514794
9,20,14.5,NaN,18.6,3.2,23.76501157,1.289430794,36.70150515,0,28.65675859,64.67134431,4.036,1.224514794
9,20,15,NaN,47.8,8.2,58.35630618,3.094633905,35.79104015,0,26.94546009,73.60600383,5.016,1.224514794
9,20,15.5,NaN,90,15,107.7347191,5.415609333,34.52430623,0,27.20718809,74.10570515,4.44,1.224514794
9,20,16,NaN,30,5.2,37.75996282,2.06308927,33.72270118,0,26.85486193,74.29559165,3.675,1.224514794
9,20,16.5,NaN,5.2,1,7.921670522,0,33.20809052,0,26.573001,76.63419381,2.315,1.224514794
9,20,17,NaN,2.2,0,3.432723893,0,32.81223617,0,26.35153884,77.85346502,1.392,1.224514794
9,20,17.5,NaN,1,0,0.792167052,0,32.42627818,0,26.06967791,80.45191186,2.355,1.224514794
9,20,18,NaN,0,0,0,0,32.14918014,0,24.52950926,85.54886528,5.555,1.224514794
9,20,18.5,NaN,0,0,0,0,31.50591682,0,23.77452463,90.04617713,4.1,1.313181257
9,20,19,NaN,0,0,0,0,30.9121353,0,23.60339478,91.04557976,3.076,1.39850159
9,20,19.5,NaN,0,0,0,0,30.52617731,7.1,23.23093569,91.14552002,2.81,1.39850159
9,20,20,NaN,0,0,0,0,30.20949383,0.4,23.13027107,91.54528108,3.018,1.39850159
9,20,20.5,NaN,0,0,0,0,29.97198122,0.2,23.24100215,92.14492265,2.105,1.39850159
9,20,21,NaN,0,0,0,0,29.79384677,0.1,23.27120154,92.44474344,0.665,1.39850159
9,20,21.5,NaN,0,0,0,0,29.70477954,0,23.37186615,92.34480318,1.149,1.39850159
9,20,22,NaN,0,0,0,0,29.64540139,0,23.412132,92.44474344,2.323,1.39850159
9,20,22.5,NaN,0,0,0,0,29.55633416,0,23.412132,92.64462397,2.138,1.39850159
9,20,23,NaN,0,0,0,0,29.46726693,0.1,23.34166677,92.64462397,0.908,1.39850159
9,20,23.5,NaN,0,0,0,0,29.40788878,0,23.35173323,92.8445045,0.61,1.39850159
9,21,0,NaN,0,0,0,0,29.35840698,0,23.38193262,93.04438502,1.238,1.39850159
9,21,0.5,NaN,0,0,0,0,29.24954704,0,23.39199908,93.44414608,2.787,1.480681097
9,21,1,NaN,0,0,0,0,29.12089437,0,23.22086923,93.6440266,1.624,1.480681097
9,21,1.5,NaN,0,0,0,0,29.05161986,0,23.17053692,93.74396687,1.479,1.480681097
9,21,2,NaN,0,0,0,0,28.99224171,0,23.19066984,93.94384739,1.831,1.480681097
9,21,2.5,NaN,0,0,0,0,28.96255263,0,23.03967292,93.94384739,1.625,1.480681097
9,21,3,NaN,0,0,0,0,28.94275992,0,23.01953999,94.04378766,1.335,1.480681097
9,21,3.5,NaN,0,0,0,0,28.9229672,0,22.99940707,93.94384739,0.574,1.480681097
9,21,4,NaN,0,0,0,0,28.85369269,0,23.07993876,94.14372792,1.504,1.480681097
9,21,4.5,NaN,0,0,0,0,28.76462546,0,23.01953999,94.14372792,1.151,1.559907867
9,21,5,NaN,0,0,0,0,28.66566187,0,22.9390083,94.14372792,1.263,1.559907867
9,21,5.5,NaN,0.2,0,0,0,28.586491,0,22.90880891,94.24366818,0.876,1.559907867
9,21,6,NaN,7.6,1.2,8.185726206,0.257886159,28.53700921,0,23.00947353,94.34360844,0.522,1.559907867
9,21,6.5,NaN,38.4,6.4,45.68163334,2.06308927,28.48752742,0,23.12020461,94.44354871,1.24,1.636354589
9,21,7,NaN,152.2,26.6,163.1864128,7.478698603,28.41825291,0,23.29133446,94.54348897,0.947,1.636354589
9,21,7.5,NaN,272.8,48,283.331749,13.41008025,28.36877111,0,23.72419232,93.94384739,1.147,1.710180135
9,21,8,NaN,358.8,60.8,319.243322,19.08357575,28.586491,0,23.97585386,93.34420581,1.778,1.710180135
9,21,8.5,NaN,334.2,84.6,550.2920456,26.82016051,29.01203443,0,24.28791418,91.84510187,2.646,1.710180135
9,21,9,NaN,332.8,56.6,379.7120737,18.56780343,29.48705965,0,24.64024034,88.84689397,2.941,1.781530951
9,21,9.5,NaN,576.2,94.8,635.0539202,31.20422521,29.85322492,0,25.35495912,82.55065739,3.985,1.781530951
9,21,10,NaN,712.6,114.8,782.6610476,38.68292381,30.39752465,0,26.21060838,76.43431328,4.298,1.850542278
9,21,10.5,NaN,585.4,95.8,644.5599248,31.97788368,31.11006248,0,26.94546009,72.76650562,3.868,1.850542278
9,21,11,NaN,843.6,132.2,941.8866251,46.93528089,32.30752188,0,28.04270442,66.37032878,4.117,1.850542278
9,21,11.5,NaN,529.6,86.8,593.5971778,29.65690825,33.54456672,0,28.45542935,64.62137417,4.444,1.91733923
9,21,12,NaN,661,107,747.0135302,37.65137918,33.51487764,0,28.26416658,68.9987577,4.798,1.91733923
9,21,12.5,NaN,783.6,126.4,869.7994233,44.3564193,34.21751911,0,29.10974937,63.64195959,4.354,1.91733923
9,21,13,NaN,657.4,108.4,731.4342449,37.65137918,34.49461716,0,29.3916103,60.35392494,4.399,1.91733923
9,21,13.5,NaN,604.6,100.6,668.8530477,34.55674527,34.71233705,0,29.9452657,59.01472541,3.838,1.982037751
9,21,14,NaN,544.4,91.8,611.5529643,31.71999752,34.67275161,0,29.89493339,59.74428933,4.668,1.982037751
9,21,14.5,NaN,302,51.2,378.9199066,19.59934806,34.6034771,0,29.74393646,59.80425349,4.673,1.982037751
9,21,15,NaN,448.4,77.6,525.2067556,27.85170514,34.39565357,0,29.73387,58.96475528,4.269,1.982037751
9,21,15.5,NaN,362.8,64.6,423.8093729,22.95186813,34.15814096,0,30.30765832,56.55619494,4.126,2.04474546
9,21,16,NaN,338.6,63.4,379.1839623,20.88877886,33.83156112,0,30.38819001,56.94596196,3.563,2.04474546
9,21,16.5,NaN,228.2,46.4,255.6059022,14.44162489,33.53467036,0,30.38819001,57.72549601,4.085,2.04474546
9,21,17,NaN,82.6,16.8,103.2457725,6.18926781,33.24767596,0,29.44194261,61.76308265,4.1,2.04474546
9,21,17.5,NaN,28.2,5.6,35.38346166,2.06308927,32.9507852,0,28.8379549,64.34154144,2.935,2.04474546
9,21,18,NaN,2.6,0.4,3.432723893,0,32.48565634,0,28.19370135,66.8700301,2.456,2.04474546
9,21,18.5,NaN,0,0,0,0,32.05021655,0,27.56958072,68.87882939,2.233,2.105562403
9,21,19,NaN,0,0,0,0,31.63456949,0,27.0461247,70.36793931,1.846,2.105562403
9,21,19.5,NaN,0,0,0,0,31.27830057,0,26.67366562,71.4273061,1.847,2.105562403
9,21,20,NaN,0,0,0,0,30.98140981,0,26.24080776,73.16626668,1.083,2.105562403
9,21,20.5,NaN,0,0,0,0,30.78348264,0,25.84821575,76.25442081,1.329,2.105562403
9,21,21,NaN,0,0,0,0,30.5756591,0,25.3348262,77.34376968,1.09,2.105562403
9,21,21.5,NaN,0,0,0,0,30.3381465,0,25.32475974,80.05215081,1.441,2.105562403
9,21,22,NaN,0,0,0,0,30.1204266,0,24.80130373,81.65119502,1.686,2.105562403
9,21,22.5,NaN,0,0,0,0,29.94229215,0,24.52950926,83.25023923,1.728,2.105562403
9,21,23,NaN,0,0,0,0,29.76415769,0,24.38857879,84.24964186,2.294,2.164581728
9,21,23.5,NaN,0,0,0,0,29.56623052,0,24.23758187,84.1497016,1.757,2.164581728
9,22,0,NaN,0,0,0,0,29.42768149,0,23.93558801,84.54946265,1.755,2.164581728
9,22,0.5,NaN,0,0,0,0,29.32871791,0,23.78459109,85.14910423,1.491,2.164581728
9,22,1,NaN,0,0,0,0,29.20006524,0,23.52286308,85.74874581,0.63,2.164581728
9,22,1.5,NaN,0,0,0,0,29.06151622,0,23.14033753,86.44832765,1.178,2.164581728
9,22,2,NaN,0,0,0,0,28.9229672,0,22.75781199,86.24844713,1.869,2.164581728
9,22,2.5,NaN,0,0,0,0,28.76462546,0,22.41555229,85.34898476,1.726,2.164581728
9,22,3,NaN,0,0,0,0,28.6359728,0,22.35515351,85.44892502,0.883,2.164581728
9,22,3.5,NaN,0,0,0,0,28.52711285,0,22.00282735,85.84868607,0.797,2.164581728
9,22,4,NaN,0,0,0,0,28.40835655,0,21.82163104,86.64820818,1.569,2.164581728
9,22,4.5,NaN,0,0,0,0,28.26980752,0,21.71089996,87.34779002,1.636,2.164581728
9,22,5,NaN,0,0,0,0,28.14115486,0,21.60016888,87.9474316,1.77,2.164581728
9,22,5.5,NaN,0.4,0,0.528111368,0,27.99270948,0,21.4894378,88.04737186,1.514,2.221890279
9,22,6,NaN,7.8,1.2,12.67467284,0.515772317,27.88384953,0,21.29817503,88.34719265,0.942,2.221890279
9,22,6.5,NaN,28.6,4.8,41.19268671,1.805203111,27.78488595,0,21.21764333,88.54707318,1.012,2.221890279
9,22,7,NaN,96.6,16.2,117.7688351,5.415609333,27.73540415,0,21.55990303,88.84689397,0.892,2.221890279
9,22,7.5,NaN,232.2,40.8,264.3197397,12.89430794,27.74530051,0,22.00282735,87.74755107,1.486,2.221890279
9,22,8,NaN,301,53.8,328.7493267,17.27837264,27.93333133,0,22.54641629,84.24964186,2.164,2.221890279
9,22,8.5,NaN,312.4,56.4,366.5092895,18.82568959,28.24011845,0,23.47253077,79.30259884,1.41,2.221890279
9,22,9,NaN,388.4,66.6,449.68683,22.95186813,28.60628372,0,24.8617025,74.45549607,1.165,2.221890279
9,22,9.5,NaN,612.4,98.8,685.4885558,34.29885911,28.96255263,0,26.0998773,68.43909223,1.526,2.221890279
9,22,10,NaN,749.2,115.8,826.7583468,41.00389924,29.70477954,0,27.54944779,63.40210296,1.529,2.164581728
9,22,10.5,NaN,807.2,122.8,888.0192655,44.09853314,31.28819693,0,28.91848659,58.39509578,1.391,2.164581728
9,22,11,NaN,842.4,128.4,928.9478965,46.41950857,33.39612134,0,30.11639555,55.35691178,2.006,2.164581728
9,22,11.5,NaN,859.8,132,950.6004626,47.96682552,35.23684406,0,31.13310819,52.7084948,1.85,2.164581728
9,22,12,NaN,853,131.8,940.8304023,48.22471168,36.07803455,0,31.9988239,50.21998225,1.937,2.164581728
9,22,12.5,NaN,833,130.8,927.8916738,47.45105321,36.94891412,0,32.80414084,48.01130243,2.104,2.164581728
9,22,13,NaN,583.6,92.2,671.7576603,34.29885911,37.05777406,0,33.45846086,46.90196551,1.333,2.164581728
9,22,13.5,NaN,665.4,105.4,754.1430337,38.94080997,37.3843539,0,33.7906541,46.0224912,1.891,2.164581728
9,22,14,NaN,699.4,112.4,780.5486021,40.74601308,38.08699537,0,34.22351195,45.16300493,1.496,2.164581728
9,22,14.5,NaN,627.6,103.2,699.7475628,36.8777207,38.08699537,0,34.8174332,43.07425343,2.352,2.164581728
9,22,15,NaN,501.6,84.8,566.1353866,30.17268057,38.10678809,0,34.71676858,43.30411604,2.035,2.164581728
9,22,15.5,NaN,406,71.6,459.720946,24.75707124,37.57238471,0,35.58248429,40.41584243,1.861,2.164581728
9,22,16,NaN,326.4,61,368.8857906,20.11512038,36.93901776,0,35.75361414,39.93612917,1.736,2.164581728
9,22,16.5,NaN,220,44.4,247.1561203,13.92585257,36.36502895,0,35.70328183,40.00608735,1.136,2.105562403
9,22,17,NaN,118.8,25.6,132.5559534,8.252357079,35.73166199,0,35.60261722,39.87616501,1.492,2.164581728
9,22,17.5,NaN,40,8.2,45.15352197,2.578861587,35.24674042,0,34.6060375,43.15420564,1.729,2.164581728
9,22,18,NaN,3.2,0.6,3.696779577,0,34.9399533,0,33.00547008,47.79143385,1.835,2.105562403
9,22,18.5,NaN,0,0,0,0,34.55399531,0,31.67669712,52.79844104,2.186,2.105562403
9,22,19,NaN,0,0,0,0,33.97011014,0,30.61971864,56.51621883,2.108,2.105562403
9,22,19.5,NaN,0,0,0,0,33.43570677,0,29.864734,60.02412207,1.916,2.105562403
9,22,20,NaN,0,0,0,0,32.99037063,0,29.1802146,62.68253307,1.878,2.105562403
9,22,20.5,NaN,0,0,0,0,32.60441264,0,28.40509704,65.9205976,2.248,2.105562403
9,22,21,NaN,0,0,0,0,32.22835101,0,28.21383427,66.89001815,1.921,2.105562403
9,22,21.5,NaN,0,0,0,0,31.91166753,0,27.97223919,67.6295761,2.075,2.105562403
9,22,22,NaN,0,0,0,0,31.6543622,0,27.82124226,69.95818423,0.865,2.105562403
9,22,22.5,NaN,0,0,0,0,31.48612411,0,26.97565947,74.76531089,1.069,2.105562403
9,22,23,NaN,0,0,0,0,31.33767873,0,26.41193761,77.49368007,0.149,2.105562403
9,22,23.5,NaN,0,0,0,0,31.16944063,0,26.35153884,80.25203134,0.874,2.105562403
9,23,0,NaN,0,0,0,0,30.97151345,0,26.16027607,80.75173265,0.59,2.105562403
9,23,0.5,NaN,0,0,0,0,30.81317171,0,25.83814929,81.85107555,0,2.105562403
9,23,1,NaN,0,0,0,0,30.69441541,0,25.96901329,83.25023923,1.044,2.105562403
9,23,1.5,NaN,0,0,0,0,30.5756591,0,25.90861452,83.84988081,1.538,2.105562403
9,23,2,NaN,0,0,0,0,30.46679916,0,25.5462219,84.74934318,0.835,2.105562403
9,23,2.5,NaN,0,0,0,0,30.34804285,0,25.31469328,85.54886528,0.491,2.105562403
9,23,3,NaN,0,0,0,0,30.22928655,0,24.9925665,86.44832765,0,2.105562403
9,23,3.5,NaN,0,0,0,0,30.13032296,0,24.96236712,87.24784976,1.129,2.105562403
9,23,4,NaN,0,0,0,0,30.0016703,0,25.03283235,87.74755107,1.217,2.105562403
9,23,4.5,NaN,0,0,0,0,29.90270671,0,24.88183542,88.24725239,1.357,2.105562403
9,23,5,NaN,0,0,0,0,29.79384677,0,24.7811708,88.44713292,1.527,2.105562403
9,23,5.5,NaN,0.4,0,0.528111368,0,29.68498682,0,24.50937634,89.0467745,1.806,2.105562403
9,23,6,NaN,17.6,3.4,18.48389788,1.031544635,29.53654144,0,24.56977511,89.14671476,1.299,2.105562403
9,23,6.5,NaN,88,18.8,86.082153,4.899837016,29.30892519,0,25.16369635,89.44653555,0.925,2.105562403
9,23,7,NaN,185.4,37.8,190.3841482,10.83121867,29.08130894,0,26.20054191,88.64701344,1.388,2.105562403
9,23,7.5,NaN,293.8,55.4,310.2654288,16.50471416,29.08130894,0,26.79446316,85.74874581,1.491,2.105562403
9,23,8,NaN,397.2,70.6,311.8497629,22.17820965,29.29902883,0,28.12323611,79.95221055,2.069,2.105562403
9,23,8.5,NaN,340.8,84,525.9989227,27.07804667,29.77405405,0,29.69360415,70.54783178,2.676,2.105562403
9,23,9,NaN,584.6,95.8,633.9976974,31.71999752,30.35793921,0,31.38476973,59.7342953,2.788,2.105562403
9,23,9.5,NaN,662.4,105.6,719.5517391,35.84617606,31.02099525,0,32.98533715,53.30813638,3.06,2.105562403
9,23,10,NaN,726.4,114,791.1108295,39.45658229,31.85228938,0,34.11278087,49.56037651,3.38,2.105562403
9,23,10.5,NaN,776.2,121,848.6749686,42.55121619,33.02005971,0,34.7369015,46.64212083,3.851,2.04474546
9,23,11,NaN,809.2,126.2,888.5473769,44.87219162,34.67275161,0,35.49188614,44.29352464,3.789,2.04474546
9,23,11.5,NaN,788.6,123.6,876.6648711,44.61430546,36.11761998,0,35.91467753,41.8849643,3.805,2.04474546
9,23,12,NaN,779.4,122.8,867.6869778,44.61430546,36.93901776,0,36.38780124,39.89615306,3.472,2.04474546
9,23,12.5,NaN,833.6,133.6,917.3294464,47.96682552,37.53279928,0,36.93139017,38.77682212,3.735,2.04474546
9,23,13,NaN,810.4,129.6,888.5473769,46.16162241,38.14637352,0,37.23338402,36.04845293,3.997,1.982037751
9,23,13.5,NaN,770.2,124.8,843.6579106,44.3564193,38.62139874,0,37.67630834,34.81918769,3.967,1.982037751
9,23,14,NaN,697,115,764.705261,40.48812692,38.86880771,0,37.8977705,33.21014946,3.825,1.982037751
9,23,14.5,NaN,625.6,105.6,689.7134468,36.8777207,38.94797858,0,38.18969789,32.85036451,3.794,1.982037751
9,23,15,NaN,547.2,95.4,597.0299017,32.23576984,38.77974048,0,38.22996374,30.8715473,4.22,1.982037751
9,23,15.5,NaN,361.4,65.4,395.5554147,21.40455117,38.50264243,0,38.31049544,31.32127848,3.605,1.982037751
9,23,16,NaN,275.6,53,303.6640367,16.50471416,38.20575167,0,37.91790343,33.5699344,2.609,1.982037751
9,23,16.5,NaN,196.2,38.4,218.9021621,12.12064946,37.64165923,0,37.92796989,33.82977909,2.011,1.91733923
9,23,17,NaN,111.2,23.8,116.4485567,6.962926286,37.14684129,0,37.87763758,35.38884719,1.182,1.91733923
9,23,17.5,NaN,13.2,2.2,20.06823199,1.031544635,36.82026145,0,36.7401274,41.26533467,1.646,1.91733923
9,23,18,NaN,1.2,0,1.584334104,0,36.68171243,0,34.18324611,49.68030483,1.241,1.91733923
9,23,18.5,NaN,0,0,0,0,36.14730906,0,32.6833433,50.56977317,3.007,1.91733923
9,23,19,NaN,0,0,0,0,35.41497852,0,31.88809282,53.21819014,2.575,1.91733923
9,23,19.5,NaN,0,0,0,0,34.91026422,0,30.95191187,56.70610533,3.07,1.91733923
9,23,20,NaN,0,0,0,0,34.42534264,0,30.06606324,59.5444088,3.238,1.91733923
9,23,20.5,NaN,0,0,0,0,34.03938465,0,29.3916103,61.26338133,2.573,1.91733923
9,23,21,NaN,0,0,0,0,33.6930121,0,29.13994875,61.30335744,2.571,1.91733923
9,23,21.5,NaN,0,0,0,0,33.37632862,0,28.94868598,62.31275409,2.583,1.91733923
9,23,22,NaN,0,0,0,0,33.0695415,0,28.97888537,62.02292733,2.617,1.91733923
9,23,22.5,NaN,0,0,0,0,32.77265074,0,28.93861952,62.66254502,2.126,1.91733923
9,23,23,NaN,0,0,0,0,32.614309,0,28.31449889,65.67074694,2.352,1.91733923
9,23,23.5,NaN,0,0,0,0,32.45596726,0,28.00243857,67.91940286,3.806,1.91733923
9,24,0,NaN,0,0,0,0,32.18876557,0,28.58629336,64.33154741,3.569,1.91733923
9,24,0.5,NaN,0,0,0,0,31.95125297,0,28.89835367,61.08348886,2.927,1.91733923
9,24,1,NaN,0,0,0,0,31.80280759,0,28.85808782,59.89419973,2.68,1.91733923
9,24,1.5,NaN,0,0,0,0,31.68405128,0,28.7070909,62.01293331,2.897,1.91733923
9,24,2,NaN,0,0,0,0,31.59498405,0,28.32456535,64.14166091,2.811,1.91733923
9,24,2.5,NaN,0,0,0,0,31.51581318,0,27.8111758,66.48026307,2.391,1.91733923
9,24,3,NaN,0,0,0,0,31.42674595,0,27.37831794,68.51904444,2.366,1.91733923
9,24,3.5,NaN,0,0,0,0,31.30798965,0,27.05619117,69.45848291,1.661,1.91733923
9,24,4,NaN,0,0,0,0,31.1991297,0,26.7843967,71.72712689,1.806,1.91733923
9,24,4.5,NaN,0,0,0,0,31.11006248,0,26.53273515,73.01635628,2.026,1.91733923
9,24,5,NaN,0,0,0,0,30.97151345,0,26.32133946,73.28619499,2.09,1.91733923
9,24,5.5,NaN,0.2,0,0.264055684,0,30.85275715,0,26.14014314,74.60540647,1.49,1.91733923
9,24,6,NaN,14,2.8,15.57928536,0.773658476,30.793379,0,25.96901329,76.46429536,2.06,1.850542278
9,24,6.5,NaN,59.6,11.8,63.90147554,3.610406222,30.67462269,0,26.06967791,77.28380552,2.074,1.850542278
9,24,7,NaN,118.8,23.6,127.2748397,7.220812445,30.55586639,0,26.65353269,77.1638772,0.872,1.850542278
9,24,7.5,NaN,239.8,47,255.6059022,13.92585257,30.41731737,0,27.53938133,73.1362846,2.421,1.850542278
9,24,8,NaN,396.8,74.4,358.8516746,21.92032349,30.47669552,0,28.93861952,64.74130249,3.553,1.850542278
9,24,8.5,NaN,280.6,53.2,320.5636005,16.76260032,30.90223894,0,29.87480046,57.08587833,4.278,1.850542278
9,24,9,NaN,188,33.6,226.0316656,12.12064946,31.38716052,0,30.21706016,55.14703722,4.704,1.850542278
9,24,9.5,NaN,517,88.8,561.64644,29.14113594,31.67415492,0,30.80091495,55.85661309,4.533,1.850542278
9,24,10,NaN,732.2,120.4,797.7122216,41.2617854,32.00073476,0,31.1834405,55.43686399,4.099,1.850542278
9,24,10.5,NaN,700.8,114,771.8347645,39.9723546,32.9013034,0,31.59616543,55.86660712,3.53,1.850542278
9,24,11,NaN,728.6,117.6,813.0274512,42.29333003,34.35606813,0,32.30081775,54.68731201,3.219,1.781530951
9,24,11.5,NaN,795.4,128.6,878.5132609,46.16162241,35.93948553,0,33.18666639,53.17821404,2.949,1.781530951
9,24,12,NaN,787,127.6,869.2713119,46.16162241,37.06767042,0,34.44497411,49.95014354,2.06,1.781530951
9,24,12.5,NaN,687,113.2,760.4803701,40.48812692,37.86927548,0,35.01876243,48.21118296,2.278,1.781530951
9,24,13,NaN,365.4,61.6,434.3716003,22.69398197,38.03751357,0,35.27042398,47.31172059,1.345,1.781530951
9,24,13.5,NaN,409,70,447.8384402,23.7255266,38.01772086,0,35.10936059,47.31172059,2.771,1.781530951
9,24,14,NaN,143.6,24.2,171.6361946,8.510243238,38.16616624,0.2,28.77755613,65.11108146,8.21,1.781530951
9,24,14.5,NaN,182.4,31.8,217.8459394,11.08910483,37.7208301,0,26.79446316,73.86584852,4.784,1.781530951
9,24,15,NaN,134.4,24,159.4896332,8.510243238,36.39471803,0,26.84479547,71.73712091,2.779,1.781530951
9,24,15.5,NaN,57.8,10.2,72.35125743,3.868292381,35.37539308,0,27.31791917,70.84765257,1.635,1.781530951
9,24,16,NaN,15,2.8,19.54012062,1.031544635,34.73212976,1.6,27.5997801,70.37793333,1.356,1.781530951
9,24,16.5,NaN,5.8,0.8,8.44978189,0,34.32637906,0.2,27.37831794,74.18565736,1.294,1.781530951
9,24,17,NaN,2.8,0,4.224890945,0,33.71280482,0.5,26.72399793,79.17267649,2.116,1.710180135
9,24,17.5,NaN,2,0,2.376501157,0,33.13881601,0,26.42200407,82.2508366,1.308,1.710180135
9,24,18,NaN,0.4,0,0,0,32.63410172,0,25.73748467,85.54886528,3.502,1.710180135
9,24,18.5,NaN,0,0,0,0,32.17886922,0,25.17376281,87.44773029,2.623,1.710180135
9,24,19,NaN,0,0,0,0,31.8226003,0,25.2039622,88.34719265,2.537,1.710180135
9,24,19.5,NaN,0,0,0,0,31.55539862,0,25.17376281,89.8462966,1.229,1.710180135
9,24,20,NaN,0,0,0,0,31.33767873,0.1,25.16369635,90.24605765,1.463,1.710180135
9,24,20.5,NaN,0,0,0,0,31.11995883,0.2,25.08316466,91.14552002,2.381,1.710180135
9,24,21,NaN,0,0,0,0,30.9121353,0,24.87176896,91.84510187,1.914,1.710180135
9,24,21.5,NaN,0,0,0,0,30.72410449,0,24.87176896,91.84510187,1.009,1.710180135
9,24,22,NaN,0,0,0,0,30.56576275,0,24.83150311,92.14492265,1.94,1.710180135
9,24,22.5,NaN,0,0,0,0,30.38762829,0.1,24.69057265,92.24486292,0.888,1.710180135
9,24,23,NaN,0,0,0,0,30.24907927,0,24.77110434,92.34480318,1.086,1.710180135
9,24,23.5,NaN,0,0,0,0,30.11053025,0,24.84156957,92.54468371,2.804,1.710180135
9,25,0,NaN,0,0,0,0,29.99177394,0,24.83150311,92.64462397,1.38,1.710180135
9,25,0.5,NaN,0,0,0,0,29.92249943,0,24.87176896,92.74456423,0.645,1.710180135
9,25,1,NaN,0,0,0,0,29.84332856,0,24.90196834,92.8445045,0.407,1.710180135
9,25,1.5,NaN,0,0,0,0,29.78395041,0,25.03283235,92.94444476,1.229,1.710180135
9,25,2,NaN,0,0,0,0,29.73446861,0,25.06303173,93.04438502,1.08,1.710180135
9,25,2.5,NaN,0,0,0,0,29.6651941,0,25.10329758,93.14432529,1.138,1.710180135
9,25,3,NaN,0,0,0,0,29.58602323,0,25.04289881,93.24426555,1.462,1.710180135
9,25,3.5,NaN,0,0,0,0,29.51674872,0,25.01269942,93.34420581,1.749,1.710180135
9,25,4,NaN,0,0,0,0,29.46726693,0,25.01269942,93.34420581,2.231,1.710180135
9,25,4.5,NaN,0,0,0,0,29.38809606,0,24.97243358,93.34420581,1.247,1.710180135
9,25,5,NaN,0,0,0,0,29.33861427,0,24.92210127,93.34420581,2.18,1.710180135
9,25,5.5,NaN,0,0,0,0,29.28913247,0,24.70063911,93.04438502,2.274,1.710180135
9,25,6,NaN,4.2,0.6,4.753002313,0,29.19016888,0,24.5194428,92.8445045,2.155,1.710180135
9,25,6.5,NaN,17.2,3,19.54012062,0.773658476,29.11099802,0,24.35837941,92.54468371,1.82,1.710180135
9,25,7,NaN,35,6,40.40051966,1.805203111,29.08130894,0,24.48924341,92.44474344,1.479,1.710180135
9,25,7.5,NaN,87.2,14.2,102.1895497,4.384064698,29.08130894,0,24.74090496,92.14492265,1.329,1.710180135
9,25,8,NaN,187.8,31.4,215.9975496,9.541787873,29.10110166,0,25.1234305,91.7451616,1.543,1.710180135
9,25,8.5,NaN,269,46.2,310.5294845,13.92585257,29.23965068,0,25.65695298,90.74575897,1.97,1.710180135
9,25,9,NaN,300.4,51.2,343.2723893,15.98894184,29.50685236,0,26.13007668,88.34719265,3.221,1.710180135
9,25,9.5,NaN,177.6,30.8,205.9634336,10.31544635,29.85322492,0,26.48240284,85.14910423,3.273,1.710180135
9,25,10,NaN,112.8,19.4,134.6683989,6.962926286,30.07094481,0,26.73406439,81.95101581,3.585,1.710180135
9,25,10.5,NaN,101.4,17.2,124.1061715,6.18926781,30.05115209,0,26.90519424,78.8728557,3.538,1.710180135
9,25,11,NaN,144.8,24.6,175.3329742,8.768129397,30.0016703,0,27.02599178,76.52425952,3.518,1.710180135
9,25,11.5,NaN,116.4,20,142.5900694,7.220812445,29.90270671,0,27.45884964,75.58482105,3.301,1.710180135
9,25,12,NaN,160,27.6,191.9684823,9.799674032,29.87301764,0,27.74071057,75.8346717,3.528,1.710180135
9,25,12.5,NaN,184.4,32,218.9021621,11.08910483,29.89281035,0,27.95210626,73.62599189,3.289,1.710180135
9,25,13,NaN,205.6,36,241.0828395,12.12064946,29.90270671,0,28.47556228,71.52724636,3.457,1.710180135
9,25,13.5,NaN,248.8,43.4,288.6128627,13.92585257,29.96208486,0,28.82788844,69.65836344,3.794,1.710180135
9,25,14,NaN,329.4,56.8,379.7120737,18.56780343,30.1204266,0,29.19028106,66.79007789,4.761,1.710180135
9,25,14.5,NaN,296.4,51.6,340.8958881,16.50471416,30.25897563,0,29.47214199,64.22161312,4.336,1.636354589
9,25,15,NaN,537.4,92.6,601.782904,30.17268057,30.5756591,0,30.31772478,62.00293928,4.019,1.636354589
9,25,15.5,NaN,428.6,76.4,482.1656791,24.75707124,30.88244622,0,31.04251003,57.74548407,4.457,1.636354589
9,25,16,NaN,335.2,62.6,372.3185145,19.34146191,31.1991297,0,31.48543435,56.73608741,3.901,1.636354589
9,25,16.5,NaN,204.6,39.8,221.5427189,11.8627633,31.31788601,0,31.5760325,55.56678633,4.129,1.636354589
9,25,17,NaN,82,15.8,90.30704395,4.899837016,31.35747144,0,31.38476973,56.77606351,3.044,1.636354589
9,25,17.5,NaN,21.2,4,24.55717862,1.289430794,31.31788601,0,30.52912048,59.36451633,3.098,1.636354589
9,25,18,NaN,1.2,0.2,1.848389788,0,31.12985519,0,29.62313892,62.24279591,2.39,1.636354589
9,25,18.5,NaN,0,0,0,0,30.80327536,0,28.99901829,65.09109341,2.715,1.636354589
9,25,19,NaN,0,0,0,0,30.47669552,0,28.52589459,68.55902054,2.842,1.636354589
9,25,19.5,NaN,0,0,0,0,30.17980476,0,28.11316965,70.69774218,2.4,1.636354589
9,25,20,NaN,0,0,0,0,29.99177394,0,27.57964718,73.38613526,1.517,1.636354589
9,25,20.5,NaN,0,0,0,0,29.85322492,0,27.07632409,75.10510778,1.778,1.636354589
9,25,21,NaN,0,0,0,0,29.7146759,0,26.48240284,78.22324399,1.499,1.636354589
9,25,21.5,NaN,0,0,0,0,29.55633416,0,26.19047545,79.8222882,2.429,1.636354589
9,25,22,NaN,0,0,0,0,29.31882155,0,26.33140592,78.95280791,2.034,1.636354589
9,25,22.5,NaN,0,0,0,0,29.14068709,0,26.25087422,79.13270039,2.758,1.636354589
9,25,23,NaN,0,0,0,0,28.99224171,0,26.14014314,79.2126526,2.239,1.636354589
9,25,23.5,NaN,0,0,0,0,28.89327812,0,25.98914622,79.04275415,1.696,1.636354589
9,26,0,NaN,0,0,0,0,28.87348541,0,25.50595605,80.15209107,1.599,1.636354589
9,26,0.5,NaN,0,0,0,0,28.8042109,0,25.16369635,82.15089634,1.445,1.636354589
9,26,1,NaN,0,0,0,0,28.70524731,0,24.83150311,83.55006002,1.286,1.636354589
9,26,1.5,NaN,0,0,0,0,28.59638736,0,24.50937634,85.04916397,0.864,1.636354589
9,26,2,NaN,0,0,0,0,28.48752742,0,24.21744894,86.24844713,1.763,1.636354589
9,26,2.5,NaN,0,0,0,0,28.34897839,0,24.36844587,86.84808871,1.701,1.636354589
9,26,3,NaN,0,0,0,0,28.25001481,0,24.25771479,87.34779002,1.985,1.636354589
9,26,3.5,NaN,0,0,0,0,28.16094758,0,24.26778125,87.44773029,0.966,1.636354589
9,26,4,NaN,0,0,0,0,28.08177671,0,23.84498986,87.9474316,0.834,1.636354589
9,26,4.5,NaN,0,0,0,0,28.03229492,0,23.66379355,88.84689397,1.353,1.636354589
9,26,5,NaN,0,0,0,0,27.93333133,0,23.56312893,89.34659529,1.411,1.636354589
9,26,5.5,NaN,1,0.2,0.792167052,0,27.8442641,0,23.35173323,89.74635634,0.88,1.636354589
9,26,6,NaN,20,4,20.86039904,1.031544635,27.77498959,0,23.17053692,90.24605765,1.086,1.636354589
9,26,6.5,NaN,94.6,19,92.68354511,4.899837016,27.60675149,0,24.11678433,90.84569923,1.3,1.636354589
9,26,7,NaN,219,42.6,222.0708303,11.34699098,27.45830611,0,25.34489266,90.34599792,1.135,1.636354589
9,26,7.5,NaN,178.4,32.8,207.283712,10.83121867,27.676026,0,25.72741821,88.74695371,1.6,1.636354589
9,26,8,NaN,176.4,32,210.1883245,11.08910483,27.98281312,0,25.98914622,87.34779002,1.984,1.636354589
9,26,8.5,NaN,360.2,70.2,454.4398323,22.17820965,28.26980752,0,26.79446316,84.54946265,2.17,1.636354589
9,26,9,NaN,619.6,101.8,667.5327693,32.23576984,28.69535095,0,28.21383427,76.80409226,3.242,1.636354589
9,26,9.5,NaN,672.8,105.6,741.4683608,35.33040375,29.3781997,0,30.12646201,65.59079473,4.219,1.636354589
9,26,10,NaN,738.2,113.2,819.892899,39.19869613,30.18970111,0,31.96862451,56.01651751,5.579,1.559907867
9,26,10.5,NaN,779.4,118.8,870.3275347,42.03544387,31.32778237,0,33.00547008,52.21878751,5.534,1.559907867
9,26,11,NaN,824,126.2,919.1778362,44.87219162,32.88151068,0,33.83091994,49.70029288,5.273,1.559907867
9,26,11.5,NaN,712,110.2,812.2352842,39.9723546,34.13834824,0,34.07251503,49.1006513,5.283,1.559907867
9,26,12,NaN,728,113.8,828.6067366,41.00389924,34.78161156,0,34.69663566,47.42165488,4.665,1.559907867
9,26,12.5,NaN,849.6,132.8,952.1847967,47.70893937,35.32591129,0,35.17982582,44.00369788,5.243,1.559907867
9,26,13,NaN,826,129.8,918.6497249,46.16162241,36.06813819,0,35.40128798,43.08424746,4.868,1.559907867
9,26,13.5,NaN,746.2,118.6,832.8316275,42.03544387,36.53326705,0,35.69321537,41.83499417,5.546,1.559907867
9,26,14,NaN,608.4,98.4,683.640166,34.81463143,36.85984689,0,35.86434522,41.53517338,4.909,1.559907867
9,26,14.5,NaN,454,75.2,529.1675909,26.82016051,36.84005417,0,35.47175321,42.44462977,4.397,1.559907867
9,26,15,NaN,516.4,87.6,585.1473959,30.43056673,36.89943232,0,36.27707016,41.75504196,3.574,1.559907867
9,26,15.5,NaN,418.8,74.2,472.6596745,24.75707124,36.65202335,0,36.35760185,40.25593801,3.703,1.559907867
9,26,16,NaN,244.4,43.8,285.1801388,14.95739721,36.40461439,0,36.23680431,41.38526298,3.72,1.559907867
9,26,16.5,NaN,152.8,28,174.2767515,9.283901714,36.34523623,0,34.23357841,47.3516967,3.985,1.559907867
9,26,17,NaN,27.6,5,36.70374008,2.06308927,36.05824183,0,33.24706516,50.9995163,3.767,1.559907867
9,26,17.5,NaN,6.6,1.4,9.506004626,0,35.46446031,0,32.33101714,53.98773017,3.209,1.559907867
9,26,18,NaN,1.2,0.2,1.584334104,0,34.82119699,0,31.5760325,56.13644583,1.93,1.559907867
9,26,18.5,NaN,0,0,0,0,34.2670009,0,30.77071556,58.12525707,2.74,1.559907867
9,26,19,NaN,0,0,0,0,33.76228661,0,30.02579739,61.69312446,2.976,1.559907867
9,26,19.5,NaN,0,0,0,0,33.36643226,0,29.12988229,65.82065733,2.828,1.559907867
9,26,20,NaN,0,0,0,0,33.02005971,0,28.64669213,67.8594387,1.364,1.559907867
9,26,20.5,NaN,0,0,0,0,32.70337623,0,28.25410012,70.16805878,0.694,1.559907867
9,26,21,NaN,0,0,0,0,32.45596726,0,27.89170749,73.26620694,0.665,1.480681097
9,26,21.5,NaN,0,0,0,0,32.22835101,0,27.75077703,75.2650122,2.167,1.480681097
9,26,22,NaN,0,0,0,0,31.97104568,0,27.72057764,74.32557373,3.219,1.480681097
9,26,22.5,NaN,0,0,0,0,31.75332579,0,27.76084349,74.05573502,1.699,1.480681097
9,26,23,NaN,0,0,0,0,31.59498405,0,27.65011241,74.61540049,0.955,1.480681097
9,26,23.5,NaN,0,0,0,0,31.47622775,0,27.51924841,75.69475533,1.776,1.480681097
9,27,0,NaN,0,0,0,0,31.34757508,0,27.44878318,76.98398473,0.598,1.480681097
9,27,0.5,NaN,0,0,0,0,31.23871514,0,27.24745394,78.91283181,0.864,1.480681097
9,27,1,NaN,0,0,0,0,31.13975155,0,26.94546009,80.45191186,1.063,1.480681097
9,27,1.5,NaN,0,0,0,0,31.01109889,0,26.80452962,80.15209107,2.447,1.480681097
9,27,2,NaN,0,0,0,0,30.82306807,0,26.84479547,79.5924256,1.699,1.480681097
9,27,2.5,NaN,0,0,0,0,30.70431177,0,26.573001,80.05215081,2.072,1.480681097
9,27,3,NaN,0,0,0,0,30.61524454,0,26.2307413,81.1514937,1.477,1.480681097
9,27,3.5,NaN,0,0,0,0,30.51628095,0,26.08981083,82.35077686,1.583,1.480681097
9,27,4,NaN,0,0,0,0,30.39752465,0,26.12001022,83.25023923,1.585,1.480681097
9,27,4.5,NaN,0,0,0,0,30.26887198,0,26.27100715,83.55006002,0.761,1.480681097
9,27,5,NaN,0,0,0,0,30.17980476,0,25.96901329,83.94982107,1.319,1.480681097
9,27,5.5,NaN,0.6,0,0.528111368,0,30.10063389,0,25.81801637,84.64940292,2.25,1.480681097
9,27,6,NaN,18.6,4,21.38851041,1.031544635,29.97198122,0,25.73748467,85.14910423,2.211,1.480681097
9,27,6.5,NaN,92.4,20,93.73976784,5.415609333,29.7146759,0,26.16027607,85.14910423,2.125,1.480681097
9,27,7,NaN,193.8,38.8,201.7385426,11.34699098,29.47716329,0,27.01592532,82.85047818,2.749,1.480681097
9,27,7.5,NaN,284.2,53,303.399981,15.73105568,29.46726693,0,28.1534355,77.63359644,2.435,1.480681097
9,27,8,NaN,235.6,41.8,271.4492432,13.66796641,29.78395041,0,29.25067983,70.55782581,2.137,1.480681097
9,27,8.5,NaN,345.2,63,414.567424,20.6308927,30.21939019,0,30.34792417,64.31155936,2.598,1.480681097
9,27,9,NaN,661,106.4,707.933289,34.81463143,30.59545182,0,31.74716235,59.58438491,2.504,1.480681097
9,27,9.5,NaN,713.2,110.8,773.4190986,37.90926533,31.31788601,0,32.91487192,53.96774212,3.079,1.480681097
9,27,10,NaN,663.4,102.4,735.6591358,36.36194838,32.1590765,0,33.95171748,50.66971343,2.797,1.480681097
9,27,10.5,NaN,739.6,113.4,818.8366763,40.74601308,33.36643226,0,34.75703443,48.24116504,2.5,1.480681097
9,27,11,NaN,859,131.2,939.5101239,47.19316705,35.06860596,0,35.47175321,44.71327375,2.839,1.480681097
9,27,11.5,NaN,752.2,116,840.7532981,42.55121619,36.5926452,0,36.12607323,42.23475522,2.829,1.480681097
9,27,12,NaN,778.8,121.8,858.4450289,43.84064698,37.51300656,0,36.51866524,41.64510767,2.132,1.39850159
9,27,12.5,NaN,661,104.6,727.4734096,37.13560686,38.02761722,0,36.60926339,41.96491651,3.188,1.39850159
9,27,13,NaN,619.2,97.8,680.7355535,35.07251759,38.49274608,0,36.92132371,41.38526298,3.653,1.39850159
9,27,13.5,NaN,103.4,17.2,121.7296704,5.673495492,38.5818133,0.4,31.77736174,56.8460217,5.269,1.39850159
9,27,14,NaN,150.4,24.8,182.198422,8.510243238,37.9583427,0,30.44858879,65.18103965,1.897,1.480681097
9,27,14.5,NaN,197,33,241.3468952,11.8627633,36.77077966,0,31.09284234,62.94237775,0.835,1.480681097
9,27,15,NaN,235.4,41,276.2022455,13.41008025,35.90979645,0,32.03908975,55.52681022,2.78,1.480681097
9,27,15.5,NaN,171.8,30.4,204.3790995,10.83121867,35.26653313,0,32.3410836,56.17642194,3.791,1.39850159
9,27,16,NaN,135.4,24.2,160.8099116,8.510243238,34.85088607,0,31.84782697,56.82603365,3.533,1.39850159
9,27,16.5,NaN,105.6,19.2,125.4264499,6.962926286,34.45503172,0,31.98875744,56.6961113,2.411,1.39850159
9,27,17,NaN,89,16.8,98.75682584,5.415609333,34.07897009,0,31.9988239,57.44566328,2.755,1.39850159
9,27,17.5,NaN,62.6,12.2,62.31714144,3.610406222,33.75239025,0,31.73709589,59.63435504,3.197,1.39850159
9,27,18,NaN,3.4,0.6,3.432723893,0,33.59404851,0,30.2069937,64.43148767,5.26,1.39850159
9,27,18.5,NaN,0,0,0,0,33.38622498,0,29.01915121,67.96937299,2.387,1.39850159
9,27,19,NaN,0,0,0,0,33.03985242,0,28.47556228,70.62778399,2.218,1.39850159
9,27,19.5,NaN,0,0,0,0,32.66379079,0,27.86150811,71.07751518,2.981,1.39850159
9,27,20,NaN,0,0,0,0,32.31741824,0,27.45884964,67.8594387,2.559,1.39850159
9,27,20.5,NaN,0,0,0,0,32.03042384,0,27.27765332,68.74890704,1.567,1.39850159
9,27,21,NaN,0,0,0,0,31.84239302,0,27.03605824,70.90761673,1.078,1.39850159
9,27,21.5,NaN,0,0,0,0,31.66425856,0,26.67366562,73.38613526,1.375,1.39850159
9,27,22,NaN,0,0,0,0,31.50591682,0,26.71393147,75.15507791,1.621,1.39850159
9,27,22.5,NaN,0,0,0,0,31.35747144,0,26.49246931,76.09451639,1.375,1.39850159
9,27,23,NaN,0,0,0,0,31.20902606,0,26.55286808,76.50427147,4.794,1.39850159
9,27,23.5,NaN,0,0,0,0,31.00120253,0,26.05961145,78.14329178,3.977,1.39850159
9,28,0,NaN,0,0,0,0,30.88244622,0,26.2307413,80.55185213,4.074,1.39850159
9,28,0.5,NaN,0,0,0,0,30.76368992,0,26.00927914,80.75173265,3.455,1.39850159
9,28,1,NaN,0,0,0,0,30.6251409,0,26.13007668,78.09332165,4.381,1.39850159
9,28,1.5,NaN,0,0,0,0,30.48659188,2.3,25.28449389,84.44952239,7.691,1.39850159
9,28,2,NaN,0,0,0,0,30.31835378,0.1,24.45904403,88.64701344,6.24,1.39850159
9,28,2.5,NaN,0,0,0,0,29.88291399,0.1,23.90538863,88.74695371,5.889,1.39850159
9,28,3,NaN,0,0,0,0,29.52664508,0.1,23.30140092,87.34779002,4.916,1.39850159
9,28,3.5,NaN,0,0,0,0,29.20006524,0,23.55306247,85.54886528,4.652,1.39850159
9,28,4,NaN,0,0,0,0,28.99224171,0,23.38193262,87.04796923,4.657,1.39850159
9,28,4.5,NaN,0,0,0,0,28.81410725,0,23.47253077,88.04737186,4.595,1.39850159
9,28,5,NaN,0,0,0,0,28.62607644,0,23.70405939,86.94802897,4.448,1.39850159
9,28,5.5,NaN,0.2,0,0.264055684,0,28.4677347,0,24.06645202,85.94862634,4.562,1.39850159
9,28,6,NaN,6.2,1,7.12950347,0,28.33908204,0,24.59997449,84.74934318,2.958,1.39850159
9,28,6.5,NaN,17.2,3.2,20.06823199,1.031544635,28.30939296,0,24.81137019,84.44952239,2.506,1.39850159
9,28,7,NaN,55.2,9.2,64.42958691,2.578861587,28.2994966,0,25.04289881,84.44952239,2.344,1.39850159
9,28,7.5,NaN,95.4,15.8,110.3752759,5.157723175,28.33908204,0,25.4656902,84.1497016,2.61,1.39850159
9,28,8,NaN,175,30.6,194.3449835,9.283901714,28.48752742,0,25.70728529,79.89224639,4.277,1.39850159
9,28,8.5,NaN,272.6,50.2,327.6931039,15.21528337,28.586491,0,26.74413085,74.8852392,3.429,1.39850159
9,28,9,NaN,226,39.6,261.4151272,12.63642178,28.83389997,0,27.82124226,69.66835746,2.641,1.39850159
9,28,9.5,NaN,235.6,41.6,267.488408,12.89430794,29.18027253,0,28.50576166,66.17044825,2.383,1.39850159
9,28,10,NaN,300.6,52.6,333.7663847,15.98894184,29.5464378,0,29.06948352,63.46206712,1.826,1.39850159
9,28,10.5,NaN,371.6,64.4,409.2863103,20.11512038,29.75426133,0,29.75400292,60.08408623,2.329,1.39850159
9,28,11,NaN,447.8,76.2,492.4638508,24.24129892,30.03135938,0,30.36805709,57.05589625,3.319,1.39850159
9,28,11.5,NaN,557.2,92.6,613.1372984,30.17268057,30.51628095,0,31.07270942,55.62675049,3.799,1.39850159
9,28,12,NaN,458,77,511.2118043,25.27284356,31.05068432,0,31.45523496,54.82722838,3.583,1.39850159
9,28,12.5,NaN,479,80.2,534.1846489,26.56227435,31.47622775,0,31.8679599,55.87660115,3.04,1.39850159
9,28,13,NaN,578.2,95.4,640.5990895,31.97788368,31.90177117,0,32.73367561,54.97713878,3.403,1.39850159
9,28,13.5,NaN,380.6,64.4,427.2420968,21.40455117,32.25804009,0,32.98533715,52.48862622,3.903,1.39850159
9,28,14,NaN,371.8,62.8,416.9439251,20.6308927,32.48565634,0,33.025603,51.64912801,3.065,1.39850159
9,28,14.5,NaN,412.6,69.6,464.738004,23.46764044,32.64399808,0,33.3678627,50.75965967,2.665,1.39850159
9,28,15,NaN,507.6,86.6,565.3432196,29.14113594,33.08933422,0,34.32417657,48.62093804,2.093,1.39850159
9,28,15.5,NaN,414.4,73.4,458.6647232,23.98341276,33.44560313,0,35.22009167,46.66210888,2.137,1.39850159
9,28,16,NaN,292.6,54.6,323.7322687,17.02048648,33.42581041,0,35.4214209,45.99250912,1.775,1.39850159
9,28,16.5,NaN,190.4,38,209.6602131,11.60487714,33.26746867,0,35.77374707,45.65271222,1.519,1.39850159
9,28,17,NaN,101.6,21,111.167443,6.447153968,33.0695415,0,35.14962644,48.00130841,2.003,1.39850159
9,28,17.5,NaN,16.6,2.6,26.40556841,1.289430794,32.94088884,0,33.98191687,51.58916386,0.979,1.39850159
9,28,18,NaN,1.2,0,2.112445473,0,32.80233982,0,32.54241284,57.31574094,1.094,1.39850159
9,28,18.5,NaN,0,0,0,0,32.45596726,0,30.91164603,63.25219257,1.241,1.39850159
9,28,19,NaN,0,0,0,0,32.04032019,0,29.66340477,68.88882341,1.452,1.39850159
9,28,19.5,NaN,0,0,0,0,31.60488041,0,28.85808782,71.33735986,2.008,1.39850159
9,28,20,NaN,0,0,0,0,31.17933699,0,28.54602751,71.72712689,2.212,1.39850159
9,28,20.5,NaN,0,0,0,0,30.85275715,0,28.27423304,71.39732402,1.89,1.39850159
9,28,21,NaN,0,0,0,0,30.58555546,0,28.1534355,71.89702533,1.918,1.39850159
9,28,21.5,NaN,0,0,0,0,30.32825014,0,28.08297027,71.73712091,1.941,1.39850159
9,28,22,NaN,0,0,0,0,30.14021932,0,27.78097641,73.14627862,1.565,1.39850159
9,28,22.5,NaN,0,0,0,0,30.0016703,0,27.14678932,75.67476728,2.071,1.39850159
9,28,23,NaN,0,0,0,0,29.87301764,0,26.95552655,76.90403252,2.089,1.39850159
9,28,23.5,NaN,0,0,0,0,29.7146759,0,27.01592532,77.39373981,1.582,1.39850159
9,29,0,NaN,0,0,0,0,29.55633416,0,26.69379854,78.79290349,0.848,1.39850159
9,29,0.5,NaN,0,0,0,0,29.46726693,0,26.16027607,81.25143397,1.606,1.39850159
9,29,1,NaN,0,0,0,0,29.35840698,0,25.86834868,82.75053792,2.035,1.39850159
9,29,1.5,NaN,0,0,0,0,29.21985796,0,26.07974437,82.75053792,2.118,1.39850159
9,29,2,NaN,0,0,0,0,29.0417235,0,26.50253577,81.1514937,1.954,1.39850159
9,29,2.5,NaN,0,0,0,0,29.00213807,0,26.51260223,81.45131449,1.407,1.39850159
9,29,3,NaN,0,0,0,0,29.02193079,0,26.35153884,82.55065739,1.451,1.39850159
9,29,3.5,NaN,0,0,0,0,29.00213807,0,26.26094069,83.45011976,1.983,1.39850159
9,29,4,NaN,0,0,0,0,28.97244899,0,25.99921268,84.04976134,2.622,1.39850159
9,29,4.5,NaN,0,0,0,0,28.86358905,0,26.26094069,83.45011976,3.116,1.39850159
9,29,5,NaN,0,0,0,0,28.69535095,0,26.49246931,80.55185213,3.034,1.39850159
9,29,5.5,NaN,0.6,0,0.792167052,0,28.59638736,0,26.63339977,79.31259286,3.212,1.39850159
9,29,6,NaN,18.6,3.8,20.59634336,1.031544635,28.52711285,0,26.82466254,78.44311257,3.407,1.39850159
9,29,6.5,NaN,68,13.8,73.40748017,3.868292381,28.40835655,0,27.3883844,76.34436705,3.496,1.39850159
9,29,7,NaN,149.6,29.6,161.6020786,9.026015556,28.30939296,0,27.9420398,73.78589631,3.639,1.39850159
9,29,7.5,NaN,256.2,48.6,272.2414103,14.18373873,28.30939296,0,28.8379549,70.41790944,4.11,1.39850159
9,29,8,NaN,367.6,70.2,329.8055494,20.88877886,28.48752742,0,29.82446815,66.1104841,4.206,1.39850159
9,29,8.5,NaN,386.4,81.2,512.0039714,25.53072971,28.98234535,0,30.55931986,60.6437517,4.515,1.39850159
9,29,9,NaN,588,95.4,631.6211963,30.94633905,29.5464378,0,31.27403865,57.20580665,5.267,1.39850159
9,29,9.5,NaN,685.6,108,738.035637,36.10406222,30.19959747,0,32.28068483,53.4680408,5.737,1.39850159
9,29,10,NaN,743.8,114.6,807.2182262,39.45658229,30.88244622,0,33.05580239,50.3898807,6.449,1.313181257
9,29,10.5,NaN,800.2,122,870.3275347,42.80910235,31.88197845,0,33.82085348,47.13182812,6.241,1.313181257
9,29,11,NaN,850.2,129.6,924.7230056,45.90373625,33.49508493,0,34.66643627,45.38287351,5.113,1.313181257
9,29,11.5,NaN,862.6,132.4,945.0552933,47.45105321,35.15767319,0,35.1596929,42.84439083,5.199,1.313181257
9,29,12,NaN,651,102,728.5296323,36.8777207,35.99886368,0,35.46168675,40.22595593,5.263,1.39850159
9,29,12.5,NaN,864.6,135.4,942.4147364,48.22471168,36.40461439,0,35.94487692,37.47759869,5.007,1.39850159
9,29,13,NaN,613.6,97.6,683.640166,35.07251759,36.90932868,0,36.43813354,36.21835138,4.516,1.39850159
9,29,13.5,NaN,605.6,97.6,670.9654932,34.55674527,37.0478777,0,36.44820001,35.8485724,4.437,1.39850159
9,29,14,NaN,582.4,94.8,643.2396464,33.26731448,37.06767042,0,36.42806708,36.4182319,4.367,1.39850159
9,29,14.5,NaN,546.4,90.4,605.2156279,31.46211137,37.24580488,0,36.93139017,35.0490503,4.537,1.39850159
9,29,15,NaN,335.6,56.8,382.0885748,19.59934806,37.02808499,0,36.58913047,35.49878148,4.457,1.39850159
9,29,15.5,NaN,353.8,61.8,398.9881386,21.14666502,36.9291214,0,37.01192187,36.47819606,2.723,1.39850159
9,29,16,NaN,307.8,57.4,341.4239995,18.56780343,36.50357797,0,37.0823871,35.40883525,3.469,1.39850159
9,29,16.5,NaN,151.2,28.2,172.4283617,9.541787873,36.08793091,0,36.85085848,35.8085963,3.202,1.39850159
9,29,17,NaN,63.2,11.8,73.67153585,4.12617854,35.92958917,0,35.82407938,38.30710288,2.68,1.39850159
9,29,17.5,NaN,38.6,7.8,38.28807419,2.320975429,35.52383846,0,35.08922767,39.10662498,2.121,1.39850159
9,29,18,NaN,2.8,0.4,3.432723893,0,35.00922781,0,34.0523821,42.28472535,2.343,1.39850159
9,29,18.5,NaN,0,0,0,0,34.6034771,0,32.25048544,48.06127256,1.398,1.39850159
9,29,19,NaN,0,0,0,0,34.22741547,0,30.44858879,53.82782575,1.539,1.39850159
9,29,19.5,NaN,0,0,0,0,33.76228661,0,29.48220845,58.47504799,1.818,1.39850159
9,29,20,NaN,0,0,0,0,33.30705411,0,29.0493506,63.59198946,1.788,1.39850159
9,29,20.5,NaN,0,0,0,0,32.87161433,0,28.73729028,64.08169675,2.368,1.39850159
9,29,21,NaN,0,0,0,0,32.39658911,0,29.89493339,59.26457607,2.743,1.39850159
9,29,21.5,NaN,0,0,0,0,32.05021655,0,30.08619616,58.06529291,2.061,1.39850159
9,29,22,NaN,0,0,0,0,31.85228938,0,29.603006,59.87421167,2.377,1.39850159
9,29,22.5,NaN,0,0,0,0,31.69394764,0,29.29094568,60.06409817,2.463,1.39850159
9,29,23,NaN,0,0,0,0,31.52570954,0,28.95875244,62.47265852,2.538,1.39850159
9,29,23.5,NaN,0,0,0,0,31.3673678,0,28.61649274,65.51084252,1.775,1.313181257
9,30,0,NaN,0,0,0,0,31.23871514,0,27.89170749,67.99935507,1.868,1.313181257
9,30,0.5,NaN,0,0,0,0,31.12985519,0,27.2575204,70.58780789,1.746,1.313181257
9,30,1,NaN,0,0,0,0,30.96161709,0,26.84479547,73.11629654,1.65,1.313181257
9,30,1.5,NaN,0,0,0,0,30.793379,0,26.92532716,74.25561554,1.588,1.313181257
9,30,2,NaN,0,0,0,0,30.6251409,0,26.83472901,74.76531089,0.788,1.313181257
9,30,2.5,NaN,0,0,0,0,30.56576275,0,26.62333331,76.47428939,1.238,1.313181257
9,30,3,NaN,0,0,0,0,30.49648823,0,26.71393147,77.37375176,1.795,1.313181257
9,30,3.5,NaN,0,0,0,0,30.41731737,0,26.60320039,77.83347697,2.142,1.313181257
9,30,4,NaN,0,0,0,0,30.37773193,0,26.31127299,78.00337541,1.683,1.313181257
9,30,4.5,NaN,0,0,0,0,30.3381465,0,26.12001022,79.04275415,1.995,1.313181257
9,30,5,NaN,0,0,0,0,30.19959747,0,26.2307413,79.12270636,0.684,1.313181257
9,30,5.5,NaN,1,0.2,1.056222736,0,30.10063389,0,26.21060838,79.86226431,2.103,1.313181257
9,30,6,NaN,27.6,5.8,27.98990251,1.547316952,29.99177394,0,26.27100715,79.58243157,1.216,1.313181257
9,30,6.5,NaN,99.8,21.6,99.54899289,5.931381651,29.80374313,0,27.02599178,78.60301699,1.9,1.313181257
9,30,7,NaN,191.2,39,196.1933733,11.08910483,29.57612687,0,28.3648312,72.08691183,1.843,1.313181257
9,30,7.5,NaN,296.6,55.6,312.1138186,16.50471416,29.55633416,0,29.95533216,62.70252112,2.737,1.313181257
9,30,8,NaN,367.2,70.8,336.4069415,22.17820965,29.82353584,0,31.1834405,56.85601572,3.624,1.313181257
9,30,8.5,NaN,395,84,543.9547092,27.59381898,30.37773193,0,32.40148237,53.16822001,3.598,1.313181257
9,30,9,NaN,598.2,95.6,648.5207601,32.23576984,31.05068432,0,33.156467,50.69969551,3.71,1.313181257
9,30,9.5,NaN,679.2,105.6,739.6199711,36.8777207,31.8226003,0,34.07251503,46.86198941,4.365,1.313181257
9,30,10,NaN,736.6,112.6,806.1620034,40.23024076,32.58461992,0,34.85769904,43.35408617,4.974,1.313181257
9,30,10.5,NaN,792.4,120.2,870.5915904,43.58276083,33.68311574,0,35.53215198,41.30531077,4.692,1.313181257
9,30,11,NaN,825.8,125.4,910.7280543,46.41950857,35.3951858,0,36.04554153,40.46581256,4.285,1.313181257
9,30,11.5,NaN,856.8,131,947.1677387,48.740484,37.17653037,0,36.55893109,38.91673848,4.403,1.313181257
9,30,12,NaN,732.4,113.8,823.5896786,42.55121619,38.05730629,0,36.80052617,38.30710288,4.414,1.313181257
9,30,12.5,NaN,831.2,129.6,919.9700033,48.22471168,38.71046597,0,37.41458034,36.77801685,4.212,1.313181257
9,30,13,NaN,807.8,126.2,896.9971588,47.19316705,39.36362564,0,37.79710588,34.27951027,4.266,1.313181257
9,30,13.5,NaN,786.8,124.6,871.1197017,45.90373625,39.91782173,0,38.14943205,31.8609559,4.493,1.313181257
9,30,14,NaN,713.4,115.2,790.5827181,42.29333003,40.25429793,0,38.47155882,30.82157717,4.5,1.313181257
9,30,14.5,NaN,597.6,99,664.6281568,35.84617606,40.31367608,0,38.67288806,29.97208493,4.229,1.313181257
9,30,15,NaN,396.8,67.4,453.9117209,24.49918508,40.1157489,0,38.43129298,31.09141588,3.828,1.313181257
9,30,15.5,NaN,392.4,69.6,439.9167696,24.24129892,39.76937635,0,38.43129298,31.18136211,3.849,1.313181257
9,30,16,NaN,322,60.2,357.7954519,19.85723422,39.29435113,0,38.73328683,30.21194156,3.493,1.313181257
9,30,16.5,NaN,217.4,43.6,240.2906725,13.66796641,38.7500514,0,38.37089421,30.38184001,3.381,1.313181257
9,30,17,NaN,117.4,24.8,128.8591738,7.994470921,38.21564803,0,38.03870097,30.94150548,3.415,1.313181257
9,30,17.5,NaN,38.6,7.4,44.36135492,2.578861587,37.77031189,0,37.05218771,32.03085435,3.056,1.313181257
9,30,18,NaN,4,0.8,4.224890945,0.257886159,37.34476846,0,35.77374707,35.0490503,2.478,1.313181257
9,30,18.5,NaN,0,0,0,0,36.83015781,0,34.07251503,39.6463024,2.1,1.313181257
9,30,19,NaN,0,0,0,0,36.31554716,0,32.51221345,44.36348283,1.979,1.313181257
9,30,19.5,NaN,0,0,0,0,35.81083286,0,30.75058264,51.09945657,1.798,1.313181257
9,30,20,NaN,0,0,0,0,35.27642949,0,29.6533383,54.85721046,2.218,1.313181257
9,30,20.5,NaN,0,0,0,0,34.76181884,0,29.58287307,56.43626662,2.56,1.313181257
9,30,21,NaN,0,0,0,0,34.27689726,0,29.76406938,56.15643388,2.651,1.313181257
9,30,21.5,NaN,0,0,0,0,33.8612502,0,30.04593031,56.01651751,3.043,1.313181257
9,30,22,NaN,0,0,0,0,33.48518857,0,29.97546508,56.76606949,2.336,1.313181257
9,30,22.5,NaN,0,0,0,0,33.22788324,0,29.41174322,60.91359041,3.658,1.313181257
9,30,23,NaN,0,0,0,0,32.98047427,0,29.10974937,62.36272423,3.052,1.313181257
9,30,23.5,NaN,0,0,0,0,32.7825471,0,28.71715736,63.20222244,1.949,1.313181257
10,1,0,NaN,0,0,0,0,32.66379079,0,27.91184042,65.7706872,1.776,1.313181257
10,1,0.5,NaN,0,0,0,0,32.55493085,0,27.22732102,69.1886442,2.024,1.313181257
10,1,1,NaN,0,0,0,0,32.3273146,0,26.573001,71.33735986,1.795,1.313181257
10,1,1.5,NaN,0,0,0,0,32.11949106,0,26.15020961,73.5560337,2.106,1.313181257
10,1,2,NaN,0,0,0,0,31.91166753,0,25.86834868,75.59481507,2.084,1.313181257
10,1,2.5,NaN,0,0,0,0,31.703844,0,25.73748467,76.42431926,2.431,1.313181257
10,1,3,NaN,0,0,0,0,31.49602046,0,25.79788344,75.08511973,1.549,1.313181257
10,1,3.5,NaN,0,0,0,0,31.29809329,0,25.57642128,75.09511376,1.939,1.313181257
10,1,4,NaN,0,0,0,0,31.18923334,0,25.35495912,76.2144447,2.18,1.313181257
10,1,4.5,NaN,0,0,0,0,31.03089161,0,25.35495912,76.60421173,2.024,1.313181257
10,1,5,NaN,0,0,0,0,30.88244622,0,25.22409512,77.49368007,1.869,1.313181257
10,1,5.5,NaN,1.4,0.2,1.32027842,0,30.72410449,0,25.4153579,77.63359644,1.416,1.313181257
10,1,6,NaN,24,5.4,25.87745704,1.547316952,30.58555546,0,25.45562374,78.58302894,1.409,1.313181257
10,1,6.5,NaN,89.4,19.2,92.68354511,5.673495492,30.42721372,0,26.06967791,79.30259884,1.588,1.313181257
10,1,7,NaN,185.4,38.2,190.3841482,11.08910483,30.24907927,0,27.89170749,76.06453431,0.79,1.313181257
10,1,7.5,NaN,284.8,54.2,299.9672571,15.98894184,30.18970111,0,29.603006,67.8194626,1.091,1.313181257
10,1,8,NaN,349.4,70.6,335.6147744,22.17820965,30.4569028,0,30.95191187,59.8842057,2.096,1.313181257
10,1,8.5,NaN,393.2,81.6,514.3804726,27.07804667,31.00120253,0,32.42161529,53.88778991,2.876,1.313181257
10,1,9,NaN,583.8,95.6,632.4133633,32.75154216,31.69394764,0,33.51885963,49.77025107,2.928,1.313181257
10,1,9.5,NaN,650.4,104.2,708.725456,36.61983454,32.4955527,0,34.36444242,47.3916728,2.723,1.313181257
10,1,10,NaN,708.2,111.6,774.4753214,39.9723546,33.32684683,0,35.33082275,44.40345893,2.636,1.224514794
10,1,10.5,NaN,787.4,119.6,843.9219663,43.58276083,34.49461716,0,35.96500984,42.27473133,3.049,1.313181257
10,1,11,NaN,699.2,106,764.9693167,39.71446845,36.31554716,0,36.48846585,41.13541233,3.204,1.224514794
10,1,11.5,NaN,754.4,116.2,820.9491218,43.32487467,37.552592,0,36.67972863,39.36646967,2.687,1.224514794
10,1,12,NaN,850.2,132.4,896.7331031,47.96682552,38.6312951,0,37.58571019,37.72744935,2.763,1.224514794
10,1,12.5,NaN,485.6,76.6,550.5561013,29.14113594,39.38341836,0,37.33404864,38.19716859,2.672,1.313181257
10,1,13,NaN,583.4,93.6,634.2617531,34.04097295,39.59124189,0,37.27364987,38.39704911,2.65,1.313181257
10,1,13.5,NaN,394,64.2,446.2541061,23.7255266,39.55165646,0,37.18305172,39.55635617,3.233,1.313181257
10,1,14,NaN,482,78.6,531.0159807,28.62536362,39.47248559,0,37.10252002,40.32589619,3.12,1.313181257
10,1,14.5,NaN,532,87.8,583.2990061,31.97788368,39.71989456,0,37.61590957,38.02727014,3.119,1.313181257
10,1,15,NaN,277.2,46.6,303.399981,16.76260032,39.79906543,0,37.30384926,39.0366668,3.273,1.313181257
10,1,15.5,NaN,25.4,4.6,30.10234798,1.547316952,39.62093097,0,32.98533715,48.21118296,8.58,1.313181257
10,1,16,NaN,22.6,4,28.51801388,1.805203111,39.42300379,0,27.71051118,66.85004204,6.837,1.313181257
10,1,16.5,NaN,15.6,2.6,18.74795357,1.805203111,38.1760626,0,27.84137518,66.86003607,3.636,1.313181257
10,1,17,NaN,17,2.8,19.27606494,1.805203111,36.94891412,0,28.55609397,63.60198349,2.812,1.313181257
10,1,17.5,NaN,13,2.4,14.25900694,0.773658476,36.17699814,0,28.78762259,62.1628437,2.86,1.313181257
10,1,18,NaN,0.8,0,0.792167052,0,35.67228384,0,28.85808782,64.84124275,1.153,1.313181257
10,1,18.5,NaN,0,0,0,0,35.30611857,0,28.60642628,66.73011373,1.223,1.313181257
10,1,19,NaN,0,0,0,0,34.97953873,0,28.16350196,68.74890704,1.13,1.313181257
10,1,19.5,NaN,0,0,0,0,34.65295889,0,28.18363488,70.0981006,2.153,1.313181257
10,1,20,NaN,0,0,0,0,34.35606813,0,28.29436596,70.19804086,3.025,1.313181257
10,1,20.5,NaN,0,0,0,0,34.05917737,0,28.24403366,71.15746739,3.084,1.313181257
10,1,21,NaN,0,0,0,0,33.82166476,0,28.08297027,70.8976227,1.472,1.313181257
10,1,21.5,NaN,0,0,0,0,33.61384123,0,28.01250503,71.21743154,1.07,1.313181257
10,1,22,NaN,0,0,0,0,33.42581041,0,27.7306441,72.66656536,1.677,1.313181257
10,1,22.5,NaN,0,0,0,0,33.24767596,0,27.5997801,72.58661315,3.353,1.313181257
10,1,23,NaN,0,0,0,0,32.97057791,0,27.79104288,70.82766452,3.458,1.313181257
10,1,23.5,NaN,0,0,0,0,32.74296166,0,27.72057764,69.19863823,2.902,1.313181257
10,2,0,NaN,0,0,0,0,32.56482721,0,27.55951425,67.38971946,2.048,1.313181257
10,2,0.5,NaN,0,0,0,0,32.42627818,0,27.21725455,68.3891221,1.761,1.313181257
10,2,1,NaN,0,0,0,0,32.3273146,0,26.77433024,70.26799904,1.136,1.313181257
10,2,1.5,NaN,0,0,0,0,32.16897286,0,26.33140592,73.20624278,1.559,1.313181257
10,2,2,NaN,0,0,0,0,32.02052748,0,25.79788344,75.44490468,1.181,1.313181257
10,2,2.5,NaN,0,0,0,0,31.8226003,0,25.98914622,74.0857171,3.577,1.313181257
10,2,3,NaN,0,0,0,0,31.61477677,0,25.91868098,73.91581865,1.827,1.313181257
10,2,3.5,NaN,0,0,0,0,31.51581318,0,25.61668713,75.40492857,1.001,1.313181257
10,2,4,NaN,0,0,0,0,31.43664231,0,25.4656902,77.78350684,1.831,1.313181257
10,2,4.5,NaN,0,0,0,0,31.30798965,0,25.31469328,79.37255702,1.308,1.313181257
10,2,5,NaN,0,0,0,0,31.18923334,0,25.08316466,79.95221055,1.078,1.313181257
10,2,5.5,NaN,0.2,0,0.528111368,0,31.09026976,0,24.88183542,80.95161318,1.748,1.313181257
10,2,6,NaN,3.4,0.8,4.488946629,0,30.99130617,0,24.97243358,81.75113528,2.163,1.313181257
10,2,6.5,NaN,14,2.6,16.6355081,1.031544635,30.90223894,0,25.08316466,82.45071713,2.456,1.313181257
10,2,7,NaN,34,6.4,39.60835261,2.320975429,30.84286079,0,25.27442743,82.85047818,2.525,1.313181257
10,2,7.5,NaN,118.8,21.2,135.9886773,7.478698603,30.77358628,0,25.73748467,82.45071713,2.186,1.313181257
10,2,8,NaN,146.8,25.8,168.4675264,9.283901714,30.81317171,0,26.42200407,80.05215081,2.044,1.224514794
10,2,8.5,NaN,282.6,49.6,314.7543754,16.76260032,30.95172074,0,27.01592532,77.22384136,2.276,1.224514794
10,2,9,NaN,227.2,40,259.0386261,13.66796641,31.14964791,0,27.8111758,72.23682223,3.186,1.224514794
10,2,9.5,NaN,333.6,58,374.43096,19.85723422,31.48612411,0,28.4956952,69.36853668,2.965,1.224514794
10,2,10,NaN,553.2,91.2,611.81702,32.23576984,31.91166753,0,29.34127799,67.58959999,3.341,1.224514794
10,2,10.5,NaN,697.8,108.8,776.8518225,40.74601308,32.51534541,0,30.17679432,63.69192973,3.731,1.224514794
10,2,11,NaN,713,111,795.3357204,42.03544387,33.96021378,0,31.00224418,61.62316628,3.894,1.224514794
10,2,11.5,NaN,830.8,129,918.6497249,48.99837016,35.60300933,0,31.30423804,59.85422362,3.773,1.224514794
10,2,12,NaN,891,139.6,974.1014185,52.86666254,36.88953596,0,31.71696297,57.94536459,4.345,1.224514794
10,2,12.5,NaN,860.8,136,945.8474603,51.31934559,37.85937912,0,32.54241284,54.3774972,4.231,1.224514794
10,2,13,NaN,713.2,112.6,797.9762772,43.32487467,38.6312951,0,32.71354269,53.26816028,4.386,1.224514794
10,2,13.5,NaN,817.4,128.8,903.0704395,49.25625632,39.49227831,0,33.12626762,50.24996433,4.698,1.224514794
10,2,14,NaN,727.8,116.2,813.0274512,44.61430546,40.18502342,0,33.58932486,48.60094999,4.375,1.224514794
10,2,14.5,NaN,611.4,100.2,687.6010013,38.16715149,40.49181054,0,33.88125225,47.04188188,4.579,1.224514794
10,2,15,NaN,560,94.4,625.8119712,35.07251759,40.55118869,0,34.06244856,47.67150554,4.108,1.224514794
10,2,15.5,NaN,352.6,61.2,409.2863103,22.95186813,40.17512706,0,33.63965717,47.00190577,4.561,1.224514794
10,2,16,NaN,298.6,55,347.2332245,19.59934806,39.78916907,0,33.28733101,48.06127256,4.196,1.313181257
10,2,16.5,NaN,236.2,47.2,269.8649091,15.98894184,39.07663124,0,33.30746393,50.85959993,3.781,1.313181257
10,2,17,NaN,127.2,27.2,144.4384592,9.283901714,38.43336792,0,32.79407438,53.05828572,4.242,1.313181257
10,2,17.5,NaN,39.6,7.4,47.53002313,2.836747746,37.94844635,0,31.9988239,55.02710891,3.597,1.313181257
10,2,18,NaN,3.4,0.6,4.488946629,0,37.43383569,0,31.30423804,57.35571704,2.174,1.313181257
10,2,18.5,NaN,0,0,0,0,36.82026145,0,30.65998448,60.14405038,2.629,1.313181257
10,2,19,NaN,0,0,0,0,36.19679085,0,30.08619616,61.6331603,2.378,1.313181257
10,2,19.5,NaN,0,0,0,0,35.6821802,0,29.74393646,63.12227023,2.014,1.313181257
10,2,20,NaN,0,0,0,0,35.25663678,0,29.2607463,64.94118302,1.923,1.313181257
10,2,20.5,NaN,0,0,0,0,34.93005694,0,28.80775552,67.2498031,2.421,1.313181257
10,2,21,NaN,0,0,0,0,34.56389167,0,28.56616043,68.55902054,2.24,1.313181257
10,2,21.5,NaN,0,0,0,0,34.20762275,0,28.27423304,69.43849486,1.593,1.313181257
10,2,22,NaN,0,0,0,0,33.95031743,0,27.61991303,71.50725831,1.813,1.313181257
10,2,22.5,NaN,0,0,0,0,33.73259753,0,27.21725455,73.53604565,1.795,1.224514794
10,2,23,NaN,0,0,0,0,33.47529221,0,26.75419731,75.71474339,1.112,1.224514794
10,2,23.5,NaN,0,0,0,0,33.24767596,0,26.33140592,77.61360839,1.047,1.224514794
10,3,0,NaN,0,0,0,0,33.02005971,0,26.0193456,79.30259884,1.101,1.224514794
10,3,0.5,NaN,0,0,0,0,32.81223617,0,25.87841514,80.3519716,1.19,1.224514794
10,3,1,NaN,0,0,0,0,32.58461992,0,25.79788344,81.45131449,1.488,1.224514794
10,3,1.5,NaN,0,0,0,0,32.37679639,0,25.64688652,81.55125476,0.685,1.224514794
10,3,2,NaN,0,0,0,0,32.21845465,0,25.50595605,82.15089634,0.436,1.224514794
10,3,2.5,NaN,0,0,0,0,32.06011291,0,25.34489266,83.25023923,0.988,1.224514794
10,3,3,NaN,0,0,0,0,31.90177117,0,25.22409512,84.94922371,2.159,1.224514794
10,3,3.5,NaN,0,0,0,0,31.73353307,0,25.16369635,85.54886528,1.374,1.224514794
10,3,4,NaN,0,0,0,0,31.60488041,0,24.98250004,86.34838739,1.596,1.224514794
10,3,4.5,NaN,0,0,0,0,31.48612411,0,24.66037326,86.64820818,0.605,1.224514794
10,3,5,NaN,0,0,0,0,31.35747144,0,24.41877818,87.1479095,0.445,1.224514794
10,3,5.5,NaN,0.8,0,1.32027842,0,31.23871514,0,24.25771479,87.9474316,1.096,1.224514794
10,3,6,NaN,29.8,6.2,30.36640367,1.805203111,31.09026976,0,24.38857879,88.74695371,1.886,1.224514794
10,3,6.5,NaN,82.6,17.4,91.099211,5.673495492,30.78348264,0,25.03283235,89.0467745,1.916,1.224514794
10,3,7,NaN,158.2,30,177.7094754,10.31544635,30.66472633,0,25.45562374,88.74695371,1.43,1.224514794
10,3,7.5,NaN,262.6,48.2,284.9160831,15.98894184,30.75379356,0,26.39180469,86.64820818,1.358,1.224514794
10,3,8,NaN,237.4,42.4,265.1119068,14.44162489,30.97151345,0,27.41858379,82.95041844,1.748,1.224514794
10,3,8.5,NaN,303.8,53.6,340.8958881,18.30991727,31.52570954,0,28.14336904,79.83228223,1.869,1.224514794
10,3,9,NaN,436.6,74,477.9407882,25.53072971,31.93146025,0,28.87822075,75.9845821,1.724,1.224514794
10,3,9.5,NaN,500.6,83,544.2187649,28.88324978,32.46586362,0,30.01573093,68.86883536,1.855,1.224514794
10,3,10,NaN,480,80.4,530.4878693,28.88324978,33.30705411,0,31.05257649,62.85243152,2.408,1.224514794
10,3,10.5,NaN,614,99.8,668.8530477,36.10406222,34.10865917,0,31.75722882,57.36571107,3.22,1.224514794
10,3,11,NaN,528,87,582.506839,31.71999752,34.96964237,0,31.90822574,55.7067027,3.285,1.224514794
10,3,11.5,NaN,726.6,116.2,790.3186624,42.80910235,36.0186564,0,32.90480546,54.45744941,2.649,1.224514794
10,3,12,NaN,452.6,73.8,503.2901338,27.07804667,36.642127,0,32.99540362,54.80724033,3.42,1.224514794
10,3,12.5,NaN,903,141.8,983.8714788,53.89820718,37.78020825,0,33.25713162,53.90777796,3.865,1.224514794
10,3,13,NaN,793.8,124.6,872.9680915,47.96682552,39.14590575,0,34.03224918,48.76085441,3.094,1.224514794
10,3,13.5,NaN,696.4,111.2,773.1550429,42.80910235,39.46258923,0,34.8174332,46.2123777,3.583,1.224514794
10,3,14,NaN,647.6,105,716.3830709,39.71446845,39.65062004,0,35.05902828,45.17299896,3.581,1.224514794
10,3,14.5,NaN,601.2,99.8,666.7406023,37.39349302,39.91782173,0,35.44155383,42.86437888,3.395,1.224514794
10,3,15,NaN,515,88,573.0008344,32.493656,40.02668168,0,35.66301599,42.51458796,3.356,1.224514794
10,3,15.5,NaN,418.6,74.6,465.0020596,26.82016051,40.01678532,0,35.64288306,42.50459393,2.558,1.224514794
10,3,16,NaN,316.2,59.6,350.9300041,20.37300654,39.7099982,0,35.74354768,42.79442069,2.755,1.224514794
10,3,16.5,NaN,95.6,18.2,116.4485567,6.962926286,39.33393657,0,35.41135444,43.27413396,2.29,1.224514794
10,3,17,NaN,31.8,5.8,40.13646398,2.320975429,38.93808222,0,34.70670212,44.45342906,1.781,1.224514794
10,3,17.5,NaN,20.4,3.8,23.50095588,1.289430794,38.34430069,0,33.80072056,46.32231199,1.278,1.224514794
10,3,18,NaN,1.2,0.2,1.584334104,0,37.74062281,0,32.59274514,51.1894028,0.975,1.224514794
10,3,18.5,NaN,0,0,0,0,37.16663401,0,31.56596604,55.02710891,2.945,1.224514794
10,3,19,NaN,0,0,0,0,36.69160879,0,30.05599678,60.25398467,1.89,1.224514794
10,3,19.5,NaN,0,0,0,0,36.18689449,0,29.33121153,62.62256891,1.265,1.224514794
10,3,20,NaN,0,0,0,0,35.72176564,0,28.97888537,64.41149962,1.862,1.224514794
10,3,20.5,NaN,0,0,0,0,35.29622221,0,28.58629336,66.52023917,1.642,1.224514794
10,3,21,NaN,0,0,0,0,34.92016058,0,28.08297027,69.31856654,1.917,1.224514794
10,3,21.5,NaN,0,0,0,0,34.6034771,0,27.83130872,70.63777802,1.553,1.224514794
10,3,22,NaN,0,0,0,0,34.29668998,0,27.66017887,72.06692378,1.126,1.224514794
10,3,22.5,NaN,0,0,0,0,34.04928101,0,27.39845087,73.3661472,1.217,1.224514794
10,3,23,NaN,0,0,0,0,33.83156112,0,27.10652347,74.66537062,0.835,1.224514794
10,3,23.5,NaN,0,0,0,0,33.58415215,0,26.74413085,77.27381149,1.019,1.224514794
10,4,0,NaN,0,0,0,0,33.38622498,0,26.31127299,79.12270636,0.98,1.224514794
10,4,0.5,NaN,0,0,0,0,33.1882978,0,26.18040899,80.45191186,1.037,1.224514794
10,4,1,NaN,0,0,0,0,32.97057791,0,25.94888037,81.55125476,1.205,1.224514794
10,4,1.5,NaN,0,0,0,0,32.79244346,0,25.8079499,81.95101581,1.821,1.224514794
10,4,2,NaN,0,0,0,0,32.64399808,0,25.43549082,83.15029897,0.558,1.224514794
10,4,2.5,NaN,0,0,0,0,32.50544905,0,25.16369635,83.94982107,1.046,1.224514794
10,4,3,NaN,0,0,0,0,32.29762552,0,24.94223419,84.94922371,1.092,1.224514794
10,4,3.5,NaN,0,0,0,0,32.11949106,0,24.77110434,85.74874581,1.5,1.224514794
10,4,4,NaN,0,0,0,0,31.95125297,0,24.75097142,86.24844713,1.06,1.224514794
10,4,4.5,NaN,0,0,0,0,31.78301487,0,24.79123727,86.84808871,1.898,1.224514794
10,4,5,NaN,0,0,0,0,31.63456949,0,24.88183542,86.84808871,2.414,1.224514794
10,4,5.5,NaN,1,0.2,1.056222736,0,31.49602046,0,24.98250004,87.34779002,1.894,1.224514794
10,4,6,NaN,20.6,4.2,22.44473315,1.289430794,31.4168496,0,24.83150311,87.74755107,1.395,1.224514794
10,4,6.5,NaN,61,11.6,67.8623108,3.868292381,31.35747144,0,25.02276589,88.04737186,0.94,1.224514794
10,4,7,NaN,104.6,19.6,118.5610021,6.962926286,31.2486115,0,25.4656902,87.54767055,1.503,1.224514794
10,4,7.5,NaN,144.2,26.4,166.0910253,9.541787873,31.23871514,0,25.82808283,87.1479095,1.222,1.224514794
10,4,8,NaN,163.2,30.6,193.0247051,11.60487714,31.33767873,0,26.442137,86.14850686,1.099,1.224514794
10,4,8.5,NaN,169,30.8,203.5869324,11.60487714,31.49602046,0,26.86492839,82.05095607,1.487,1.224514794
10,4,9,NaN,547.4,90.6,584.8833402,31.46211137,31.74342943,0,27.90177396,77.51366812,1.195,1.224514794
10,4,9.5,NaN,643.4,102.8,692.6180593,36.61983454,32.13928378,0,29.62313892,70.81767049,1.527,1.224514794
10,4,10,NaN,787.2,121.8,843.6579106,44.61430546,32.91119976,0,31.04251003,62.78247333,2.025,1.224514794
10,4,10.5,NaN,845.2,128.8,915.217001,48.48259784,34.27689726,0,32.18002021,57.61556173,2.388,1.224514794
10,4,11,NaN,869.6,133.6,941.8866251,50.80357327,36.5926452,0,32.79407438,54.9471567,2.62,1.224514794
10,4,11.5,NaN,486.2,78.2,559.5339945,30.43056673,38.1265808,0,32.85447315,54.06768238,2.4,1.224514794
10,4,12,NaN,922.2,144.2,996.8102073,55.44552413,38.9182895,0,33.78058763,51.04948643,2.497,1.224514794
10,4,12.5,NaN,784.2,123.2,868.7432006,47.96682552,40.1652307,0,34.30404365,48.94074688,2.654,1.224514794
10,4,13,NaN,812.2,128,883.5303189,48.99837016,40.93714668,0,35.0288289,46.29232991,2.504,1.224514794
10,4,13.5,NaN,824,130.8,900.165827,50.28780095,41.89709347,0,35.2905569,44.5033992,3.163,1.224514794
10,4,14,NaN,639.2,103.2,710.3097901,39.9723546,42.38201505,0,35.66301599,43.26413993,2.796,1.224514794
10,4,14.5,NaN,572.6,95,637.4304213,36.10406222,42.40180777,0,35.95494338,42.49459991,3.657,1.224514794
10,4,15,NaN,518.8,88.8,580.9225049,33.26731448,42.16429516,0,35.85427876,42.20477314,3.225,1.224514794
10,4,15.5,NaN,335.4,59.4,373.6387929,21.66243733,41.84761168,0,35.9750763,41.96491651,3.798,1.224514794
10,4,16,NaN,46.8,8.4,57.30008344,3.352520064,41.37258646,0,33.28733101,48.21118296,5.784,1.224514794
10,4,16.5,NaN,19.4,3.4,25.61340135,1.547316952,40.82828673,0,29.72380354,60.57379352,6.091,1.224514794
10,4,17,NaN,11.6,2.2,14.52306262,1.031544635,40.00688896,0,27.20718809,69.72832162,4.464,1.224514794
10,4,17.5,NaN,1.4,0,1.848389788,0,38.94797858,0,26.38173823,72.16686404,2.687,1.224514794
10,4,18,NaN,0,0,0,0,37.93854999,0,26.62333331,70.7077362,1.877,1.224514794
10,4,18.5,NaN,0,0,0,0,37.14684129,0,26.75419731,70.52784373,1.461,1.224514794
10,4,19,NaN,0,0,0,0,36.58274884,0,26.73406439,71.50725831,1.345,1.224514794
10,4,19.5,NaN,0,0,0,0,36.12751634,0,26.68373208,72.20684015,1.221,1.224514794
10,4,20,NaN,0,0,0,0,35.73166199,0,26.64346623,72.74651757,1.876,1.224514794
10,4,20.5,NaN,0,0,0,0,35.36549672,0,26.51260223,74.56543036,1.222,1.224514794
10,4,21,NaN,0,0,0,0,35.03891688,0,26.22067484,76.37434912,0.683,1.224514794
10,4,21.5,NaN,0,0,0,0,34.74202612,0,25.93881391,78.05334555,0.341,1.224514794
10,4,22,NaN,0,0,0,0,34.49461716,0,25.72741821,79.4425152,0.486,1.224514794
10,4,22.5,NaN,0,0,0,0,34.23731183,0,25.91868098,80.05215081,1.522,1.224514794
10,4,23,NaN,0,0,0,0,33.9800065,0,25.86834868,80.85167292,1.372,1.224514794
10,4,23.5,NaN,0,0,0,0,33.75239025,0,25.86834868,81.75113528,0.995,1.224514794
10,5,0,NaN,0,0,0,0,33.56435944,0,25.81801637,82.45071713,1.566,1.224514794
10,5,0.5,NaN,0,0,0,0,33.37632862,0,25.8079499,83.45011976,1.788,1.224514794
10,5,1,NaN,0,0,0,0,33.21798688,0,25.8079499,84.04976134,1.833,1.224514794
10,5,1.5,NaN,0,0,0,0,33.0695415,0,25.91868098,84.34958213,2.201,1.224514794
10,5,2,NaN,0,0,0,0,32.92109612,0,26.0193456,84.44952239,1.669,1.224514794
10,5,2.5,NaN,0,0,0,0,32.81223617,0,26.05961145,84.24964186,1.123,1.224514794
10,5,3,NaN,0,0,0,0,32.72316895,0,25.93881391,84.74934318,0.486,1.224514794
10,5,3.5,NaN,0,0,0,0,32.64399808,0,25.90861452,85.34898476,0.638,1.224514794
10,5,4,NaN,0,0,0,0,32.52524177,0,25.69721883,85.54886528,0.38,1.224514794
10,5,4.5,NaN,0,0,0,0,32.40648547,0,25.28449389,86.34838739,1.169,1.224514794
10,5,5,NaN,0,0,0,0,32.23824737,0,24.92210127,87.24784976,1.935,1.224514794
10,5,5.5,NaN,3.6,0.8,2.640556841,0,32.07000927,0,25.01269942,87.24784976,2.378,1.224514794
10,5,6,NaN,50.6,10.2,50.69869134,3.094633905,31.90177117,0,25.25429451,86.94802897,1.645,1.224514794
10,5,6.5,NaN,80.4,15.6,88.45865416,5.415609333,31.74342943,0,25.6770859,86.14850686,1.306,1.224514794
10,5,7,NaN,99.8,18.6,112.4877214,6.447153968,31.73353307,0,25.98914622,84.84928344,1.592,1.224514794
10,5,7.5,NaN,120.8,22.4,134.6683989,7.994470921,31.85228938,0,26.41193761,82.55065739,2.399,1.224514794
10,5,8,NaN,117.8,21.6,132.8200091,7.736584762,31.97104568,0,26.88506132,79.84227626,2.189,1.224514794
10,5,8.5,NaN,191.8,35,215.4694382,12.12064946,32.09969835,0,27.40851733,76.75412212,2.189,1.224514794
10,5,9,NaN,451.4,77.6,499.3292986,27.33593283,32.23824737,0,28.66682505,72.50666094,1.896,1.224514794
10,5,9.5,NaN,363.6,62.8,407.9660319,22.43609581,32.4955527,0,29.72380354,64.2116191,2.647,1.224514794
10,5,10,NaN,762.8,122.2,822.2694002,44.61430546,32.97057791,0,31.05257649,57.52561549,3.416,1.224514794
10,5,10.5,NaN,647.4,103.4,719.8157948,38.94080997,33.72270118,0,32.44174822,52.45864414,3.08,1.224514794
10,5,11,NaN,699.2,112.2,767.8739293,42.03544387,35.00922781,0,33.33766332,50.53979109,2.92,1.224514794
10,5,11.5,NaN,879.4,136.6,969.6124719,53.38243486,37.10725586,0,34.23357841,47.53158917,2.735,1.224514794
10,5,12,NaN,876.6,137.4,965.9156923,54.15609333,38.86880771,0,35.43148737,42.55456406,3.515,1.224514794
10,5,12.5,NaN,742.2,118.8,814.3477296,45.38796394,39.93761445,0,36.16633908,39.34648162,3.555,1.224514794
10,5,13,NaN,355.8,59,402.9489739,22.17820965,39.84854722,0,35.79387999,38.62691172,3.573,1.224514794
10,5,13.5,NaN,630.2,102.6,700.2756741,39.19869613,39.91782173,0,36.56899755,35.96850072,3.943,1.224514794
10,5,14,NaN,784.4,128.4,857.6528618,48.740484,40.64025592,0,36.61932986,36.78801088,3.354,1.224514794
10,5,14.5,NaN,701,118,769.4582634,44.3564193,41.48144641,0,37.53537788,33.02026296,3.371,1.224514794
10,5,15,NaN,611.8,105.8,667.2687136,38.68292381,41.09548842,0,37.94810281,33.03025698,3.243,1.224514794
10,5,15.5,NaN,463.6,82.6,503.2901338,29.14113594,40.95693939,0,37.5555108,34.27951027,3.775,1.224514794
10,5,16,NaN,209.6,37.8,236.5938929,13.66796641,40.91735396,0,36.20660492,40.46581256,3.821,1.224514794
10,5,16.5,NaN,87.6,15.6,99.02088152,5.931381651,40.76890858,0,35.25029105,43.53397864,2.991,1.224514794
10,5,17,NaN,37,7,40.92863103,2.320975429,40.07616347,0.2,33.61952425,53.49802288,2.909,1.224514794
10,5,17.5,NaN,11.4,2.2,13.46683989,0.773658476,39.34383292,0,31.89815928,55.46684607,4.597,1.224514794
10,5,18,NaN,0,0,0,0,37.81979368,15.1,24.66037326,75.44490468,9.4,1.224514794
10,5,18.5,NaN,0,0,0,0,34.79150792,0.5,24.11678433,80.45191186,3.225,1.313181257
10,5,19,NaN,0,0,0,0,33.58415215,0,24.69057265,82.2508366,2.683,1.39850159
10,5,19.5,NaN,0,0,0,0,32.93099248,0,24.88183542,83.35017949,1.611,1.636354589
10,5,20,NaN,0,0,0,0,32.63410172,0,25.57642128,85.2490445,1.923,1.781530951
10,5,20.5,NaN,0,0,0,0,32.39658911,0,25.59655421,86.0485666,2.665,1.91733923
10,5,21,NaN,0,0,0,0,32.1590765,0,25.3348262,85.34898476,1.961,1.982037751
10,5,21.5,NaN,0,0,0,0,32.00073476,0,25.63682005,85.44892502,1.983,2.04474546
10,5,22,NaN,0,0,0,0,31.89187481,0,25.68715236,86.14850686,1.383,2.105562403
10,5,22.5,NaN,0,0,0,0,31.76322215,0,25.90861452,86.24844713,2.49,2.164581728
10,5,23,NaN,0,0,0,0,31.57519133,0,25.86834868,84.94922371,1.326,2.221890279
10,5,23.5,NaN,0,0,0,0,31.45643503,0,25.96901329,85.84868607,1.932,2.221890279
10,6,0,NaN,0,0,0,0,31.33767873,0,25.79788344,87.24784976,1.37,2.277569142
10,6,0.5,NaN,0,0,0,0,31.1991297,0,25.69721883,88.14731213,1.296,2.33169412
10,6,1,NaN,0,0,0,0,31.11995883,0,25.8079499,88.64701344,0.775,2.384336168
10,6,1.5,NaN,0,0,0,0,31.03089161,0,25.56635482,89.34659529,1.36,2.384336168
10,6,2,NaN,0,0,0,0,30.90223894,0,25.39522497,89.74635634,0.264,2.435561791
10,6,2.5,NaN,0,0,0,0,30.80327536,0,25.52608898,90.14611739,1.182,2.485433389
10,6,3,NaN,0,0,0,0,30.70431177,0,25.5462219,90.24605765,0.99,2.485433389
10,6,3.5,NaN,0,0,0,0,30.61524454,0,25.64688652,90.54587844,0.321,2.534009579
10,6,4,NaN,0,0,0,0,30.53607367,0,25.63682005,90.9456395,1.101,2.534009579
10,6,4.5,NaN,0,0,0,0,30.46679916,0,25.60662067,91.24546029,1.094,2.581345488
10,6,5,NaN,0,0,0,0,30.39752465,0,25.64688652,91.54528108,0.832,2.581345488
10,6,5.5,NaN,1.4,0.2,1.32027842,0,30.32825014,0,25.48582313,91.44534081,1.534,2.581345488
10,6,6,NaN,23.6,4.8,25.08528999,1.289430794,30.23918291,0,25.37509205,91.34540055,1.074,2.581345488
10,6,6.5,NaN,42.2,7.4,58.62036186,2.578861587,30.14021932,0,25.69721883,91.44534081,0.422,2.627493012
10,6,7,NaN,85.4,14,104.0379395,4.641950857,30.10063389,0,25.98914622,91.64522134,1.098,2.627493012
10,6,7.5,NaN,93,15.2,109.8471646,4.641950857,30.1699084,0,26.2307413,91.04557976,1.296,2.627493012
10,6,8,NaN,218.2,37.6,252.437234,11.60487714,30.23918291,0,26.40187115,90.34599792,1.464,2.627493012
10,6,8.5,NaN,249.6,44.6,294.158032,13.92585257,30.36783557,0,26.75419731,88.44713292,1.997,2.627493012
10,6,9,NaN,372,64.8,415.359591,20.37300654,30.6251409,0,27.16692225,84.54946265,1.847,2.627493012
10,6,9.5,NaN,669.4,110,699.7475628,34.81463143,30.88244622,0,28.60642628,79.51247339,1.523,2.672501059
10,6,10,NaN,744.8,118.4,799.824667,38.68292381,31.39705688,0,30.52912048,68.05931923,1.752,2.672501059
10,6,10.5,NaN,811.8,128,885.114653,42.29333003,32.45596726,0,32.23035252,55.52681022,2.088,2.672501059
10,6,11,NaN,744.2,118.4,826.7583468,39.9723546,33.75239025,0,33.63965717,47.63152943,2.031,2.672501059
10,6,11.5,NaN,644,104.6,723.5125743,35.33040375,35.04881324,0,34.65636981,44.85319012,1.644,2.672501059
10,6,12,NaN,681.8,112.2,747.5416416,37.13560686,35.86031466,0,35.27042398,44.24355451,1.935,2.672501059
10,6,12.5,NaN,645.6,105.8,719.2876834,35.58828991,36.52337069,0,35.41135444,42.00489262,1.765,2.672501059
10,6,13,NaN,492.6,81,562.4386071,27.85170514,37.11715221,0,35.35095567,40.86557362,1.938,2.672501059
10,6,13.5,NaN,778.8,129.2,837.3205742,42.29333003,37.5031102,0,35.88447815,40.05605748,2.007,2.672501059
10,6,14,NaN,745.2,125,809.3306717,41.2617854,38.28492254,0,36.66966217,39.11661901,2.57,2.627493012
10,6,14.5,NaN,620.2,106.8,683.9042217,35.07251759,38.1760626,0,36.32740246,39.2665294,1.935,2.627493012
10,6,15,NaN,429,76.2,482.6937905,25.0149574,38.22554439,0,36.63946278,38.54695951,1.546,2.627493012
10,6,15.5,NaN,438.4,80.6,484.5421803,25.27284356,37.97813542,0,36.53879816,38.98669667,1.313,2.627493012
10,6,16,NaN,308.2,58.6,340.8958881,18.05203111,37.56248836,0,36.62939632,38.29710885,1.546,2.627493012
10,6,16.5,NaN,134.6,25.8,155.0006865,8.510243238,36.95881047,0,35.88447815,42.15480301,1.958,2.627493012
10,6,17,NaN,71.2,14.2,80.80103932,4.641950857,36.38482167,0,35.24022459,46.46222835,2.208,2.627493012
10,6,17.5,NaN,20.6,4,23.2369002,1.031544635,35.78114379,0,33.97185041,50.10005393,2.899,2.627493012
10,6,18,NaN,1.2,0.2,1.584334104,0,35.18736226,0,32.97527069,54.01771225,3.684,2.627493012
10,6,18.5,NaN,0,0,0,0,34.50451351,0,32.16995375,57.94536459,3.1,2.627493012
10,6,19,NaN,0,0,0,0,33.93052471,0,31.48543435,60.33393688,2.669,2.627493012
10,6,19.5,NaN,0,0,0,0,33.47529221,0,31.20357342,60.66373975,3.113,2.627493012
10,6,20,NaN,0,0,0,0,33.0695415,0,30.70025033,62.61257488,3.134,2.627493012
10,6,20.5,NaN,0,0,0,0,32.81223617,0,30.04593031,65.14106354,1.985,2.627493012
10,6,21,NaN,0,0,0,0,32.614309,0,29.53254076,66.67014957,1.62,2.627493012
10,6,21.5,NaN,0,0,0,0,32.40648547,0,29.22048045,66.14046617,1.849,2.627493012
10,6,22,NaN,0,0,0,0,32.18876557,0,29.05941706,65.59079473,1.852,2.627493012
10,6,22.5,NaN,0,0,0,0,32.02052748,0,28.61649274,68.4290982,1.24,2.627493012
10,6,23,NaN,0,0,0,0,31.92156389,0,28.14336904,71.00755699,0.822,2.627493012
10,6,23.5,NaN,0,0,0,0,31.78301487,0,27.67024533,74.6953527,2.375,2.627493012
10,7,0,NaN,0,0,0,0,31.64446585,0,27.18705517,77.29379955,2.671,2.627493012
10,7,0.5,NaN,0,0,0,0,31.49602046,0,27.01592532,77.5036741,2.078,2.627493012
10,7,1,NaN,0,0,0,0,31.34757508,0,26.85486193,78.52306478,1.471,2.627493012
10,7,1.5,NaN,0,0,0,0,31.21892242,0,26.50253577,80.15209107,0.598,2.627493012
10,7,2,NaN,0,0,0,0,31.07047704,0,25.97907976,82.05095607,2.092,2.627493012
10,7,2.5,NaN,0,0,0,0,30.82306807,0,25.90861452,81.05155344,2.367,2.627493012
10,7,3,NaN,0,0,0,0,30.65482997,0,25.71735175,81.75113528,1.814,2.627493012
10,7,3.5,NaN,0,0,0,0,30.55586639,0,25.4656902,82.95041844,1.53,2.581345488
10,7,4,NaN,0,0,0,0,30.42721372,0,25.08316466,84.64940292,1.302,2.581345488
10,7,4.5,NaN,0,0,0,0,30.31835378,0,24.81137019,85.94862634,0.741,2.581345488
10,7,5,NaN,0,0,0,0,30.20949383,0,24.57984157,87.34779002,1.109,2.581345488
10,7,5.5,NaN,1.8,0.2,2.376501157,0,30.06104845,0,24.57984157,88.24725239,1.66,2.581345488
10,7,6,NaN,36.2,8,35.91157303,2.06308927,29.90270671,0,24.56977511,88.94683423,1.432,2.581345488
10,7,6.5,NaN,125.4,28.4,123.8421158,7.220812445,29.62560867,0,25.22409512,89.34659529,1.391,2.581345488
10,7,7,NaN,225.8,46.8,234.2173918,12.63642178,29.45737057,0,25.90861452,88.54707318,1.426,2.581345488
10,7,7.5,NaN,330.8,64.2,355.6830064,18.30991727,29.52664508,0,26.35153884,86.84808871,2.359,2.581345488
10,7,8,NaN,308.8,80.8,358.0595076,24.24129892,29.88291399,0,27.01592532,83.55006002,1.977,2.581345488
10,7,8.5,NaN,484.8,95.8,603.6312938,29.3990221,30.46679916,0,28.17356842,78.41313049,1.232,2.581345488
10,7,9,NaN,557,104.8,671.4936046,32.75154216,31.25850786,0,29.70367061,72.07691781,1.274,2.581345488
10,7,9.5,NaN,735.6,123.6,792.6951636,39.19869613,32.11949106,0,31.07270942,65.17104562,1.81,2.581345488
10,7,10,NaN,748.4,123,788.998384,39.71446845,32.92109612,0,32.27061837,57.77546615,1.698,2.581345488
10,7,10.5,NaN,851.6,135.8,917.3294464,44.3564193,33.94042107,0,33.43832793,51.02949838,1.997,2.534009579
10,7,11,NaN,835.6,133.6,913.1045555,44.3564193,35.6821802,0,34.4751735,43.30411604,3.226,2.534009579
10,7,11.5,NaN,862,139,938.9820125,46.16162241,37.5031102,0,35.26035752,40.38586035,2.884,2.534009579
10,7,12,NaN,868,141.2,951.920741,47.70893937,38.56202059,0,35.91467753,36.91793322,3.626,2.534009579
10,7,12.5,NaN,838.2,136.4,924.7230056,46.16162241,39.47248559,0,36.46833293,36.80799893,1.923,2.534009579
10,7,13,NaN,787,128.6,865.3104767,43.32487467,40.6204632,0,36.78039324,35.05904432,1.757,2.485433389
10,7,13.5,NaN,796.4,131.8,866.8948108,43.58276083,40.97673211,0,37.04212125,32.73043619,2.174,2.485433389
10,7,14,NaN,764.2,128.8,828.0786252,42.29333003,41.32310467,0,37.95816927,30.13198935,1.586,2.485433389
10,7,14.5,NaN,610.8,105.4,667.2687136,34.29885911,41.29341559,0,38.09909974,30.1519774,1.573,2.485433389
10,7,15,NaN,563.2,99.8,610.7607972,31.46211137,41.03611026,0,37.5555108,32.13079461,2.427,2.485433389
10,7,15.5,NaN,450.4,83.4,490.3514053,25.53072971,40.66994499,0,37.51524495,32.00087227,2.014,2.485433389
10,7,16,NaN,334.4,65.8,366.2452338,19.34146191,39.77927271,0,38.02863451,31.50117096,1.334,2.435561791
10,7,16.5,NaN,211.6,44.8,232.1049463,12.89430794,38.94797858,0,37.35418157,31.57112914,1.17,2.435561791
10,7,17,NaN,30.6,6,42.24890945,2.06308927,38.23544075,0,36.99178894,34.01966559,1.351,2.435561791
10,7,17.5,NaN,14,2.8,17.16361946,0.773658476,37.81979368,0,34.95836366,44.6932857,1.976,2.435561791
10,7,18,NaN,2,0.4,2.112445473,0,37.16663401,0,33.34772978,45.6826943,1.704,2.435561791
10,7,18.5,NaN,0,0,0,0,36.41451075,0,32.70347622,49.61034664,2.28,2.435561791
10,7,19,NaN,0,0,0,0,35.74155835,0,32.11962144,53.98773017,3.105,2.435561791
10,7,19.5,NaN,0,0,0,0,35.19725862,0,31.25390573,57.6055677,2.91,2.435561791
10,7,20,NaN,0,0,0,0,34.81130063,0,30.64991802,60.72370391,2.694,2.435561791
10,7,20.5,NaN,0,0,0,0,34.49461716,0,29.47214199,60.73369794,3.803,2.435561791
10,7,21,NaN,0,0,0,0,34.37586085,0,27.10652347,67.89941481,6.011,2.435561791
10,7,21.5,NaN,0,0,0,0,34.11855552,0,26.18040899,66.92999425,6.874,2.435561791
10,7,22,NaN,0,0,0,0,33.6930121,0,25.8884816,63.74189986,4.837,2.435561791
10,7,22.5,NaN,0,0,0,0,33.29715775,0,26.24080776,61.13345899,3.952,2.435561791
10,7,23,NaN,0,0,0,0,32.93099248,0,26.54280161,60.3039548,3.119,2.435561791
10,7,23.5,NaN,0,0,0,0,32.69347987,0,26.76426377,59.29455815,3.036,2.435561791
10,8,0,NaN,0,0,0,0,32.47575998,0,26.33140592,61.72310654,3.3,2.435561791
10,8,0.5,NaN,0,0,0,0,32.3273146,0,25.93881391,63.91179831,2.599,2.435561791
10,8,1,NaN,0,0,0,0,32.18876557,0,25.44555728,67.29977323,3.012,2.384336168
10,8,1.5,NaN,0,0,0,0,32.04032019,0,24.74090496,72.38673262,2.682,2.384336168
10,8,2,NaN,0,0,0,0,31.90177117,0,24.27784771,74.92521531,2.617,2.384336168
10,8,2.5,NaN,0,0,0,0,31.67415492,0,24.01611971,77.47369202,3.292,2.384336168
10,8,3,NaN,0,0,0,0,31.44653867,0,24.04631909,78.62300505,3.063,2.384336168
10,8,3.5,NaN,0,0,0,0,31.23871514,0,24.11678433,78.34317231,3.046,2.384336168
10,8,4,NaN,0,0,0,0,31.06058068,0,24.69057265,75.50486883,2.577,2.384336168
10,8,4.5,NaN,0,0,0,0,30.92203166,0,24.90196834,74.94520336,0.997,2.384336168
10,8,5,NaN,0,0,0,0,30.88244622,0,24.36844587,77.20385331,0.788,2.384336168
10,8,5.5,NaN,4.8,1.2,4.224890945,0.257886159,30.86265351,0,23.76445816,79.50247936,2.013,2.384336168
10,8,6,NaN,50,11.6,45.41757766,2.836747746,30.69441541,0,23.76445816,81.1514937,1.428,2.384336168
10,8,6.5,NaN,135.4,31.4,128.8591738,7.994470921,30.36783557,0,25.21402866,81.55125476,0.853,2.384336168
10,8,7,NaN,221.6,46.8,222.5989417,12.89430794,30.19959747,0,26.46226992,75.61480312,1.272,2.384336168
10,8,7.5,NaN,340.2,66,340.1037211,18.56780343,30.17980476,0,28.27423304,69.45848291,1.183,2.384336168
10,8,8,NaN,305.8,81.2,332.4461062,23.46764044,30.39752465,0,30.09626262,61.75308862,1.381,2.384336168
10,8,8.5,NaN,522.4,95,537.8814284,28.36747746,31.02099525,0,31.58609897,55.5168162,1.874,2.384336168
10,8,9,NaN,624.4,105.8,623.6995258,31.97788368,31.91166753,0,32.75380853,51.28934307,1.711,2.33169412
10,8,9.5,NaN,663.6,116.8,719.0236277,36.36194838,32.83202889,0,34.07251503,46.33230601,1.959,2.33169412
10,8,10,NaN,750.2,126,793.2232749,39.9723546,33.65342666,0,34.80736674,41.14540635,2.357,2.33169412
10,8,10.5,NaN,826.2,133.2,870.3275347,42.80910235,34.74202612,0,35.57241783,34.99908017,2.469,2.33169412
10,8,11,NaN,854.8,138.6,911.5202214,45.13007778,36.51347433,0,36.10594031,30.79159509,3.785,2.277569142
10,8,11.5,NaN,862.4,141,924.1948942,46.41950857,38.26512982,0,36.80052617,30.09201324,3.154,2.277569142
10,8,12,NaN,868.6,143.8,935.0211773,47.70893937,39.27455841,0,37.11258648,28.6328854,3.239,2.277569142
10,8,12.5,NaN,825,136,892.2441564,45.38796394,40.1652307,0,37.52531142,29.49237167,3.408,2.277569142
10,8,13,NaN,357.2,58.8,428.5623752,21.40455117,40.40274331,0,37.47497911,29.81218051,2.155,2.277569142
10,8,13.5,NaN,241.2,41.4,304.192148,15.21528337,39.68030912,0,36.88105786,31.2912964,1.265,2.221890279
10,8,14,NaN,162.2,28.6,211.5086029,11.08910483,38.87870406,0,36.7401274,32.93031672,1.428,2.221890279
10,8,14.5,NaN,430.4,76.8,483.7500132,25.0149574,38.36409341,0,36.78039324,33.22014348,2.127,2.221890279
10,8,15,NaN,557.8,102.4,597.558013,31.20422521,38.56202059,0,38.19976436,28.62289138,2.485,2.221890279
10,8,15.5,NaN,484.4,92,507.5150248,26.82016051,38.47295336,0,38.48162529,28.34305864,2.78,2.221890279
10,8,16,NaN,295.8,58,320.8276561,17.02048648,38.31461162,0,38.12929912,28.66286748,2.359,2.221890279
10,8,16.5,NaN,164.2,32,188.5357584,10.05756019,38.05730629,0,37.74677358,28.00326174,0.847,2.164581728
10,8,17,NaN,127,27.6,124.3702272,6.962926286,37.82969004,0,37.23338402,35.8085963,1.092,2.164581728
10,8,17.5,NaN,41,8.4,38.02401851,2.06308927,37.49321385,0,36.03547507,41.40525104,1.74,2.164581728
10,8,18,NaN,3.2,0.6,2.904612525,0,37.18642672,0,34.15304672,47.36169072,2.001,2.164581728
10,8,18.5,NaN,0,0,0,0,36.75098694,0,32.75380853,51.32931917,1.657,2.164581728
10,8,19,NaN,0,0,0,0,36.22647993,0,31.39483619,53.77785562,2.542,2.164581728
10,8,19.5,NaN,0,0,0,0,35.58321661,0,31.49550081,47.32171462,2.777,2.164581728
10,8,20,NaN,0,0,0,0,35.00922781,0,31.13310819,47.85139801,2.826,2.164581728
10,8,20.5,NaN,0,0,0,0,34.66285525,0,30.03586385,51.9089727,2.897,2.164581728
10,8,21,NaN,0,0,0,0,34.3164827,0,29.67347123,54.61735383,2.397,2.164581728
10,8,21.5,NaN,0,0,0,0,34.00969558,0,28.87822075,57.15583651,2.699,2.164581728
10,8,22,NaN,0,0,0,0,33.6930121,0,28.72722382,56.83602767,2.714,2.164581728
10,8,22.5,NaN,0,0,0,0,33.45549949,0,28.53596105,57.69551394,2.264,2.164581728
10,8,23,NaN,0,0,0,0,33.26746867,0,28.05277088,59.13465373,1.293,2.164581728
10,8,23.5,NaN,0,0,0,0,33.09923058,0,27.22732102,63.73190583,1.377,2.164581728
10,9,0,NaN,0,0,0,0,32.94088884,0,26.07974437,67.35973739,1.392,2.164581728
10,9,0.5,NaN,0,0,0,0,32.71327259,0,25.42542436,71.66716273,1.102,2.164581728
10,9,1,NaN,0,0,0,0,32.4460709,0,25.0730982,74.24562152,1.964,2.164581728
10,9,1.5,NaN,0,0,0,0,32.21845465,0,24.54964218,76.72414005,1.633,2.164581728
10,9,2,NaN,0,0,0,0,31.9908384,0,24.25771479,79.31259286,1.215,2.164581728
10,9,2.5,NaN,0,0,0,0,31.81270394,0,23.88525571,80.95161318,0.833,2.164581728
10,9,3,NaN,0,0,0,0,31.62467313,0,23.65372708,82.2508366,0.859,2.105562403
10,9,3.5,NaN,0,0,0,0,31.43664231,0,23.17053692,82.85047818,0.615,2.105562403
10,9,4,NaN,0,0,0,0,31.26840421,0,23.01953999,83.55006002,1.639,2.105562403
10,9,4.5,NaN,0,0,0,0,31.10016612,0,23.04973938,83.84988081,2.242,2.105562403
10,9,5,NaN,0,0,0,0,30.92203166,0,23.16047046,81.75113528,1.757,2.105562403
10,9,5.5,NaN,2.2,0.4,2.904612525,0,30.76368992,0,23.14033753,79.04275415,2.157,2.105562403
10,9,6,NaN,23.8,5.2,27.72584683,1.547316952,30.65482997,0,23.38193262,79.09272428,1.218,2.105562403
10,9,6.5,NaN,94.4,21.8,88.19459848,5.157723175,30.50638459,0,23.99598678,79.8222882,2.082,2.105562403
10,9,7,NaN,212.6,46.6,198.041763,11.60487714,30.32825014,0,25.32475974,78.16327984,1.736,2.105562403
10,9,7.5,NaN,326.2,66,318.451155,17.02048648,30.25897563,0,26.68373208,69.38852473,2.557,2.105562403
10,9,8,NaN,293.4,81.4,340.8958881,22.17820965,30.40742101,0,29.05941706,57.40568717,1.789,2.105562403
10,9,8.5,NaN,502.6,95.4,538.1454841,26.82016051,30.92203166,0,30.98211126,50.47982693,1.367,2.105562403
10,9,9,NaN,598.6,107.6,623.6995258,31.46211137,31.73353307,0,32.86453961,43.43403838,2.223,2.105562403
10,9,9.5,NaN,671,115.6,656.9705419,34.04097295,32.57472356,0,34.17317964,38.07724027,2.798,2.04474546
10,9,10,NaN,750.4,125.2,757.0476462,38.42503765,33.34663954,0,35.23015813,35.47879343,3.257,2.04474546
10,9,10.5,NaN,793.6,132.4,827.0224025,42.03544387,34.33627542,0,36.10594031,34.31948638,3.267,2.04474546
10,9,11,NaN,844.4,138.4,892.7722678,44.87219162,36.07803455,0,36.63946278,31.24132627,3.719,2.04474546
10,9,11.5,NaN,855.8,142,905.182885,46.16162241,37.81979368,0,37.45484618,29.55233582,4.093,1.982037751
10,9,12,NaN,749.8,127.2,802.4652239,41.2617854,38.57191694,0,37.72664065,27.36364406,4.574,1.982037751
10,9,12.5,NaN,893.8,150.2,940.8304023,48.740484,39.23497298,0,38.2400302,25.23491645,5.687,1.982037751
10,9,13,NaN,741.4,125.8,790.3186624,41.00389924,39.81885814,0,38.30042897,25.00505385,4.1,1.91733923
10,9,13.5,NaN,554.4,96,604.4234608,31.20422521,40.15533434,0,38.37089421,23.99565719,4.075,1.91733923
10,9,14,NaN,313.6,56,351.4581155,18.05203111,39.89802901,0,37.92796989,24.04562732,3.52,1.91733923
10,9,14.5,NaN,200.8,35.8,251.1169555,13.1521941,39.32404021,0,37.57564373,24.87513151,3.354,1.91733923
10,9,15,NaN,424.4,80.8,436.7481014,23.20975429,38.86880771,0,37.86757112,23.91570498,3.527,1.91733923
10,9,15.5,NaN,402.2,78.6,413.5112012,22.17820965,38.6312951,0,38.78361914,23.33605145,3.475,1.850542278
10,9,16,NaN,304,63.2,303.399981,16.246828,38.28492254,0,38.28029605,23.42599769,3.314,1.850542278
10,9,16.5,NaN,151.2,30.4,169.5237492,9.283901714,38.08699537,0,38.17963143,24.14556759,2.261,1.850542278
10,9,17,NaN,67.6,12.6,84.23376322,4.641950857,37.84948276,0,37.24345049,28.03324382,1.336,1.850542278
10,9,17.5,NaN,21.4,4,29.57423662,1.547316952,37.6713483,0,35.03889536,36.57813633,1.594,1.850542278
10,9,18,NaN,2.8,0.4,3.696779577,0,37.30518303,0,32.51221345,42.90435498,1.085,1.850542278
10,9,18.5,NaN,0,0,0,0,36.79057238,0,30.35799063,46.22237172,1.351,1.850542278
10,9,19,NaN,0,0,0,0,36.17699814,0,29.24061337,50.51980304,1.818,1.850542278
10,9,19.5,NaN,0,0,0,0,35.64259477,0,28.38496412,52.36869791,2.057,1.850542278
10,9,20,NaN,0,0,0,0,35.14777683,0,28.30443243,50.29993446,2.908,1.850542278
10,9,20.5,NaN,0,0,0,0,34.66285525,0,29.73387,45.57276001,2.814,1.850542278
10,9,21,NaN,0,0,0,0,34.28679362,0,29.49227492,46.98191772,2.045,1.850542278
10,9,21.5,NaN,0,0,0,0,34.0294883,0,28.80775552,49.05068117,2.563,1.850542278
10,9,22,NaN,0,0,0,0,33.75239025,0,28.46549581,51.7590623,0.993,1.850542278
10,9,22.5,NaN,0,0,0,0,33.55446308,0,26.82466254,58.00532875,0.714,1.850542278
10,9,23,NaN,0,0,0,0,33.38622498,0,26.19047545,63.77188194,1.067,1.781530951
10,9,23.5,NaN,0,0,0,0,33.16850509,0,25.26436097,66.3403467,1.522,1.781530951
10,10,0,NaN,0,0,0,0,32.91119976,0,24.97243358,69.13867407,1.66,1.781530951
10,10,0.5,NaN,0,0,0,0,32.60441264,0,25.0730982,72.09690586,1.522,1.781530951
10,10,1,NaN,0,0,0,0,32.36690003,0,24.27784771,72.82646978,1.289,1.781530951
10,10,1.5,NaN,0,0,0,0,32.1590765,0,24.15705017,73.09630849,0.943,1.781530951
10,10,2,NaN,0,0,0,0,31.95125297,0,23.73425878,73.40612331,1.532,1.781530951
10,10,2.5,NaN,0,0,0,0,31.79291123,0,23.81479047,75.23503012,1.473,1.781530951
10,10,3,NaN,0,0,0,0,31.62467313,0,23.43226492,76.38434315,1.717,1.781530951
10,10,3.5,NaN,0,0,0,0,31.43664231,0,23.73425878,74.5054662,1.901,1.781530951
10,10,4,NaN,0,0,0,0,31.27830057,0,23.82485693,75.15507791,1.93,1.781530951
10,10,4.5,NaN,0,0,0,0,31.15954427,0,23.38193262,76.23443276,1.896,1.781530951
10,10,5,NaN,0,0,0,0,31.05068432,0,23.45239785,78.19326191,1.42,1.781530951
10,10,5.5,NaN,2.6,0.4,2.904612525,0,30.95172074,0,23.52286308,79.46250326,1.564,1.781530951
10,10,6,NaN,32,8,27.72584683,1.547316952,30.82306807,0,23.74432524,80.75173265,1.018,1.781530951
10,10,6.5,NaN,105,26.2,88.72270985,5.157723175,30.59545182,0,24.63017388,80.85167292,1.684,1.781530951
10,10,7,NaN,221.6,49.6,195.1371505,11.60487714,30.39752465,0,25.97907976,75.37494649,2.438,1.781530951
10,10,7.5,NaN,307.2,63.4,284.3879717,15.21528337,30.39752465,0,28.19370135,61.46326186,2.615,1.781530951
10,10,8,NaN,285.4,77,309.7373174,19.85723422,30.66472633,0,30.50898756,51.55918178,2.432,1.781530951
10,10,8.5,NaN,478.6,90.4,471.8675074,24.49918508,31.17933699,0,32.53234637,43.35408617,3.174,1.781530951
10,10,9,NaN,581.8,102.8,569.5681105,29.3990221,31.88197845,0,34.01211626,39.25653538,3.575,1.710180135
10,10,9.5,NaN,682.2,116,679.4152751,34.81463143,32.69347987,0,35.05902828,36.3782558,4.372,1.710180135
10,10,10,NaN,746.8,124.2,761.5365928,38.68292381,33.46539585,0,35.82407938,35.4687994,4.181,1.710180135
10,10,10.5,NaN,802.2,131.6,826.7583468,42.29333003,34.49461716,0,36.48846585,33.23013751,4.272,1.710180135
10,10,11,NaN,829.2,135.6,867.6869778,44.3564193,36.19679085,0,37.07232064,32.35066319,4.066,1.710180135
10,10,11.5,NaN,840.8,139,883.2662632,45.90373625,37.91875727,0,37.59577665,30.33186988,3.613,1.636354589
10,10,12,NaN,823,138.4,864.2542539,45.6458501,38.97766765,0,38.26016313,28.20314227,3.994,1.636354589
10,10,12.5,NaN,826,138.4,863.1980312,45.6458501,39.77927271,0,38.7936856,27.34365601,3.303,1.636354589
10,10,13,NaN,771.2,132.6,775.5315441,41.51967156,40.56108505,0,39.07554653,26.1243848,3.38,1.636354589
10,10,13.5,NaN,366.2,65.8,377.5996282,19.85723422,40.60067048,0,38.62255575,26.02444453,2.104,1.636354589
10,10,14,NaN,573.4,102.2,581.714672,31.20422521,40.55118869,0,39.15607822,26.09440272,1.396,1.636354589
10,10,14.5,NaN,395,70.2,438.5964912,23.20975429,40.61056684,0,39.31714161,26.05442661,1.382,1.559907867
10,10,15,NaN,491,91.8,493.2560178,26.82016051,40.42253602,0,39.23660992,26.23431909,1.635,1.559907867
10,10,15.5,NaN,453.6,89.4,408.2300876,22.43609581,40.29388336,0,39.69966716,24.96507774,1.617,1.559907867
10,10,16,NaN,158.2,33.4,137.3089557,7.994470921,40.06626711,0,39.10574592,25.88452816,1.214,1.559907867
10,10,16.5,NaN,89.8,18.2,92.15543374,5.157723175,39.87823629,0,37.07232064,32.80039438,2.834,1.559907867
10,10,17,NaN,77.6,15.6,83.70565185,4.641950857,39.40321108,0,35.81401291,37.54755688,2.926,1.559907867
10,10,17.5,NaN,25.6,5,29.31018093,1.547316952,38.67088053,0,34.90803135,40.08603956,2.947,1.559907867
10,10,18,NaN,2,0.2,2.904612525,0,37.9583427,0,33.87118579,43.14421162,3.142,1.559907867
10,10,18.5,NaN,0,0,0,0,37.28539031,0,33.16653347,46.54218056,2.098,1.559907867
10,10,19,NaN,0,0,0,0,36.74109058,0,32.09948852,50.41986278,2.839,1.559907867
10,10,19.5,NaN,0,0,0,0,36.28585808,0,31.91829221,51.80903243,3.279,1.559907867
10,10,20,NaN,0,0,0,0,35.77124743,0,31.7874282,52.41866804,3.192,1.559907867
10,10,20.5,NaN,0,0,0,0,35.35560036,0,31.13310819,54.89718657,3.04,1.559907867
10,10,21,NaN,0,0,0,0,35.06860596,0,30.52912048,57.54560354,2.748,1.559907867
10,10,21.5,NaN,0,0,0,0,34.79150792,0,29.49227492,60.6837278,1.44,1.559907867
10,10,22,NaN,0,0,0,0,34.57378802,0,28.65675859,63.75189388,0.891,1.559907867
10,10,22.5,NaN,0,0,0,0,34.38575721,0,27.52931487,68.37912807,0.739,1.559907867
10,10,23,NaN,0,0,0,0,34.15814096,0,26.81459608,70.99756297,0.361,1.559907867
10,10,23.5,NaN,0,0,0,0,33.84145748,0,26.64346623,73.96578878,1.672,1.559907867
10,11,0,NaN,0,0,0,0,33.56435944,0,26.04954499,76.50427147,1.377,1.559907867
10,11,0.5,NaN,0,0,0,0,33.32684683,0,25.63682005,78.3031962,1.779,1.559907867
10,11,1,NaN,0,0,0,0,33.10912694,0,25.2039622,79.69236586,1.446,1.559907867
10,11,1.5,NaN,0,0,0,0,32.87161433,0,24.88183542,81.05155344,1.141,1.559907867
10,11,2,NaN,0,0,0,0,32.65389443,0,24.70063911,82.55065739,0.959,1.559907867
10,11,2.5,NaN,0,0,0,0,32.45596726,0,24.14698371,83.55006002,0.83,1.559907867
10,11,3,NaN,0,0,0,0,32.28772916,0,23.95572094,84.54946265,1.38,1.559907867
10,11,3.5,NaN,0,0,0,0,32.10959471,0,23.74432524,85.44892502,1.441,1.559907867
10,11,4,NaN,0,0,0,0,31.93146025,0,23.63359416,86.34838739,1.451,1.559907867
10,11,4.5,NaN,0,0,0,0,31.74342943,0,23.51279662,86.74814844,1.846,1.559907867
10,11,5,NaN,0,0,0,0,31.58508769,0,23.38193262,87.54767055,1.448,1.559907867
10,11,5.5,NaN,2.8,0.6,3.432723893,0,31.43664231,0,23.33160031,88.34719265,0.988,1.559907867
10,11,6,NaN,34.4,8,32.74290482,1.805203111,31.25850786,0,23.32153385,88.84689397,0.437,1.480681097
10,11,6.5,NaN,94.2,25.8,100.3411599,5.931381651,31.00120253,0,24.57984157,89.14671476,0.91,1.480681097
10,11,7,NaN,196.4,44.6,191.1763153,11.08910483,30.81317171,0,25.84821575,87.54767055,0.685,1.480681097
10,11,7.5,NaN,246.4,62.6,299.17509,15.73105568,30.81317171,0,26.83472901,83.94982107,1.09,1.480681097
10,11,8,NaN,234,79.8,343.2723893,21.92032349,31.00120253,0,28.38496412,77.30379357,1.306,1.480681097
10,11,8.5,NaN,490.4,92.8,523.0943101,26.82016051,31.49602046,0,30.05599678,67.37972544,2.017,1.480681097
10,11,9,NaN,575.8,104.4,616.5700223,31.20422521,32.35700367,0,31.93842513,58.84482696,1.99,1.480681097
10,11,9.5,NaN,661,114.6,705.2927321,35.58828991,33.26746867,0,33.56919194,48.35109933,2.135,1.480681097
10,11,10,NaN,736.4,124,786.8859385,39.9723546,34.08886645,0,35.18989228,41.96491651,1.475,1.480681097
10,11,10.5,NaN,779,132.4,848.1468572,43.84064698,35.13788047,0,36.38780124,35.29890096,1.696,1.480681097
10,11,11,NaN,837,136.2,856.8606948,45.90373625,37.02808499,0,37.41458034,31.79099772,2.718,1.480681097
10,11,11.5,NaN,852.4,139.4,900.165827,47.19316705,38.96777129,0,38.06890035,31.12139796,2.396,1.39850159
10,11,12,NaN,847.6,140,903.3344952,47.96682552,40.18502342,0,38.68295452,29.70224622,2.782,1.39850159
10,11,12.5,NaN,843.8,138.4,899.1096042,47.70893937,41.29341559,0,39.20641053,29.02265243,2.097,1.39850159
10,11,13,NaN,798.8,133.4,842.3376322,45.38796394,42.11481336,0,39.65940131,27.31367393,2.333,1.39850159
10,11,13.5,NaN,514.8,88.2,549.2358229,29.3990221,42.62942402,0,39.8204647,27.66346485,1.866,1.39850159
10,11,14,NaN,172.4,31.4,193.0247051,10.83121867,41.92678255,0,39.18627761,28.43300488,1.787,1.39850159
10,11,14.5,NaN,177,32.8,195.6652619,10.83121867,41.10538478,0,38.95474899,28.92271217,0.869,1.39850159
10,11,15,NaN,437.4,81.4,442.2932708,24.24129892,40.53139597,0,39.03528068,29.65227609,1.463,1.39850159
10,11,15.5,NaN,147.4,27.2,163.1864128,9.026015556,40.30377972,0,38.20983082,29.69225219,4.026,1.39850159
10,11,16,NaN,153,30,148.6633501,8.252357079,40.23450521,0,34.36444242,38.52697146,4.007,1.39850159
10,11,16.5,NaN,70.4,13,79.21670522,4.384064698,39.78916907,0,33.96178395,39.44642188,2.315,1.39850159
10,11,17,NaN,57.6,10.4,72.08720175,4.12617854,39.01725309,0,33.86111933,41.58514351,1.898,1.39850159
10,11,17.5,NaN,20,3.8,26.40556841,1.289430794,38.34430069,0,33.35779624,43.90375762,1.19,1.39850159
10,11,18,NaN,1.4,0,2.376501157,0,37.88906819,0,32.09948852,48.63093206,1.756,1.39850159
10,11,18.5,NaN,0,0,0,0,37.46352477,0,30.22712663,53.82782575,1.806,1.39850159
10,11,19,NaN,0,0,0,0,36.89943232,0,30.01573093,52.97833351,2.409,1.39850159
10,11,19.5,NaN,0,0,0,0,36.33533988,0,29.66340477,55.01711488,0.899,1.39850159
10,11,20,NaN,0,0,0,0,35.98896732,0,28.59635982,59.98414596,0.755,1.39850159
10,11,20.5,NaN,0,0,0,0,35.63269841,0,27.91184042,63.06230607,0.957,1.39850159
10,11,21,NaN,0,0,0,0,35.26653313,0,28.06283734,62.77247931,2.297,1.39850159
10,11,21.5,NaN,0,0,0,0,34.86078243,0,28.81782198,59.04470749,1.985,1.39850159
10,11,22,NaN,0,0,0,0,34.58368438,0,28.17356842,62.26278396,1.946,1.39850159
10,11,22.5,NaN,0,0,0,0,34.32637906,0,28.76748967,59.17462983,2.498,1.39850159
10,11,23,NaN,0,0,0,0,34.03938465,0,28.57622689,61.10347691,2.998,1.39850159
10,11,23.5,NaN,0,0,0,0,33.90083563,0,27.54944779,66.7201197,2.925,1.39850159
10,12,0,NaN,0,0,0,0,33.73259753,0,27.3883844,66.44028696,2.366,1.39850159
10,12,0.5,NaN,0,0,0,0,33.48518857,0,27.05619117,65.89061552,2.205,1.39850159
10,12,1,NaN,0,0,0,0,33.29715775,0,26.64346623,66.44028696,1.274,1.39850159
10,12,1.5,NaN,0,0,0,0,33.15860873,0,25.78781698,69.81826786,1.085,1.39850159
10,12,2,NaN,0,0,0,0,32.97057791,0,25.50595605,71.45728818,2.007,1.39850159
10,12,2.5,NaN,0,0,0,0,32.7330653,0,25.4153579,72.80648173,2.122,1.39850159
10,12,3,NaN,0,0,0,0,32.54503449,0,25.10329758,73.86584852,1.838,1.39850159
10,12,3.5,NaN,0,0,0,0,32.37679639,0,25.04289881,73.83586644,1.631,1.39850159
10,12,4,NaN,0,0,0,0,32.22835101,0,24.75097142,75.0351496,1.549,1.39850159
10,12,4.5,NaN,0,0,0,0,32.09969835,0,24.40871172,76.90403252,1.01,1.39850159
10,12,5,NaN,0,0,0,0,31.98094204,0,23.99598678,78.24323205,0.778,1.39850159
10,12,5.5,NaN,3.6,0.8,3.960835261,0,31.84239302,0,23.56312893,81.1514937,0.962,1.39850159
10,12,6,NaN,33.2,7.8,33.53507188,2.06308927,31.6543622,0,23.72419232,82.2508366,1.262,1.39850159
10,12,6.5,NaN,89.8,24.2,96.64438037,5.931381651,31.34757508,0,25.04289881,82.85047818,1.2,1.39850159
10,12,7,NaN,186.8,43.2,187.7435914,11.08910483,31.13975155,0,26.54280161,79.07273623,1.039,1.39850159
10,12,7.5,NaN,299.4,61.6,297.0626446,15.98894184,31.07047704,0,28.04270442,70.61778997,1.252,1.39850159
10,12,8,NaN,273,77.6,340.3677768,21.66243733,31.27830057,0,29.76406938,59.63435504,2.313,1.39850159
10,12,8.5,NaN,469.8,91.8,513.5883055,27.33593283,31.79291123,0,31.3143045,52.46863817,2.447,1.39850159
10,12,9,NaN,593.8,104.4,623.4354701,32.75154216,32.55493085,0,32.63301099,45.8725808,2.813,1.39850159
10,12,9.5,NaN,667.4,115.2,719.2876834,37.39349302,33.47529221,0,34.07251503,42.97431317,2.237,1.313181257
10,12,10,NaN,741.2,124,793.4873306,41.2617854,34.3164827,0,35.30062336,40.41584243,2.605,1.313181257
10,12,10.5,NaN,781.2,131,846.8265788,44.61430546,35.3951858,0,36.25693723,38.06724625,2.425,1.313181257
10,12,11,NaN,772,136.2,819.6288433,47.19316705,37.29528667,0,36.76026032,36.43821996,2.599,1.313181257
10,12,11.5,NaN,851.8,140,910.99211,48.740484,39.32404021,0,37.46491265,34.80919367,2.751,1.313181257
10,12,12,NaN,840.6,140,904.9188293,48.99837016,40.59077412,0,37.98836866,33.33007777,2.372,1.313181257
10,12,12.5,NaN,838.8,138.8,899.1096042,48.48259784,41.85750804,0,38.43129298,31.98088422,2.205,1.313181257
10,12,13,NaN,792.8,132.4,837.8486855,43.32487467,42.9461075,0,39.08561299,29.86215064,2.161,1.313181257
10,12,13.5,NaN,768.8,129.6,812.7633955,43.06698851,43.41123636,0,39.78019885,28.42301085,1.876,1.313181257
10,12,14,NaN,560.4,96.2,605.7437392,33.00942832,43.54978538,0,39.91106286,26.26430116,1.952,1.313181257
10,12,14.5,NaN,547.8,96.4,590.1644539,32.493656,43.17372375,0,39.33727454,26.63408014,2.656,1.313181257
10,12,15,NaN,556,101.2,586.4676743,32.75154216,43.17372375,0,40.09225917,24.47537045,1.889,1.313181257
10,12,15.5,NaN,431.4,82,454.9679436,25.78861587,42.85704027,0,39.79026532,28.64287943,2.927,1.313181257
10,12,16,NaN,326.2,65.8,340.8958881,19.34146191,42.39191141,0,39.41780623,28.54293917,2.553,1.313181257
10,12,16.5,NaN,220.2,47.8,223.6551644,13.1521941,41.70906266,0,39.09567945,30.17196545,2.48,1.313181257
10,12,17,NaN,140.8,30.6,131.7637863,7.994470921,41.16476293,0,38.40109359,32.23073488,3.416,1.313181257
10,12,17.5,NaN,15.8,2.8,21.91662178,1.289430794,40.72932314,0,36.58913047,37.04785556,2.775,1.313181257
10,12,18,NaN,1.4,0.2,2.376501157,0,40.18502342,0,35.13955997,40.85557959,1.807,1.313181257
10,12,18.5,NaN,0,0,0,0,39.49227831,0,33.89131871,45.38287351,1.753,1.313181257
10,12,19,NaN,0,0,0,0,38.7995332,0,33.09606823,46.4022642,2.744,1.313181257
10,12,19.5,NaN,0,0,0,0,38.01772086,0,33.3678627,43.62392488,2.298,1.313181257
10,12,20,NaN,0,0,0,0,37.45362841,0,32.51221345,46.4422403,2.915,1.313181257
10,12,20.5,NaN,0,0,0,0,37.05777406,0,31.55589958,48.9107648,2.983,1.313181257
10,12,21,NaN,0,0,0,0,36.68171243,0,30.98211126,50.63973135,2.277,1.313181257
10,12,21.5,NaN,0,0,0,0,36.34523623,0,30.37812355,53.07827378,2.163,1.313181257
10,12,22,NaN,0,0,0,0,36.07803455,0,29.864734,56.71609936,1.382,1.313181257
10,12,22.5,NaN,0,0,0,0,35.81083286,0,29.27081276,60.4938413,1.586,1.313181257
10,12,23,NaN,0,0,0,0,35.52383846,0,28.79768905,64.84124275,1.709,1.313181257
10,12,23.5,NaN,0,0,0,0,35.24674042,0,27.95210626,67.53962986,1.25,1.313181257
10,13,0,NaN,0,0,0,0,34.96964237,0,27.61991303,69.42850083,0.81,1.313181257
10,13,0.5,NaN,0,0,0,0,34.75192248,0,26.98572593,72.16686404,1.779,1.313181257
10,13,1,NaN,0,0,0,0,34.50451351,0,26.7843967,72.85645186,1.523,1.313181257
10,13,1.5,NaN,0,0,0,0,34.27689726,0,26.35153884,74.59541244,1.543,1.313181257
10,13,2,NaN,0,0,0,0,34.05917737,0,26.18040899,75.20504805,1.749,1.313181257
10,13,2.5,NaN,0,0,0,0,33.87114656,0,26.06967791,75.76471352,2.121,1.313181257
10,13,3,NaN,0,0,0,0,33.62373759,0,26.0998773,72.99636823,2.18,1.313181257
10,13,3.5,NaN,0,0,0,0,33.37632862,0,26.39180469,71.02754504,1.072,1.313181257
10,13,4,NaN,0,0,0,0,33.27736503,0,26.0193456,74.23562749,0.248,1.313181257
10,13,4.5,NaN,0,0,0,0,33.17840145,0,25.70728529,76.5942177,1.48,1.313181257
10,13,5,NaN,0,0,0,0,33.04974878,0,25.49588959,77.28380552,2.332,1.313181257
10,13,5.5,NaN,1.2,0,1.056222736,0,32.84192525,0,25.93881391,71.59720454,3,1.313181257
10,13,6,NaN,15.8,4,11.35439441,0.515772317,32.57472356,0.1,27.17698871,66.67014957,1.742,1.313181257
10,13,6.5,NaN,128.2,28.4,109.3190532,5.931381651,32.34710731,0.1,27.36825148,70.07811254,2.755,1.313181257
10,13,7,NaN,232.2,49.2,215.7334939,11.8627633,32.25804009,0,28.20376781,68.17924754,2.707,1.313181257
10,13,7.5,NaN,290.8,61.6,294.158032,15.98894184,32.21845465,0,29.79426877,62.64255696,2.447,1.313181257
10,13,8,NaN,282.4,72.6,327.9571596,20.11512038,32.25804009,0,30.50898756,61.31335146,3.083,1.313181257
10,13,8.5,NaN,482,90.2,496.9527974,26.82016051,32.52524177,0,31.33443742,56.58617701,2.908,1.313181257
10,13,9,NaN,546.6,97.4,569.8321662,30.43056673,32.94088884,0,32.70347622,49.77025107,3.388,1.313181257
10,13,9.5,NaN,569.8,98.2,596.5017903,31.71999752,33.56435944,0,33.72018886,46.99191175,2.532,1.313181257
10,13,10,NaN,727.8,120.2,749.1259757,39.71446845,34.25710455,0,34.78723381,44.57335738,2.144,1.313181257
10,13,10.5,NaN,797.4,129.2,817.2523422,43.58276083,35.16756955,0,35.51201906,42.02488067,1.784,1.313181257
10,13,11,NaN,768.4,136.6,826.4942911,47.19316705,36.96870683,0,36.34753539,39.67628448,1.959,1.313181257
10,13,11.5,NaN,848.4,137.8,881.9459848,47.96682552,39.21518026,0,36.66966217,39.99609333,1.584,1.313181257
10,13,12,NaN,841,138,886.6989871,48.48259784,40.67984135,0,37.0823871,40.65569906,2.23,1.313181257
10,13,12.5,NaN,771,126.2,817.5163979,44.61430546,41.67937358,0,37.13271941,40.73565127,2.818,1.313181257
10,13,13,NaN,827.2,136,868.4791449,47.70893937,42.56014951,0,37.64610896,39.97610527,2.68,1.313181257
10,13,13.5,NaN,736.6,122.8,776.5877668,42.80910235,43.34196184,0,37.86757112,37.5575509,2.612,1.313181257
10,13,14,NaN,690.4,117.6,728.001521,40.48812692,43.33206549,0,38.15949851,35.4687994,2.946,1.313181257
10,13,14.5,NaN,625.2,109.2,658.5548761,37.13560686,43.40134,0,38.53195759,35.59872175,2.788,1.313181257
10,13,15,NaN,516.4,93.4,538.4095398,30.43056673,43.40134,0,38.50175821,37.18777193,3.813,1.313181257
10,13,15.5,NaN,325.8,61,342.7442779,19.34146191,42.99558929,0,37.85750466,39.35647564,3.405,1.313181257
10,13,16,NaN,302.4,60,308.1529833,17.53625879,42.53046043,0,37.87763758,37.58753298,3.482,1.313181257
10,13,16.5,NaN,205.6,43,212.0367143,12.63642178,41.84761168,0,37.6360425,39.27652343,3.209,1.313181257
10,13,17,NaN,97.8,21.2,102.4536054,6.18926781,41.29341559,0,37.04212125,40.05605748,3.104,1.313181257
10,13,17.5,NaN,20.8,4.2,24.29312293,1.547316952,40.77880494,0,36.14620615,44.76324388,2.838,1.313181257
10,13,18,NaN,2.4,0.4,2.640556841,0,40.19491977,0,35.0791612,48.10124867,2.277,1.313181257
10,13,18.5,NaN,0,0,0,0,39.58134553,0,34.09264795,51.06947449,1.057,1.313181257
10,13,19,NaN,0,0,0,0,39.00735673,0,32.94507131,55.37689983,1.928,1.313181257
10,13,19.5,NaN,0,0,0,0,38.48284972,0,31.9988239,56.00652349,2.573,1.313181257
10,13,20,NaN,0,0,0,0,37.91875727,0,31.48543435,56.38629649,1.651,1.313181257
10,13,20.5,NaN,0,0,0,0,37.5031102,0,30.85124726,59.38450438,1.51,1.313181257
10,13,21,NaN,0,0,0,0,37.13694493,0,30.09626262,62.21281383,2.23,1.313181257
10,13,21.5,NaN,0,0,0,0,36.72129787,0,29.85466754,61.61317225,1.984,1.313181257
10,13,22,NaN,0,0,0,0,36.34523623,0,29.59293953,61.49324394,2.205,1.313181257
10,13,22.5,NaN,0,0,0,0,36.05824183,0,29.05941706,63.25219257,2.448,1.313181257
10,13,23,NaN,0,0,0,0,35.79104015,0,28.77755613,64.34154144,2.544,1.313181257
10,13,23.5,NaN,0,0,0,0,35.52383846,0,28.4956952,65.44088433,2.157,1.313181257
10,14,0,NaN,0,0,0,0,35.27642949,0,28.07290381,66.88002412,1.354,1.313181257
10,14,0.5,NaN,0,0,0,0,35.0587096,0,27.8111758,67.98936104,1.029,1.313181257
10,14,1,NaN,0,0,0,0,34.86078243,0,27.39845087,70.73771828,1.217,1.313181257
10,14,1.5,NaN,0,0,0,0,34.67275161,0,26.85486193,73.52605162,1.284,1.313181257
10,14,2,NaN,0,0,0,0,34.435239,0,26.64346623,74.24562152,2.339,1.313181257
10,14,2.5,NaN,0,0,0,0,34.17793368,0,26.62333331,74.28559762,1.121,1.313181257
10,14,3,NaN,0,0,0,0,33.99979922,0,26.42200407,75.70474936,1.334,1.313181257
10,14,3.5,NaN,0,0,0,0,33.85135384,0,26.03947853,77.78350684,0.747,1.313181257
10,14,4,NaN,0,0,0,0,33.71280482,0,25.73748467,79.23264065,1.104,1.313181257
10,14,4.5,NaN,0,0,0,0,33.54456672,0,25.47575667,80.05215081,0.903,1.313181257
10,14,5,NaN,0,0,0,0,33.39612134,0,25.3348262,80.65179239,1.448,1.313181257
10,14,5.5,NaN,5,1.2,4.488946629,0,33.20809052,0,25.39522497,80.85167292,0.635,1.313181257
10,14,6,NaN,45.4,10.4,41.4567424,2.578861587,33.03985242,0,25.76768406,81.55125476,0.618,1.313181257
10,14,6.5,NaN,114.4,26.6,110.3752759,6.962926286,32.80233982,0,26.77433024,80.05215081,0.685,1.313181257
10,14,7,NaN,209.6,45.4,203.5869324,12.12064946,32.63410172,0,28.07290381,74.85525712,0.904,1.313181257
10,14,7.5,NaN,315.2,63,312.9059856,17.79414495,32.71327259,0,29.21041399,67.67954623,1.381,1.313181257
10,14,8,NaN,308.6,81,369.6779577,24.49918508,32.98047427,0,30.52912048,62.68253307,1.467,1.224514794
10,14,8.5,NaN,504.2,90.8,522.3021431,28.62536362,33.48518857,0,31.42503558,59.60437296,2.455,1.224514794
10,14,9,NaN,607,105.2,626.3400826,34.04097295,34.28679362,0,32.57261222,57.04590222,1.982,1.224514794
10,14,9.5,NaN,559.8,96,590.1644539,31.97788368,35.14777683,0,33.50879317,55.27695957,2.196,1.224514794
10,14,10,NaN,709.8,118.2,742.7886393,40.23024076,35.9691746,0,34.25371134,53.0882678,2.46,1.224514794
10,14,10.5,NaN,719.4,119,750.4462541,41.2617854,36.88953596,0,35.16975936,49.66031678,2.522,1.224514794
10,14,11,NaN,754.6,130.4,810.1228387,45.38796394,38.26512982,0,35.92474399,46.86198941,2.066,1.224514794
10,14,11.5,NaN,721.8,121,761.2725372,42.29333003,39.63082733,0,36.5287317,44.95313038,2.311,1.224514794
10,14,12,NaN,835.6,139.4,885.90682,49.51414248,40.84807945,0,37.03205479,42.71446848,2.045,1.224514794
10,14,12.5,NaN,841.4,139,891.4519894,49.77202864,42.29294782,0,37.8977705,41.00548998,2.408,1.224514794
10,14,13,NaN,735.8,122.8,787.6781056,44.09853314,43.18362011,0,38.14943205,40.43583048,2.297,1.224514794
10,14,13.5,NaN,682.4,115.6,728.793688,41.00389924,43.82688342,0,38.43129298,38.99669069,2.443,1.224514794
10,14,14,NaN,556.2,97.6,591.2206766,33.52520064,43.82688342,0,38.68295452,36.46820204,2.725,1.224514794
10,14,14.5,NaN,593,105,619.7386905,35.33040375,43.89615793,0,39.15607822,34.86915782,3.051,1.224514794
10,14,15,NaN,236,42.4,269.3367977,15.21528337,43.57947445,0,38.61248929,37.29770622,3.321,1.224514794
10,14,15.5,NaN,173.6,31,198.8339301,11.08910483,43.30237641,0,34.16311318,43.43403838,6.153,1.224514794
10,14,16,NaN,73.2,13.4,82.64942911,4.899837016,42.70859489,0,32.10955498,50.94954617,5.33,1.224514794
10,14,16.5,NaN,68.4,12.4,81.59320638,4.899837016,41.57051363,0,31.11297526,53.91777199,4.23,1.224514794
10,14,17,NaN,36.6,7.4,44.88946629,2.836747746,40.54129233,0,30.15666139,58.9747493,1.83,1.224514794
10,14,17.5,NaN,35.4,7.6,36.17562872,2.320975429,39.67041276,0,30.09626262,61.08348886,1.873,1.224514794
10,14,18,NaN,7,1.6,5.545169365,0.257886159,38.92818586,0,29.68353769,62.64255696,2.525,1.224514794
10,14,18.5,NaN,0,0,0,0,38.42347156,0,29.00908475,67.42969557,5.499,1.224514794
10,14,19,NaN,0,0,0,0,38.0078245,0,28.12323611,71.12748531,3.579,1.224514794
10,14,19.5,NaN,0,0,0,0,37.54269564,0,27.93197334,71.54723441,3.721,1.224514794
10,14,20,NaN,0,0,0,0,37.03798134,0,27.89170749,72.02694768,2.622,1.224514794
10,14,20.5,NaN,0,0,0,0,36.62233428,0,27.5997801,73.11629654,1.434,1.224514794
10,14,21,NaN,0,0,0,0,36.29575444,0,27.24745394,74.83526907,1.971,1.224514794
10,14,21.5,NaN,0,0,0,0,35.99886368,0,27.03605824,76.5542416,1.688,1.224514794
10,14,22,NaN,0,0,0,0,35.70197292,0,26.83472901,77.55364423,1.169,1.224514794
10,14,22.5,NaN,0,0,0,0,35.3951858,0,26.74413085,78.39314244,1.893,1.224514794
10,14,23,NaN,0,0,0,0,35.11808775,0,26.53273515,79.0627422,1.748,1.224514794
10,14,23.5,NaN,0,0,0,0,34.85088607,0,26.442137,79.39254507,0.852,1.224514794
10,15,0,NaN,0,0,0,0,34.65295889,0,26.07974437,80.25203134,1.163,1.224514794
10,15,0.5,NaN,0,0,0,0,34.47482444,0,25.82808283,81.75113528,0.848,1.224514794
10,15,1,NaN,0,0,0,0,34.28679362,0,25.63682005,82.95041844,1.548,1.224514794
10,15,1.5,NaN,0,0,0,0,34.06907373,0,25.52608898,83.84988081,1.032,1.224514794
10,15,2,NaN,0,0,0,0,33.8612502,0,25.4656902,84.34958213,1.542,1.224514794
10,15,2.5,NaN,0,0,0,0,33.67321938,0,25.27442743,84.54946265,1.234,1.224514794
10,15,3,NaN,0,0,0,0,33.51487764,0,25.14356343,85.14910423,1.508,1.224514794
10,15,3.5,NaN,0,0,0,0,33.3565359,0,25.06303173,86.24844713,0.656,1.224514794
10,15,4,NaN,0,0,0,0,33.17840145,0,24.89190188,87.04796923,0.977,1.224514794
10,15,4.5,NaN,0,0,0,0,33.01016335,0,24.77110434,87.44773029,1.502,1.224514794
10,15,5,NaN,0,0,0,0,32.86171797,0,24.61004095,87.64761081,1.051,1.224514794
10,15,5.5,NaN,3.2,0.6,4.224890945,0,32.74296166,0,24.55970864,88.44713292,1.25,1.224514794
10,15,6,NaN,35.6,8,35.91157303,2.320975429,32.58461992,0,24.73083849,88.74695371,1.452,1.224514794
10,15,6.5,NaN,104.8,25.2,102.7176611,6.447153968,32.3273146,0,25.73748467,88.64701344,1.652,1.224514794
10,15,7,NaN,201.2,44,196.7214846,11.8627633,32.16897286,0,26.53273515,86.64820818,1.423,1.224514794
10,15,7.5,NaN,297.4,61.6,299.7032014,17.27837264,32.20855829,0,27.3883844,81.25143397,2.125,1.224514794
10,15,8,NaN,284.8,76.6,354.362728,22.69398197,32.42627818,0,28.81782198,70.31796918,2.749,1.224514794
10,15,8.5,NaN,483.8,89.8,516.492918,28.1095913,32.85182161,0,31.07270942,60.00413402,2.428,1.224514794
10,15,9,NaN,567.6,101.4,614.9856882,33.26731448,33.51487764,0,32.894739,53.93776004,2.418,1.224514794
10,15,9.5,NaN,646.4,111.8,697.899173,37.65137918,34.41544629,0,34.17317964,49.31052585,2.764,1.224514794
10,15,10,NaN,725.2,120.4,771.3066531,41.77755771,35.35560036,0,35.12949351,48.22117699,2.792,1.224514794
10,15,10.5,NaN,770.4,126.2,821.4772331,44.3564193,36.4244071,0,35.9750763,46.08245535,2.777,1.224514794
10,15,11,NaN,764.2,131.2,811.9712285,46.67739473,38.02761722,0,36.64952924,44.80321998,2.58,1.224514794
10,15,11.5,NaN,823.8,136.2,875.6086484,48.740484,39.89802901,0,37.46491265,40.90554972,2.573,1.224514794
10,15,12,NaN,818.4,137.2,879.5694836,49.51414248,41.20434836,0.8,38.26016313,37.54755688,2.543,1.224514794
10,15,12.5,NaN,806.4,134.4,861.3496414,48.48259784,42.37211869,0,39.03528068,35.6586859,2.337,1.224514794
10,15,13,NaN,772.4,129.8,824.3818456,46.41950857,43.08465652,0,39.39767331,33.96969546,2.311,1.224514794
10,15,13.5,NaN,722.6,122.8,769.722319,43.32487467,43.91595065,0,40.04192686,34.22954014,2.463,1.224514794
10,15,14,NaN,659.8,114.6,702.916231,39.9723546,44.25242685,0,39.92112932,34.38944456,2.808,1.224514794
10,15,14.5,NaN,590.8,105.2,627.660361,36.10406222,44.24253049,0,40.07212625,32.85036451,2.778,1.224514794
10,15,15,NaN,514.2,94.6,532.6003148,30.68845289,43.9753288,0,40.29358841,31.61110524,2.695,1.224514794
10,15,15.5,NaN,377.6,72,388.9540226,22.69398197,43.71802348,0,40.41438595,31.69105746,1.837,1.224514794
10,15,16,NaN,106.2,21.4,101.925494,6.18926781,43.43102907,0,38.96481545,35.25892485,3.514,1.224514794
10,15,16.5,NaN,4.6,0.8,4.753002313,0,43.82688342,0.9,28.39503058,70.38792736,6.949,1.224514794
10,15,17,NaN,3.6,0.4,4.488946629,0,42.61952766,0,26.80452962,65.9605737,2.912,1.224514794
10,15,17.5,NaN,1.4,0,1.848389788,0,40.58087776,0,26.81459608,68.1992356,2.158,1.224514794
10,15,18,NaN,0.2,0,0,0,39.17559483,0,26.18040899,70.80767647,2.981,1.224514794
10,15,18.5,NaN,0,0,0,0,38.11668444,0,25.94888037,73.45609344,3.035,1.224514794
10,15,19,NaN,0,0,0,0,37.31507939,0,25.8079499,74.67536465,1.7,1.224514794
10,15,19.5,NaN,0,0,0,0,36.65202335,0,26.22067484,74.23562749,1.97,1.224514794
10,15,20,NaN,0,0,0,0,36.12751634,0,26.02941206,74.89523323,1.965,1.224514794
10,15,20.5,NaN,0,0,0,0,35.67228384,0,26.49246931,71.02754504,2.174,1.224514794
10,15,21,NaN,0,0,0,0,35.23684406,0,26.75419731,72.14687599,1.112,1.224514794
10,15,21.5,NaN,0,0,0,0,34.9399533,0,26.50253577,75.46489273,1.787,1.224514794
10,15,22,NaN,0,0,0,0,34.68264797,0,26.22067484,74.56543036,1.717,1.224514794
10,15,22.5,NaN,0,0,0,0,34.435239,0,26.00927914,75.49487481,1.924,1.224514794
10,15,23,NaN,0,0,0,0,34.21751911,0,25.8884816,76.82408031,1.919,1.224514794
10,15,23.5,NaN,0,0,0,0,33.9800065,0,25.66701944,79.19266455,1.927,1.224514794
10,16,0,NaN,0,0,0,0,33.74249389,0,25.52608898,80.15209107,1.732,1.224514794
10,16,0.5,NaN,0,0,0,0,33.53467036,0,25.34489266,80.65179239,2.024,1.224514794
10,16,1,NaN,0,0,0,0,33.31695047,0,25.36502559,80.55185213,2.81,1.224514794
10,16,1.5,NaN,0,0,0,0,33.04974878,0,25.91868098,78.65298713,2.642,1.224514794
10,16,2,NaN,0,0,0,0,32.82213253,0,26.04954499,77.18386526,2.06,1.224514794
10,16,2.5,NaN,0,0,0,0,32.67368715,0,25.96901329,77.29379955,2.743,1.224514794
10,16,3,NaN,0,0,0,0,32.54503449,0,25.82808283,77.78350684,2.046,1.224514794
10,16,3.5,NaN,0,0,0,0,32.43617454,0,25.40529143,79.46250326,1.428,1.224514794
10,16,4,NaN,0,0,0,0,32.36690003,0,24.85163604,81.65119502,1.451,1.224514794
10,16,4.5,NaN,0,0,0,0,32.22835101,0,24.55970864,83.05035871,1.6,1.224514794
10,16,5,NaN,0,0,0,0,32.06011291,0,24.34831295,84.1497016,1.539,1.224514794
10,16,5.5,NaN,6.2,1.4,5.809225049,0.257886159,31.90177117,0,24.12685079,85.14910423,1.919,1.224514794
10,16,6,NaN,40.4,9.6,37.75996282,2.320975429,31.68405128,0,24.63017388,85.54886528,2.557,1.224514794
10,16,6.5,NaN,100.2,23.4,104.0379395,6.18926781,31.39705688,0,25.4153579,82.65059765,2.781,1.224514794
10,16,7,NaN,224.6,48.8,223.3911087,12.89430794,31.20902606,0,26.54280161,77.24382941,3.098,1.224514794
10,16,7.5,NaN,299.6,61.2,295.4783105,17.02048648,31.1991297,0,27.98230565,70.38792736,2.762,1.224514794
10,16,8,NaN,289.6,75.6,354.0986723,22.17820965,31.40695324,0,29.3916103,61.91299304,3.078,1.224514794
10,16,8.5,NaN,493.4,90.2,516.492918,27.85170514,31.76322215,0,31.15324111,55.83662504,2.442,1.224514794
10,16,9,NaN,586.6,101.2,607.8561847,32.75154216,32.33721096,0,32.64307745,51.32931917,3.069,1.224514794
10,16,9.5,NaN,651.4,111.4,690.5056138,37.13560686,33.13881601,0,33.74032179,48.44104556,3.142,1.224514794
10,16,10,NaN,728.8,120,769.4582634,41.00389924,34.04928101,0,34.95836366,45.77264054,2.814,1.224514794
10,16,10.5,NaN,780.4,126.2,791.3748851,43.84064698,35.14777683,0,36.10594031,42.66449835,1.913,1.224514794
10,16,11,NaN,785.8,134.2,839.168964,47.19316705,36.7608833,0,37.19311818,39.15659512,2.389,1.224514794
10,16,11.5,NaN,838.2,137,881.4178734,48.48259784,38.90839314,0,37.9783022,37.1378018,2.705,1.224514794
10,16,12,NaN,830.2,136.4,879.3054279,48.48259784,40.3334688,0,38.4514259,34.92912198,2.982,1.224514794
10,16,12.5,NaN,831.6,135.2,873.2321472,48.22471168,41.56061728,0,39.11581238,32.72044217,2.796,1.224514794
10,16,13,NaN,805,131.8,844.7141333,47.19316705,42.6096313,0,39.61913547,31.42121874,2.603,1.224514794
10,16,13.5,NaN,762.6,126.2,800.8808898,44.87219162,43.3518582,0,39.97146163,29.93210882,2.531,1.224514794
10,16,14,NaN,688.8,116.4,722.7204073,41.00389924,43.75760891,0,39.99159455,28.7827958,2.406,1.224514794
10,16,14.5,NaN,601.8,104.6,629.2446951,35.58828991,43.90605429,0,40.48485118,27.77339914,1.941,1.224514794
10,16,15,NaN,461.6,82.4,488.7670712,27.85170514,43.65864532,0,40.66604749,27.27369782,2.534,1.224514794
10,16,15.5,NaN,413.6,77.2,427.7702082,24.49918508,43.32216913,0,40.60564872,27.56352459,2.388,1.224514794
10,16,16,NaN,311.2,61.2,315.5465425,18.30991727,42.84714391,0,40.39425302,28.18315422,2.235,1.224514794
10,16,16.5,NaN,198.8,41.8,201.4744869,12.12064946,42.20388059,0,40.32378779,28.92271217,2.405,1.224514794
10,16,17,NaN,76.2,15.6,83.17754048,5.157723175,41.70906266,0,39.87079701,29.88213869,1.506,1.224514794
10,16,17.5,NaN,18.2,3.6,19.01200925,1.031544635,41.34289738,0,38.1091662,34.90913393,1.826,1.224514794
10,16,18,NaN,3.4,0.6,3.432723893,0.257886159,40.85797581,0,36.67972863,40.04606346,0.92,1.224514794
10,16,18.5,NaN,0,0,0,0,40.30377972,0,34.42484119,46.90196551,1.624,1.224514794
10,16,19,NaN,0,0,0,0,39.70010184,0,33.13633408,50.94954617,1.524,1.224514794
10,16,19.5,NaN,0,0,0,0,39.00735673,0,33.11620116,51.62913996,0.941,1.224514794
10,16,20,NaN,0,0,0,0,38.42347156,0,32.1296879,54.58737175,0.777,1.224514794
10,16,20.5,NaN,0,0,0,0,37.94844635,0,31.35457035,57.4556573,1.662,1.224514794
10,16,21,NaN,0,0,0,0,37.51300656,0,31.06264295,58.72489865,0.553,1.224514794
10,16,21.5,NaN,0,0,0,0,37.10725586,0,30.81098141,60.21400857,1.477,1.224514794
10,16,22,NaN,0,0,0,0,36.74109058,0,30.33785771,62.89240762,0.44,1.224514794
10,16,22.5,NaN,0,0,0,0,36.4738889,0,29.53254076,65.5808007,0.864,1.224514794
10,16,23,NaN,0,0,0,0,36.20668721,0,29.19028106,66.3403467,1.819,1.224514794
10,16,23.5,NaN,0,0,0,0,35.91969281,0,29.2607463,67.19983296,1.584,1.224514794
10,17,0,NaN,0,0,0,0,35.67228384,0,29.22048045,68.43909223,1.986,1.224514794
10,17,0.5,NaN,0,0,0,0,35.35560036,0.1,29.96539862,67.2498031,4.388,1.224514794
10,17,1,NaN,0,0,0,0,35.19725862,0.1,28.76748967,72.96638615,3.852,1.224514794
10,17,1.5,NaN,0,0,0,0,34.94984966,0,28.57622689,73.46608747,1.821,1.224514794
10,17,2,NaN,0,0,0,0,34.72223341,0,28.32456535,74.92521531,2.483,1.224514794
10,17,2.5,NaN,0,0,0,0,34.47482444,0,27.92190688,74.98517947,2.566,1.224514794
10,17,3,NaN,0,0,0,0,34.24720819,0,27.58971364,73.66596799,2.644,1.224514794
10,17,3.5,NaN,0,0,0,0,34.0294883,0,27.26758686,74.71534076,1.353,1.224514794
10,17,4,NaN,0,0,0,0,33.90083563,0,26.76426377,77.99338139,2.319,1.224514794
10,17,4.5,NaN,0,0,0,0,33.66332302,0,26.71393147,78.48308868,2.014,1.224514794
10,17,5,NaN,0,0,0,0,33.44560313,0,26.49246931,79.14269441,2.123,1.224514794
10,17,5.5,NaN,7.4,1.6,6.601392102,0.257886159,33.24767596,0,26.3616053,78.92282584,1.896,1.224514794
10,17,6,NaN,58,13,51.49085839,3.094633905,33.03985242,0,26.46226992,79.95221055,1.73,1.224514794
10,17,6.5,NaN,91.2,19.2,92.68354511,5.415609333,32.7825471,0,27.31791917,80.25203134,1.106,1.224514794
10,17,7,NaN,172.6,36,172.4283617,10.05756019,32.66379079,0,27.83130872,79.18267052,1.74,1.224514794
10,17,7.5,NaN,251,51.2,248.7404544,14.18373873,32.60441264,0,28.73729028,71.8470552,3.271,1.224514794
10,17,8,NaN,239.6,58.6,299.9672571,17.79414495,32.63410172,0,30.13652847,64.62137417,2.941,1.224514794
10,17,8.5,NaN,410,76.4,439.3886583,23.98341276,32.83202889,0,31.36463681,58.63495241,3.103,1.224514794
10,17,9,NaN,570,100.2,588.5801198,32.23576984,33.17840145,0,32.58267868,53.34811249,4.161,1.224514794
10,17,9.5,NaN,691.8,115.6,699.4835071,37.90926533,33.82166476,0,33.93158456,50.32991654,2.995,1.224514794
10,17,10,NaN,732.8,119.8,745.4291961,40.48812692,34.68264797,0,35.33082275,46.34230004,2.559,1.224514794
10,17,10.5,NaN,778.6,126.2,786.3578271,43.32487467,35.78114379,0,36.58913047,43.50399656,2.513,1.224514794
10,17,11,NaN,746.4,131,814.6117853,45.90373625,37.29528667,0,37.15285233,40.54576477,3.163,1.224514794
10,17,11.5,NaN,827.4,135.6,858.1809732,47.96682552,39.28445477,0,37.93803635,37.50758077,3.01,1.224514794
10,17,12,NaN,825.4,136.2,860.029363,48.22471168,40.70953043,0,38.71315391,34.39943859,2.874,1.224514794
10,17,12.5,NaN,815.2,134.4,848.6749686,47.96682552,41.84761168,0,39.06548007,32.98028685,3.413,1.224514794
10,17,13,NaN,785.6,130.2,819.3647876,46.16162241,42.82735119,0,39.44800562,31.83097382,2.462,1.224514794
10,17,13.5,NaN,736.2,124,767.0817622,43.58276083,43.60916353,0,39.84059763,30.64168469,2.782,1.224514794
10,17,14,NaN,667.8,115,694.7305048,39.9723546,43.95553608,0,39.98152809,30.66167274,3.214,1.224514794
10,17,14.5,NaN,562.8,99.2,588.0520084,33.78308679,43.94563973,0,40.0318604,30.29189377,3.079,1.224514794
10,17,15,NaN,507.2,91.8,523.8864772,30.17268057,43.84667614,0,40.19292379,29.3924314,2.751,1.224514794
10,17,15.5,NaN,392.6,74.6,402.9489739,23.46764044,43.62895625,0,40.36405364,28.50296306,2.06,1.224514794
10,17,16,NaN,292.4,58.8,297.3267003,17.53625879,43.19351646,0,40.36405364,28.86274801,3.013,1.224514794
10,17,16.5,NaN,141.2,29,152.3601297,9.026015556,42.64921673,0,39.80033178,29.87214467,2.778,1.224514794
10,17,17,NaN,35.4,7.4,40.13646398,2.320975429,42.25336239,0,38.34069482,32.79040035,2.199,1.224514794
10,17,17.5,NaN,25.2,5,26.40556841,1.547316952,41.6496845,0,37.32398218,36.69806464,1.884,1.224514794
10,17,18,NaN,4.4,1,3.696779577,0.257886159,41.09548842,0,35.0791612,42.69448043,1.092,1.224514794
10,17,18.5,NaN,0,0,0,0,40.55118869,0,33.4987267,47.78143983,1.584,1.224514794
10,17,19,NaN,0,0,0,0,39.78916907,0,33.51885963,47.30172656,2.627,1.224514794
10,17,19.5,NaN,0,0,0,0,39.01725309,0,32.95513777,49.66031678,2.002,1.224514794
10,17,20,NaN,0,0,0,0,38.50264243,0,32.61287807,52.05888309,2.08,1.224514794
10,17,20.5,NaN,0,0,0,0,38.04740993,0,32.22028606,53.72788549,2.17,1.224514794
10,17,21,NaN,0,0,0,0,37.65155558,0,31.75722882,55.19700736,1.102,1.224514794
10,17,21.5,NaN,0,0,0,0,37.29528667,0,30.78078202,59.38450438,2.473,1.224514794
10,17,22,NaN,0,0,0,0,36.93901776,0,30.30765832,61.11347094,1.82,1.224514794
10,17,22.5,NaN,0,0,0,0,36.63223064,0,29.88486693,63.70192375,2.628,1.224514794
10,17,23,NaN,0,0,0,0,36.36502895,0,29.80433523,63.81185804,3.277,1.224514794
10,17,23.5,NaN,0,0,0,0,36.05824183,0,30.0761297,62.07289746,2.182,1.224514794
10,18,0,NaN,0,0,0,0,35.88010737,0,29.64327184,63.90180428,1.413,1.224514794
10,18,0.5,NaN,0,0,0,0,35.74155835,0,28.77755613,68.09929533,0.228,1.224514794
10,18,1,NaN,0,0,0,0,35.5634239,0,27.99237211,70.8976227,0.647,1.224514794
10,18,1.5,NaN,0,0,0,0,35.32591129,0,27.6803118,73.50606357,0.753,1.224514794
10,18,2,NaN,0,0,0,0,35.09829504,0,27.06625763,75.39493455,0.272,1.224514794
10,18,2.5,NaN,0,0,0,0,34.87067879,0,26.85486193,77.25382344,0.232,1.224514794
10,18,3,NaN,0,0,0,0,34.63316618,0,26.73406439,78.4930827,0.909,1.224514794
10,18,3.5,NaN,0,0,0,0,34.435239,0,26.40187115,79.71235391,0.262,1.224514794
10,18,4,NaN,0,0,0,0,34.24720819,0,26.28107361,80.15209107,0.169,1.224514794
10,18,4.5,NaN,0,0,0,0,34.05917737,0,26.26094069,80.55185213,2.198,1.224514794
10,18,5,NaN,0,0,0,0,33.87114656,0,26.51260223,80.85167292,1.392,1.224514794
10,18,5.5,NaN,3,0.6,3.432723893,0,33.71280482,0,26.28107361,81.45131449,0.302,1.224514794
10,18,6,NaN,28,6.4,29.04612525,1.805203111,33.58415215,0,26.26094069,82.65059765,1.855,1.224514794
10,18,6.5,NaN,81,18,82.9134848,5.157723175,33.36643226,0,26.73406439,81.25143397,2.339,1.224514794
10,18,7,NaN,173,38.6,175.3329742,10.83121867,33.12891965,0,27.82124226,76.53425355,2.6,1.132277608
10,18,7.5,NaN,274.8,57.8,262.7354056,15.98894184,33.07943786,0,29.20034752,70.88762868,3.041,1.132277608
10,18,8,NaN,282.2,72,341.6880552,21.14666502,33.28726139,0,30.69018387,65.67074694,2.659,1.132277608
10,18,8.5,NaN,461,84.8,464.4739483,26.30438819,33.6930121,0,32.09948852,60.86362028,2.231,1.132277608
10,18,9,NaN,548.8,96.8,553.4607138,30.94633905,34.28679362,0,33.53899255,55.23698346,2.431,1.132277608
10,18,9.5,NaN,626.8,107.8,633.7336418,35.33040375,35.06860596,0,35.04896182,49.58036457,1.958,1.132277608
10,18,10,NaN,686.2,115.8,693.4102263,38.94080997,36.03844911,0,36.23680431,47.22177435,1.716,1.132277608
10,18,10.5,NaN,723.4,121.4,725.6250198,41.2617854,37.15673765,0,36.58913047,45.91255691,2.135,1.132277608
10,18,11,NaN,722.6,129.2,753.0868109,43.84064698,38.51253879,0,37.06225417,43.29412201,2.008,1.132277608
10,18,11.5,NaN,775,133.6,780.0204907,44.87219162,40.13554162,0,37.64610896,40.89555569,2.521,1.132277608
10,18,12,NaN,723.6,124.6,748.3338086,43.06698851,41.2439338,0,38.38096067,36.30829761,2.513,1.132277608
10,18,12.5,NaN,690.2,118.8,716.9111822,41.2617854,42.04553885,0,38.5822899,32.66047801,3.564,1.132277608
10,18,13,NaN,648.6,112,683.3761104,39.45658229,42.48097864,0,39.07554653,31.09141588,4.026,1.132277608
10,18,13.5,NaN,600.2,106.2,608.3842961,35.33040375,42.91641842,0,39.32720807,30.85155924,4.635,1.132277608
10,18,14,NaN,134.2,24.2,158.1693548,9.283901714,43.07476016,0,34.19331257,39.31649954,5.426,1.224514794
10,18,14.5,NaN,108.6,19.8,120.4093919,7.220812445,42.90652206,0,32.93500484,41.37526896,2.052,1.224514794
10,18,15,NaN,94.4,17.6,102.1895497,6.18926781,41.84761168,0,33.12626762,42.91434901,3.03,1.224514794
10,18,15.5,NaN,95,18,101.6614384,6.447153968,40.98662847,0,32.14982083,46.96192967,2.829,1.224514794
10,18,16,NaN,86.8,16.6,92.94760079,5.157723175,40.34336515,0,31.91829221,48.22117699,3.022,1.224514794
10,18,16.5,NaN,85.8,16.2,91.36326669,5.157723175,39.76937635,0,31.58609897,44.62332751,3.179,1.224514794
10,18,17,NaN,61.2,11.6,64.16553123,3.868292381,39.30424749,0,31.17337403,48.12123672,3.751,1.224514794
10,18,17.5,NaN,28.2,6,27.19773546,1.805203111,38.9182895,0,30.51905402,50.74966564,2.647,1.224514794
10,18,18,NaN,4.2,1,3.168668209,0,38.51253879,0,30.08619616,55.15703125,1.586,1.224514794
10,18,18.5,NaN,0,0,0,0,38.04740993,0,29.59293953,57.32573496,1.393,1.224514794
10,18,19,NaN,0,0,0,0,37.61197015,0,28.84802136,61.23339925,1.686,1.224514794
10,18,19.5,NaN,0,0,0,0,37.19632308,0,28.37489766,64.5913921,2.141,1.224514794
10,18,20,NaN,0,0,0,0,36.75098694,0,28.31449889,65.22101575,3.011,1.224514794
10,18,20.5,NaN,0,0,0,0,36.37492531,0,28.93861952,61.15344704,3.262,1.224514794
10,18,21,NaN,0,0,0,0,36.0186564,0,28.75742321,64.58139807,2.096,1.224514794
10,18,21.5,NaN,0,0,0,0,35.78114379,0,28.1534355,67.13986881,2.423,1.224514794
10,18,22,NaN,0,0,0,0,35.55352754,0,27.93197334,67.4796657,1.997,1.224514794
10,18,22.5,NaN,0,0,0,0,35.345704,0,27.57964718,68.85884133,1.644,1.132277608
10,18,23,NaN,0,0,0,0,35.15767319,0,27.19712163,71.11749128,1.374,1.132277608
10,18,23.5,NaN,0,0,0,0,34.97953873,0,26.9152607,73.10630252,2.041,1.132277608
10,19,0,NaN,0,0,0,0,34.75192248,0,26.97565947,72.13688197,3.3,1.132277608
10,19,0.5,NaN,0,0,0,0,34.4847208,0,27.26758686,66.42029891,3.148,1.132277608
10,19,1,NaN,0,0,0,0,34.28679362,0,28.05277088,61.23339925,5.738,1.132277608
10,19,1.5,NaN,0,0,0,0,34.15814096,0,27.54944779,63.09228815,3.97,1.132277608
10,19,2,NaN,0,0,0,0,34.09876281,0,27.43871671,60.6837278,4.215,1.132277608
10,19,2.5,NaN,0,0,0,0,33.95031743,0,27.84137518,58.42507786,2.357,1.132277608
10,19,3,NaN,0,0,0,0,33.8117684,0,27.89170749,58.66493449,3.202,1.132277608
10,19,3.5,NaN,0,0,0,0,33.74249389,0,26.94546009,63.93178636,2.199,1.132277608
10,19,4,NaN,0,0,0,0,33.66332302,0,26.60320039,66.16045423,2.522,1.132277608
10,19,4.5,NaN,0,0,0,0,33.49508493,0,26.48240284,67.25979712,2.675,1.132277608
10,19,5,NaN,0,0,0,0,33.36643226,0,26.0193456,70.96758089,2.948,1.132277608
10,19,5.5,NaN,7.4,1.6,6.865447786,0.257886159,33.25757232,0,25.65695298,73.35615318,2.558,1.132277608
10,19,6,NaN,52.8,11.4,49.37841292,3.094633905,33.09923058,0,25.58648775,75.27500623,1.977,1.132277608
10,19,6.5,NaN,92.4,19.6,92.15543374,5.673495492,32.9013034,0,25.93881391,76.22443873,1.481,1.132277608
10,19,7,NaN,142.4,29.6,146.0227933,9.026015556,32.83202889,0,26.47233638,75.74472547,1.148,1.132277608
10,19,7.5,NaN,176.6,35.2,187.7435914,11.60487714,32.85182161,0,27.1266564,74.01575891,2.074,1.132277608
10,19,8,NaN,217.4,44.8,231.8408906,13.41008025,33.02005971,0,28.06283734,71.31737181,1.641,1.132277608
10,19,8.5,NaN,259.8,49.8,279.8990251,15.73105568,33.25757232,0,28.87822075,67.74950441,2.05,1.132277608
10,19,9,NaN,362.4,67.4,387.1056328,22.17820965,33.56435944,0,29.90499985,63.1122762,3.292,1.132277608
10,19,9.5,NaN,473.4,85,501.7057997,28.62536362,33.91073199,0,31.37470327,55.8965892,4.658,1.132277608
10,19,10,NaN,580.8,101.6,617.626245,34.81463143,34.41544629,0,32.27061837,53.07827378,5.156,1.132277608
10,19,10.5,NaN,713.4,122.2,748.069753,42.80910235,35.11808775,0,32.93500484,52.8584052,4.088,1.132277608
10,19,11,NaN,683.8,122.6,749.1259757,43.84064698,36.26606536,0,33.70005594,49.47043028,3.976,1.132277608
10,19,11.5,NaN,801.8,136.4,850.7874141,48.99837016,37.91875727,0,34.66643627,46.62213277,4.024,1.132277608
10,19,12,NaN,783.4,133.8,838.9049083,48.48259784,39.2547657,0,35.26035752,46.35229406,3.675,1.132277608
10,19,12.5,NaN,741.6,127,792.9592192,45.90373625,40.41263967,0,35.83414584,44.76324388,3.631,1.132277608
10,19,13,NaN,756.2,129.6,812.4993399,47.19316705,41.40227554,0,36.29720308,43.82380541,2.891,1.132277608
10,19,13.5,NaN,699.2,121,753.3508666,43.84064698,42.24346603,0,36.98172248,42.04486872,2.699,1.132277608
10,19,14,NaN,669.6,118.2,717.4392936,42.03544387,42.75807668,0,37.69644127,40.00608735,3.407,1.132277608
10,19,14.5,NaN,513.2,92.6,556.3653263,32.75154216,42.8966257,0,37.86757112,37.77741948,3.227,1.132277608
10,19,15,NaN,491,91.4,520.9818647,31.20422521,42.80755847,0,38.11923266,34.39943859,4.421,1.132277608
10,19,15.5,NaN,404.4,78,429.3545423,25.78861587,42.6096313,0,38.16956497,33.77980896,4.108,1.132277608
10,19,16,NaN,303.6,62.4,314.4903197,19.08357575,42.26325874,0,37.9783022,32.51056761,3.79,1.132277608
10,19,16.5,NaN,172.8,37.2,184.3108675,11.34699098,41.80802624,0,37.84743819,32.67047203,3.274,1.132277608
10,19,17,NaN,101.4,22.8,106.150385,6.962926286,41.32310467,0,37.49511203,33.50997025,2.3,1.224514794
10,19,17.5,NaN,15,2.8,22.97284451,1.289430794,40.88766488,0,36.6595957,36.13839917,1.799,1.224514794
10,19,18,NaN,2.2,0.4,2.904612525,0,40.50170689,0,34.62617042,42.46461783,1.989,1.224514794
10,19,18.5,NaN,0,0,0,0,40.03657803,0,32.26055191,49.80023314,1.353,1.224514794
10,19,19,NaN,0,0,0,0,39.40321108,0,31.08277588,54.19760472,1.31,1.224514794
10,19,19.5,NaN,0,0,0,0,38.70056961,0,30.96197834,53.67791536,3.455,1.224514794
10,19,20,NaN,0,0,0,0,37.99792814,0,30.67005094,49.59035859,2.846,1.224514794
10,19,20.5,NaN,0,0,0,0,37.51300656,0,29.98553154,53.0482917,1.605,1.132277608
10,19,21,NaN,0,0,0,0,37.17653037,0,29.13994875,56.40628454,1.997,1.132277608
10,19,21.5,NaN,0,0,0,0,36.82026145,0,28.69702444,59.91418778,1.471,1.132277608
10,19,22,NaN,0,0,0,0,36.49368162,0,28.30443243,61.12346496,1.51,1.132277608
10,19,22.5,NaN,0,0,0,0,36.15720542,0,27.97223919,62.42268838,1.017,1.132277608
10,19,23,NaN,0,0,0,0,35.89990009,0,27.4689161,64.24160117,1.135,1.132277608
10,19,23.5,NaN,0,0,0,0,35.64259477,0,27.03605824,65.9605737,1.439,1.132277608
10,20,0,NaN,0,0,0,0,35.40508216,0,26.66359916,67.80946857,1.644,1.132277608
10,20,0.5,NaN,0,0,0,0,35.14777683,0,26.34147238,69.09869796,2.791,1.132277608
10,20,1,NaN,0,0,0,0,34.84098971,0,26.21060838,68.1992356,2.76,1.132277608
10,20,1.5,NaN,0,0,0,0,34.6034771,0,25.98914622,69.69833954,2.71,1.132277608
10,20,2,NaN,0,0,0,0,34.37586085,0,26.22067484,68.64896678,2.52,1.132277608
10,20,2.5,NaN,0,0,0,0,34.16803732,0,26.30120653,68.63897275,2.33,1.132277608
10,20,3,NaN,0,0,0,0,34.0294883,0,26.703865,67.77948649,2.655,1.132277608
10,20,3.5,NaN,0,0,0,0,33.88104291,0,26.60320039,68.34914599,2.328,1.132277608
10,20,4,NaN,0,0,0,0,33.79197569,0,26.24080776,69.91820812,1.377,1.132277608
10,20,4.5,NaN,0,0,0,0,33.70290846,0,26.00927914,70.80767647,1.14,1.132277608
10,20,5,NaN,0,0,0,0,33.59404851,0,25.61668713,73.15627265,3.074,1.132277608
10,20,5.5,NaN,2.8,0.6,3.168668209,0,33.43570677,0,25.84821575,72.23682223,3.602,1.132277608
10,20,6,NaN,30,6.4,32.74290482,2.06308927,33.28726139,0,26.20054191,71.30737778,4.209,1.132277608
10,20,6.5,NaN,61.8,12,69.97475628,4.384064698,33.16850509,0,26.45220346,72.64657731,4.874,1.132277608
10,20,7,NaN,49.4,10,55.97980502,3.868292381,33.15860873,0,26.45220346,73.21623681,4.419,1.132277608
10,20,7.5,NaN,84,15.8,97.17249174,5.931381651,33.1882978,0,26.42200407,73.71593812,4.419,1.132277608
10,20,8,NaN,82.8,15.4,98.75682584,5.931381651,33.27736503,0,25.96901329,76.72414005,4.901,1.132277608
10,20,8.5,NaN,161.2,30.4,187.4795357,11.08910483,33.34663954,0,25.2039622,77.74353073,4.685,1.132277608
10,20,9,NaN,182,34.6,210.9804916,12.37853562,33.39612134,0,25.38515851,78.58302894,3.383,1.132277608
10,20,9.5,NaN,160.2,29.8,189.8560368,11.34699098,33.49508493,0,25.57642128,76.45430133,3.553,1.132277608
10,20,10,NaN,112.4,20.4,137.3089557,8.252357079,33.65342666,0,25.24422805,74.63538855,3.165,1.132277608
10,20,10.5,NaN,95,17.8,113.5439441,6.962926286,33.80187205,0,24.88183542,75.30498831,3.52,1.132277608
10,20,11,NaN,71.6,13.2,86.87432006,5.673495492,33.79197569,0,24.47917695,73.16626668,3.696,1.132277608
10,20,11.5,NaN,71,13.2,88.19459848,5.157723175,33.64353031,0,24.52950926,72.9863742,2.75,1.132277608
10,20,12,NaN,87.4,16.2,108.2628305,6.447153968,33.47529221,0,24.59997449,75.29499428,3.357,1.132277608
10,20,12.5,NaN,127,23.6,152.096074,9.026015556,33.37632862,0,24.59997449,76.67416991,2.752,1.132277608
10,20,13,NaN,185,34.8,215.7334939,12.63642178,33.33674319,0,24.54964218,75.05513765,2.547,1.132277608
10,20,13.5,NaN,387.8,71,441.5011038,25.27284356,33.50498128,0,25.66701944,70.74771231,2.188,1.132277608
10,20,14,NaN,310.8,56.6,359.9078974,20.37300654,33.8612502,0,27.19712163,64.00174454,1.703,1.132277608
10,20,14.5,NaN,275.6,49.8,313.434097,17.79414495,34.33627542,0,28.05277088,60.91359041,2.242,1.132277608
10,20,15,NaN,364.8,66.6,411.1347001,23.98341276,34.83109335,0,28.59635982,58.87480904,2.701,1.132277608
10,20,15.5,NaN,256.8,47.4,293.6299207,17.02048648,35.21705134,0,29.01915121,57.6455438,1.931,1.132277608
10,20,16,NaN,135,25.2,155.0006865,9.541787873,35.44466759,0,28.67689151,60.20401454,2.483,1.132277608
10,20,16.5,NaN,72.4,13.4,85.02593027,5.415609333,35.52383846,0,28.18363488,62.36272423,2.002,1.132277608
10,20,17,NaN,42.6,8,51.75491408,3.352520064,35.31601493,0,27.79104288,64.17164299,1.659,1.132277608
10,20,17.5,NaN,23.6,4.8,27.98990251,1.805203111,35.01912417,0,27.3380521,66.3403467,2.403,1.132277608
10,20,18,NaN,2.6,0.4,3.696779577,0,34.68264797,0,26.73406439,68.07930728,2.227,1.132277608
10,20,18.5,NaN,0,0,0,0,34.35606813,0,26.12001022,70.02814241,1.644,1.132277608
10,20,19,NaN,0,0,0,0,34.01959194,0,25.42542436,73.21623681,0.43,1.132277608
10,20,19.5,NaN,0,0,0,0,33.74249389,0,24.83150311,76.5542416,0.955,1.132277608
10,20,20,NaN,0,0,0,0,33.41591406,0,24.68050619,78.24323205,1.315,1.132277608
10,20,20.5,NaN,0,0,0,0,33.14871237,0,24.63017388,79.31259286,1.547,1.132277608
10,20,21,NaN,0,0,0,0,32.94088884,0,24.69057265,79.64239573,1.226,1.132277608
10,20,21.5,NaN,0,0,0,0,32.79244346,0,24.79123727,79.58243157,1.343,1.132277608
10,20,22,NaN,0,0,0,0,32.63410172,0,24.92210127,79.86226431,2.391,1.132277608
10,20,22.5,NaN,0,0,0,0,32.48565634,0,24.97243358,79.43252118,2.597,1.132277608
10,20,23,NaN,0,0,0,0,32.37679639,0,24.95230065,80.55185213,3.489,1.132277608
10,20,23.5,NaN,0,0,0,0,32.29762552,0,24.85163604,83.25023923,3.155,1.132277608
10,21,0,NaN,0,0,0,0,32.21845465,0,24.68050619,84.84928344,2.472,1.132277608
10,21,0.5,NaN,0,0,0,0,32.11949106,0,24.49930987,85.64880555,1.581,1.132277608
10,21,1,NaN,0,0,0,0,32.01063112,0,24.3080471,86.24844713,1.214,1.132277608
10,21,1.5,NaN,0,0,0,0,31.90177117,0,23.95572094,86.74814844,0.78,1.132277608
10,21,2,NaN,0,0,0,0,31.78301487,0,23.51279662,87.24784976,0.934,1.132277608
10,21,2.5,NaN,0,0,0,0,31.64446585,0,23.33160031,88.14731213,0.809,1.132277608
10,21,3,NaN,0,0,0,0,31.48612411,0,23.21080277,88.34719265,1.238,1.132277608
10,21,3.5,NaN,0,0,0,0,31.33767873,0,23.07993876,88.84689397,0.709,1.132277608
10,21,4,NaN,0,0,0,0,31.2486115,0,22.92894184,89.54647581,0,1.132277608
10,21,4.5,NaN,0,0,0,0,31.13975155,0,22.90880891,89.94623686,0.746,1.132277608
10,21,5,NaN,0,0,0,0,31.02099525,0,22.79807783,90.14611739,1.445,1.132277608
10,21,5.5,NaN,5,1,6.601392102,0.257886159,30.9121353,0,22.60681506,90.54587844,0.829,1.132277608
10,21,6,NaN,27.8,5.6,36.4396844,2.320975429,30.793379,0,22.55648275,91.14552002,0.563,1.132277608
10,21,6.5,NaN,82.6,16.4,93.21165647,5.673495492,30.64493362,0,23.21080277,91.7451616,1.548,1.132277608
10,21,7,NaN,121.2,23.6,145.2306262,9.026015556,30.56576275,0,23.68392647,90.74575897,2.277,1.132277608
10,21,7.5,NaN,327,64.2,295.4783105,19.34146191,30.58555546,0,24.23758187,88.54707318,1.699,1.132277608
10,21,8,NaN,318.2,80.8,421.4328718,26.04650203,30.81317171,0,25.14356343,83.15029897,2.725,1.132277608
10,21,8.5,NaN,540.6,93.4,567.1916094,31.71999752,31.38716052,0,26.20054191,78.50307673,3.217,1.132277608
10,21,9,NaN,640,106.2,677.830941,37.39349302,32.20855829,0,27.02599178,75.2650122,3.334,1.132277608
10,21,9.5,NaN,721.6,116.4,767.6098736,42.03544387,33.14871237,0,28.12323611,70.8576466,3.471,1.132277608
10,21,10,NaN,769.8,123,821.7412888,45.38796394,34.20762275,0,29.09968291,66.56021528,3.663,1.132277608
10,21,10.5,NaN,733.2,117.6,771.8347645,44.3564193,35.32591129,0,30.21706016,62.31275409,3.7,1.132277608
10,21,11,NaN,752.4,129.2,828.3426809,48.22471168,36.49368162,0,31.11297526,58.90479112,3.552,1.132277608
10,21,11.5,NaN,670.2,111.6,736.4513029,42.29333003,37.94844635,0,31.46530143,57.09587236,3.396,1.132277608
10,21,12,NaN,758.2,125.4,826.4942911,47.70893937,38.83911863,0,32.01895682,55.75667283,3.519,1.132277608
10,21,12.5,NaN,656.6,109.8,713.742514,41.2617854,39.77927271,0,32.62294453,53.2381782,3.651,1.132277608
10,21,13,NaN,739.4,123.8,790.8467738,46.16162241,40.66994499,0,33.31753039,50.53979109,3.635,1.132277608
10,21,13.5,NaN,672.6,113.2,731.9623562,42.80910235,41.27362287,0,33.54905901,48.52099778,3.66,1.132277608
10,21,14,NaN,555.4,95.2,605.2156279,35.33040375,41.6496845,0,34.01211626,47.5415832,3.014,1.132277608
10,21,14.5,NaN,610,106.8,656.7064863,38.68292381,41.85750804,0,33.98191687,46.95193564,3.221,1.132277608
10,21,15,NaN,529.4,94.8,570.6243333,34.04097295,42.03564249,0,34.30404365,46.26234783,3.488,1.132277608
10,21,15.5,NaN,448.2,83.4,477.4126768,28.62536362,41.97626434,0,34.41477473,46.20238367,4.383,1.132277608
10,21,16,NaN,306.2,60,333.2382733,20.11512038,41.74864809,0,34.16311318,46.24235977,4.61,1.132277608
10,21,16.5,NaN,200.6,42.6,210.9804916,13.1521941,41.28351923,0,33.56919194,49.49041833,4.62,1.132277608
10,21,17,NaN,106.4,23.4,110.1112203,7.220812445,40.79859766,0,32.95513777,51.86899659,4.381,1.132277608
10,21,17.5,NaN,36.2,6.4,41.4567424,2.578861587,40.18502342,0,32.13975436,56.41627857,4.514,1.132277608
10,21,18,NaN,4.6,0.8,5.545169365,0.257886159,39.57144917,0,31.42503558,59.57439088,3.048,1.132277608
10,21,18.5,NaN,0,0,0,0,38.90839314,0,30.71031679,62.09288552,3.198,1.132277608
10,21,19,NaN,0,0,0,0,38.23544075,0,30.24725955,63.64195959,2.49,1.132277608
10,21,19.5,NaN,0,0,0,0,37.66145194,0,29.87480046,65.03112925,1.953,1.132277608
10,21,20,NaN,0,0,0,0,37.19632308,0,29.57280661,66.43029294,1.322,1.132277608
10,21,20.5,NaN,0,0,0,0,36.80046874,0,29.06948352,68.46907431,2.078,1.132277608
10,21,21,NaN,0,0,0,0,36.40461439,0,28.61649274,69.5684172,2.701,1.132277608
10,21,21.5,NaN,0,0,0,0,35.95927824,0,28.51582812,69.57841123,2.4,1.132277608
10,21,22,NaN,0,0,0,0,35.57332025,0,28.33463181,70.00815436,0.91,1.132277608
10,21,22.5,NaN,0,0,0,0,35.31601493,0,27.79104288,73.10630252,1.657,1.132277608
10,21,23,NaN,0,0,0,0,35.08839868,0,27.75077703,73.91581865,1.629,1.132277608
10,21,23.5,NaN,0,0,0,0,34.82119699,0,27.69037826,74.16566931,2.506,1.132277608
10,22,0,NaN,0,0,0,0,34.59358074,0,27.62997949,74.41551997,2.512,1.132277608
10,22,0.5,NaN,0,0,0,0,34.40554993,0,27.48904902,75.37494649,1.961,1.132277608
10,22,1,NaN,0,0,0,0,34.23731183,0,27.67024533,74.23562749,2.888,1.132277608
10,22,1.5,NaN,0,0,0,0,34.04928101,0,27.77090995,73.40612331,3.631,1.132277608
10,22,2,NaN,0,0,0,0,33.87114656,0,28.0225715,71.6171926,2.885,1.132277608
10,22,2.5,NaN,0,0,0,0,33.77218297,0,27.44878318,74.86525115,1.846,1.132277608
10,22,3,NaN,0,0,0,0,33.6930121,0,27.06625763,76.48428341,2.649,1.132277608
10,22,3.5,NaN,0,0,0,0,33.57425579,0,26.81459608,77.32378162,2.427,1.132277608
10,22,4,NaN,0,0,0,0,33.44560313,0,26.573001,78.2632201,2.21,1.132277608
10,22,4.5,NaN,0,0,0,0,33.31695047,0,26.3616053,79.2126526,2.381,1.132277608
10,22,5,NaN,0,0,0,0,33.1882978,0,26.20054191,80.05215081,1.606,1.132277608
10,22,5.5,NaN,4.4,0.8,5.545169365,0.257886159,33.0695415,0,25.95894683,80.95161318,1.399,1.132277608
10,22,6,NaN,45.4,10,46.73785608,3.094633905,32.92109612,0,25.96901329,81.55125476,0.653,1.132277608
10,22,6.5,NaN,74.8,15,88.45865416,5.931381651,32.68358351,0,26.3616053,81.25143397,0.815,1.132277608
10,22,7,NaN,133.6,26.4,152.8882411,9.541787873,32.55493085,0,26.74413085,80.15209107,0.797,1.132277608
10,22,7.5,NaN,240.4,46.6,213.6210484,15.47316952,32.56482721,0,27.20718809,77.66357852,1.501,1.132277608
10,22,8,NaN,342.8,85,437.0121571,27.85170514,32.64399808,0,28.24403366,73.04633836,1.376,1.132277608
10,22,8.5,NaN,572,102.6,580.3943936,33.78308679,32.92109612,0,29.63320538,67.98936104,1.425,1.132277608
10,22,9,NaN,679,116.6,697.3710616,39.9723546,33.524774,0,30.90157957,60.52382338,1.57,1.132277608
10,22,9.5,NaN,717.2,117.8,758.3679246,42.80910235,34.4847208,0,32.29075129,54.68731201,2.079,1.132277608
10,22,10,NaN,767.4,123.4,816.7242308,45.90373625,35.73166199,0,33.05580239,49.93015549,4.08,1.132277608
10,22,10.5,NaN,808.8,130.6,848.1468572,49.51414248,36.98849955,0,33.93158456,47.30172656,3.318,1.132277608
10,22,11,NaN,800.4,136.8,865.3104767,51.83511791,38.13647716,0,34.8174332,45.27293922,2.84,1.132277608
10,22,11.5,NaN,848.2,142.8,907.8234418,54.15609333,39.81885814,0,35.28049044,43.28412798,2.665,1.132277608
10,22,12,NaN,638.4,105.6,709.2535674,41.51967156,41.31320831,0,35.78381353,41.26533467,3.056,1.132277608
10,22,12.5,NaN,768.8,128.8,825.1740127,48.48259784,41.85750804,0,36.10594031,40.35587827,2.621,1.132277608
10,22,13,NaN,874.4,147.6,912.3123884,54.15609333,43.11434559,0,37.09245356,38.13720443,2.335,1.132277608
10,22,13.5,NaN,486.8,82.8,542.8984864,31.97788368,43.8070907,0,37.27364987,36.97789738,2.151,1.132277608
10,22,14,NaN,715.2,123.8,763.913094,45.6458501,44.1435669,0,37.35418157,35.93851864,1.921,1.132277608
10,22,14.5,NaN,574,101.4,617.0981337,37.13560686,44.49983581,0,37.79710588,35.29890096,2.205,1.132277608
10,22,15,NaN,241.2,42.6,294.4220877,16.76260032,44.05449967,0,37.54544434,35.83857838,1.765,1.132277608
10,22,15.5,NaN,295.8,55.6,332.4461062,19.85723422,43.54978538,0,37.28371633,36.88795114,2.233,1.132277608
10,22,16,NaN,228,45.8,240.2906725,14.95739721,43.02527837,0,37.41458034,36.61811243,2.543,1.132277608
10,22,16.5,NaN,88.8,16,107.4706634,6.705040127,42.55025315,0,35.28049044,42.23475522,4.502,1.132277608
10,22,17,NaN,39.6,7.4,45.94568903,2.836747746,42.3226369,0,31.51563373,53.73787951,4.633,1.132277608
10,22,17.5,NaN,14.2,2.8,16.6355081,1.289430794,41.6991663,0,29.58287307,59.80425349,3.059,1.132277608
10,22,18,NaN,4.8,0.8,3.168668209,0,40.74911586,0.3,27.88164103,69.30857252,4.426,1.132277608
10,22,18.5,NaN,0,0,0,0,39.75947999,0,26.53273515,77.07393097,2.211,1.132277608
10,22,19,NaN,0,0,0,0,38.65108781,0,26.05961145,80.3519716,2.443,1.132277608
10,22,19.5,NaN,0,0,0,0,37.76041553,0,25.69721883,81.95101581,2.592,1.132277608
10,22,20,NaN,0,0,0,0,37.05777406,0,25.50595605,82.35077686,2.659,1.132277608
10,22,20.5,NaN,0,0,0,0,36.49368162,0,25.4153579,82.95041844,2.297,1.132277608
10,22,21,NaN,0,0,0,0,36.02855276,0,25.39522497,83.55006002,1.712,1.132277608
10,22,21.5,NaN,0,0,0,0,35.61290569,0,25.36502559,83.74994055,1.412,1.132277608
10,22,22,NaN,0,0,0,0,35.27642949,0,25.49588959,82.75053792,3.371,1.132277608
10,22,22.5,NaN,0,0,0,0,34.91026422,0,26.33140592,77.41372786,3.136,1.132277608
10,22,23,NaN,0,0,0,0,34.56389167,0,26.89512778,73.09630849,3.352,1.132277608
10,22,23.5,NaN,0,0,0,0,34.35606813,0,26.98572593,72.9863742,2.798,1.132277608
10,23,0,NaN,0,0,0,0,34.19772639,0,26.573001,73.85585449,2.757,1.132277608
10,23,0.5,NaN,0,0,0,0,34.03938465,0,26.30120653,73.68595604,3.284,1.132277608
10,23,1,NaN,0,0,0,0,33.82166476,0,26.52266869,70.52784373,3.303,1.132277608
10,23,1.5,NaN,0,0,0,0,33.59404851,0,26.45220346,72.38673262,2.266,1.132277608
10,23,2,NaN,0,0,0,0,33.47529221,0,25.86834868,72.49666691,2.575,1.132277608
10,23,2.5,NaN,0,0,0,0,33.26746867,0.1,25.92874745,71.13747933,3.095,1.132277608
10,23,3,NaN,0,0,0,0,33.07943786,0,25.03283235,72.34675652,4.005,1.132277608
10,23,3.5,NaN,0,0,0,0,32.9507852,0,24.76103788,72.59660718,4.802,1.132277608
10,23,4,NaN,0,0,0,0,32.76275438,0,24.08658494,75.65477923,2.888,1.132277608
10,23,4.5,NaN,0,0,0,0,32.614309,0,23.65372708,77.7335367,1.352,1.132277608
10,23,5,NaN,0,0,0,0,32.47575998,0,23.51279662,78.85286765,1.17,1.132277608
10,23,5.5,NaN,1,0,1.056222736,0,32.31741824,0.1,23.50273016,80.55185213,1.318,1.132277608
10,23,6,NaN,4,0.6,5.017057997,0,32.18876557,0.2,23.33160031,84.04976134,2.198,1.132277608
10,23,6.5,NaN,8.8,1.4,11.6184501,0.515772317,32.02052748,1.6,23.11013815,85.84868607,2.036,1.132277608
10,23,7,NaN,39.8,6.4,47.53002313,2.06308927,31.8226003,1,22.97927414,87.84749134,2.456,1.132277608
10,23,7.5,NaN,93.2,15,106.942552,4.384064698,31.55539862,0.1,22.92894184,88.94683423,3.018,1.132277608
10,23,8,NaN,144.6,23.6,166.0910253,7.220812445,31.31788601,0,23.07993876,89.44653555,3.578,1.132277608
10,23,8.5,NaN,116,20.2,132.027842,6.447153968,31.22881878,0,23.16047046,89.14671476,2.009,1.132277608
10,23,9,NaN,152,32,151.303907,10.05756019,31.17933699,0,23.71412585,88.84689397,1.97,1.132277608
10,23,9.5,NaN,329.6,58.2,371.2622918,18.56780343,31.26840421,0,24.45904403,87.1479095,1.696,1.132277608
10,23,10,NaN,384.8,69,428.5623752,22.69398197,31.56529498,0,25.6770859,84.94922371,1.131,1.132277608
10,23,10.5,NaN,421.8,75.8,465.7942267,25.27284356,31.85228938,0,26.53273515,81.55125476,1.54,1.132277608
10,23,11,NaN,548.6,96,608.1202404,33.26731448,32.33721096,0,27.3883844,76.85406239,2.084,1.132277608
10,23,11.5,NaN,533.2,92,593.8612335,32.493656,32.97057791,0,28.42522997,73.14627862,2.338,1.132277608
10,23,12,NaN,752,125,824.6459013,45.13007778,33.83156112,0,29.61307246,69.73831565,2.496,1.132277608
10,23,12.5,NaN,923.4,150.8,995.2258732,55.44552413,35.47435667,0,30.92171249,64.94118302,2.318,1.132277608
10,23,13,NaN,819.4,135,895.4128247,50.02991479,36.75098694,0,31.92835867,60.72370391,3.217,1.132277608
10,23,13.5,NaN,625,105,691.5618366,38.68292381,37.25570124,0,32.70347622,57.52561549,2.786,1.132277608
10,23,14,NaN,660.8,113.2,718.2314607,40.74601308,37.58228107,0,33.2369987,55.41687593,2.547,1.132277608
10,23,14.5,NaN,589.4,103,646.6723703,36.8777207,37.80000097,0,33.51885963,55.05709099,2.751,1.132277608
10,23,15,NaN,554.8,99.4,597.8220687,34.55674527,37.91875727,0,33.7101224,54.05768836,3.056,1.132277608
10,23,15.5,NaN,395.8,73.4,438.0683799,25.53072971,37.77031189,0,33.97185041,55.16702528,2.613,1.132277608
10,23,16,NaN,326,63.6,363.0765656,21.40455117,37.51300656,0,34.04231564,53.35810651,2.038,1.132277608
10,23,16.5,NaN,253,53,272.505466,16.50471416,37.05777406,0,34.04231564,53.70789743,2.293,1.132277608
10,23,17,NaN,89.8,19,100.8692713,6.447153968,36.66191971,0,33.59939132,55.83662504,2.317,1.132277608
10,23,17.5,NaN,21.6,4.4,25.61340135,1.547316952,36.40461439,0,32.59274514,59.3545223,1.747,1.132277608
10,23,18,NaN,3,0.4,3.696779577,0,35.99886368,0,31.81762759,63.21221646,1.194,1.132277608
10,23,18.5,NaN,0,0,0,0,35.53373482,0,30.86131372,67.31976128,1.868,1.132277608
10,23,19,NaN,0,0,0,0,35.00922781,0,30.24725955,70.53783775,2.059,1.132277608
10,23,19.5,NaN,0,0,0,0,34.55399531,0,29.6533383,73.10630252,1.683,1.132277608
10,23,20,NaN,0,0,0,0,34.17793368,0,29.07954998,75.23503012,1.772,1.132277608
10,23,20.5,NaN,0,0,0,0,33.8117684,0,28.52589459,77.40373384,1.704,1.132277608
10,23,21,NaN,0,0,0,0,33.45549949,0,28.38496412,78.18326789,2.428,1.132277608
10,23,21.5,NaN,0,0,0,0,33.13881601,0,28.10310319,77.62360241,3.083,1.132277608
10,23,22,NaN,0,0,0,0,32.88151068,0,27.64004595,76.9739907,2.806,1.132277608
10,23,22.5,NaN,0,0,0,0,32.68358351,0,27.3883844,77.76351878,2.721,1.132277608
10,23,23,NaN,0,0,0,0,32.54503449,0,27.0461247,78.24323205,1.669,1.132277608
10,23,23.5,NaN,0,0,0,0,32.42627818,0,26.76426377,79.19266455,1.302,1.132277608
10,24,0,NaN,0,0,0,0,32.2778328,0,26.67366562,80.65179239,0.791,1.132277608
10,24,0.5,NaN,0,0,0,0,32.11949106,0,26.46226992,82.15089634,0.951,1.132277608
10,24,1,NaN,0,0,0,0,31.96114932,0,26.31127299,83.05035871,1.911,1.132277608
10,24,1.5,NaN,0,0,0,0,31.77311851,0,26.28107361,82.45071713,1.906,1.132277608
10,24,2,NaN,0,0,0,0,31.59498405,0,26.37167176,79.46250326,2.659,1.132277608
10,24,2.5,NaN,0,0,0,0,31.43664231,0,26.67366562,75.97458807,1.716,1.132277608
10,24,3,NaN,0,0,0,0,31.3673678,0,26.81459608,73.81587839,2.15,1.132277608
10,24,3.5,NaN,0,0,0,0,31.33767873,0,26.59313392,76.48428341,1.572,1.132277608
10,24,4,NaN,0,0,0,0,31.27830057,0,26.34147238,78.00337541,2.143,1.132277608
10,24,4.5,NaN,0,0,0,0,31.13975155,0,26.2307413,77.38374578,2.227,1.132277608
10,24,5,NaN,0,0,0,0,31.00120253,0,26.14014314,77.55364423,2.25,1.132277608
10,24,5.5,NaN,4.2,0.8,5.017057997,0,30.89234258,0,26.0193456,78.31319023,2.633,1.132277608
10,24,6,NaN,25.8,5.4,27.46179114,1.805203111,30.77358628,0,26.0998773,77.84347099,2.569,1.132277608
10,24,6.5,NaN,82.4,16,91.89137805,5.415609333,30.66472633,0,26.60320039,75.49487481,2.328,1.132277608
10,24,7,NaN,117.8,22.8,133.8762318,7.736584762,30.64493362,0,27.3380521,73.29618902,1.771,1.132277608
10,24,7.5,NaN,153.4,30.6,166.6191366,10.05756019,30.75379356,0,27.79104288,71.4672822,2.162,1.132277608
10,24,8,NaN,268.6,53.4,310.0013731,17.53625879,30.92203166,0,28.40509704,69.25860239,2.622,1.132277608
10,24,8.5,NaN,478.6,88,520.717809,29.3990221,31.11995883,0,29.61307246,64.20162507,3.692,1.132277608
10,24,9,NaN,303.4,57.4,338.519387,19.08357575,31.58508769,0,30.19692724,60.44387117,4.3,1.132277608
10,24,9.5,NaN,319.6,59.4,354.8908394,19.85723422,32.1590765,0,30.59958571,58.48504201,3.798,1.132277608
10,24,10,NaN,514,90.6,574.8492242,32.23576984,32.54503449,0,31.16330757,55.95655336,4.241,1.132277608
10,24,10.5,NaN,577.4,100.6,639.0147554,36.10406222,32.92109612,0,31.8679599,54.12764654,4.928,1.132277608
10,24,11,NaN,413.2,74.4,459.1928346,26.04650203,33.67321938,0,31.97869098,53.78784965,3.86,1.132277608
10,24,11.5,NaN,509.2,90.8,555.0450479,31.71999752,34.35606813,0,32.49208053,53.58796912,3.529,1.132277608
10,24,12,NaN,811.6,139,875.872704,50.02991479,34.95974601,0,33.07593531,51.53919372,4.408,1.132277608
10,24,12.5,NaN,725.2,124,785.5656601,44.87219162,35.89000373,0,33.28733101,49.69029885,4.457,1.132277608
10,24,13,NaN,765.4,128.4,837.0565185,47.96682552,36.97860319,0,33.63965717,48.86079467,4.205,1.132277608
10,24,13.5,NaN,598.6,102,665.9484352,38.16715149,37.89896455,0,33.84098641,47.33170864,4.393,1.132277608
10,24,14,NaN,404.2,71.2,446.7822174,25.53072971,38.32450798,0,33.93158456,47.68149956,3.844,1.132277608
10,24,14.5,NaN,149.2,27.4,168.7315821,10.05756019,38.24533711,0,33.24706516,47.5815593,3.249,1.132277608
10,24,15,NaN,57,10.8,62.84525281,3.868292381,37.82969004,0,33.28733101,48.31112322,1.568,1.132277608
10,24,15.5,NaN,42.6,7.4,47.26596745,2.320975429,37.57238471,2.2,27.76084349,69.70833357,7.666,1.132277608
10,24,16,NaN,60.8,10,69.71070059,3.352520064,36.70150515,0,26.63339977,75.82467768,3.607,1.132277608
10,24,16.5,NaN,46.6,8,54.6595266,2.578861587,35.28632585,0.1,26.703865,78.84287363,5.116,1.132277608
10,24,17,NaN,34.4,6.2,41.4567424,1.805203111,34.45503172,0,25.56635482,82.95041844,4.607,1.132277608
10,24,17.5,NaN,10,1.8,11.6184501,0.515772317,33.77218297,2,25.3348262,84.24964186,3.617,1.132277608
10,24,18,NaN,0,0,0,0,31.69394764,14.8,24.96236712,85.74874581,2.207,2.277569142
10,24,18.5,NaN,0,0,0,0,29.70477954,2.6,24.4389111,89.0467745,3.957,3.772740025
10,24,19,NaN,0,0,0,0,29.39799242,0.3,24.00605325,90.84569923,4.166,3.901818108
10,24,19.5,NaN,0,0,0,0,29.41778514,0,23.48259723,91.64522134,3.865,3.881106577
10,24,20,NaN,0,0,0,0,29.40788878,0.1,23.43226492,92.04498239,3.341,3.838746003
10,24,20.5,NaN,0,0,0,0,29.3781997,0,23.33160031,92.14492265,2.616,3.795081971
10,24,21,NaN,0,0,0,0,29.38809606,0.8,23.21080277,92.44474344,2.929,3.772740025
10,24,21.5,NaN,0,0,0,0,29.33861427,0.8,23.19066984,92.8445045,1.911,3.772740025
10,24,22,NaN,0,0,0,0,29.13079073,4.1,23.26113507,92.94444476,1.546,3.881106577
10,24,22.5,NaN,0,0,0,0,28.84379633,1,23.24100215,93.04438502,1.611,4.019984414
10,24,23,NaN,0,0,0,0,28.79431454,0.8,23.34166677,93.24426555,2.252,4.038724253
10,24,23.5,NaN,0,0,0,0,28.72504003,1.1,23.281268,93.54408634,3.674,4.038724253
10,25,0,NaN,0,0,0,0,28.6359728,0.7,22.86854307,93.74396687,2.637,4.038724253
10,25,0.5,NaN,0,0,0,0,28.57659464,0.1,22.94907476,93.94384739,2.293,4.019984414
10,25,1,NaN,0,0,0,0,28.53700921,0,23.0698723,94.04378766,2.557,4.000982477
10,25,1.5,NaN,0.4,0,0,0,28.50732013,0.1,23.18060338,94.14372792,2.691,3.981712275
10,25,2,NaN,0.4,0,0,0,28.47763106,0,23.10007169,94.24366818,2.321,3.942341374
10,25,2.5,NaN,0.6,0,0,0,28.44794198,0.1,23.10007169,94.24366818,2.628,3.922227279
10,25,3,NaN,0.6,0,0,0,28.40835655,0,23.11013815,94.24366818,1.706,3.901818108
10,25,3.5,NaN,0.6,0,0,0,28.36877111,0,23.22086923,94.24366818,1.27,3.881106577
10,25,4,NaN,0.6,0,0,0,28.36877111,0,23.23093569,94.34360844,1.888,3.860085144
10,25,4.5,NaN,0.6,0,0,0,28.33908204,0,23.10007169,94.24366818,1.986,3.838746003
10,25,5,NaN,0.6,0,0,0,28.32918568,0,23.0698723,94.34360844,0.948,3.838746003
10,25,5.5,NaN,3.4,0.4,3.432723893,0,28.30939296,0.1,23.04973938,94.34360844,0.75,3.817081071
10,25,6,NaN,25.6,4.2,29.04612525,1.289430794,28.28960024,0,23.14033753,94.44354871,0.46,3.795081971
10,25,6.5,NaN,73.2,11.6,82.64942911,3.352520064,28.28960024,0,23.38193262,94.44354871,0.627,3.772740025
10,25,7,NaN,119,19.2,135.9886773,5.673495492,28.34897839,0,23.61346124,94.34360844,1.007,3.772740025
10,25,7.5,NaN,184.6,30.8,205.4353222,8.768129397,28.57659464,0,24.00605325,94.24366818,1.224,3.750046232
10,25,8,NaN,154,26.2,172.6924174,7.994470921,28.84379633,0,24.04631909,93.84390713,1.432,3.750046232
10,25,8.5,NaN,226,38.2,252.7012896,11.8627633,29.14068709,0,24.33824649,93.54408634,1.263,3.726991262
10,25,9,NaN,337.6,57.2,381.5604635,17.53625879,29.39799242,0,24.80130373,93.14432529,1.6,3.726991262
10,25,9.5,NaN,607.8,100.8,680.2074421,32.23576984,29.75426133,0,25.23416158,91.44534081,2.612,3.703565429
10,25,10,NaN,744,122,823.0615672,39.9723546,30.22928655,0,25.65695298,87.54767055,3.801,3.703565429
10,25,10.5,NaN,589.8,99.8,668.3249364,33.26731448,30.88244622,0,26.52266869,81.25143397,4.065,3.679758684
10,25,11,NaN,429.8,75.4,488.7670712,24.49918508,31.42674595,0,27.09645701,73.82587241,4.944,3.679758684
10,25,11.5,NaN,427.6,75.2,487.4467928,24.24129892,31.62467313,0,27.3883844,70.81767049,4.607,3.65556059
10,25,12,NaN,357.2,63.6,406.1176421,20.37300654,31.62467313,0,27.5997801,70.82766452,3.162,3.630960307
10,25,12.5,NaN,358,64,406.1176421,20.37300654,31.63456949,0,27.55951425,70.87763465,3.027,3.630960307
10,25,13,NaN,408.8,72,462.6255585,22.95186813,31.63456949,0,27.88164103,69.78828578,2.512,3.605946568
10,25,13.5,NaN,694.2,117.6,775.5315441,39.19869613,31.92156389,0,28.46549581,66.83005399,3.07,3.605946568
10,25,14,NaN,556.4,95.4,633.7336418,32.23576984,32.62420536,0,29.11981583,63.97176246,3.264,3.580507661
10,25,14.5,NaN,628.2,107,708.9895117,36.36194838,33.01016335,0,29.34127799,63.40210296,3.178,3.580507661
10,25,15,NaN,485.2,83.4,557.6856047,28.62536362,33.51487764,0,29.67347123,62.28277202,3.166,3.554631403
10,25,15.5,NaN,488.6,86.8,552.1404354,28.88324978,33.70290846,0,29.95533216,61.11347094,2.967,3.554631403
10,25,16,NaN,369.8,70,421.1688161,22.69398197,33.41591406,0,30.32779124,59.84422959,2.477,3.528305116
10,25,16.5,NaN,164.6,32.4,196.4574289,11.08910483,32.93099248,0,30.34792417,59.98414596,1.928,3.528305116
10,25,17,NaN,47.8,8.8,64.16553123,3.610406222,32.58461992,0,29.84460108,61.83304083,1.15,3.528305116
10,25,17.5,NaN,26.4,5.2,32.74290482,1.805203111,32.28772916,0,29.5224743,64.47146378,0.368,3.501515604
10,25,18,NaN,4.8,0.8,5.545169365,0,32.00073476,0,29.09968291,70.46787957,0.851,3.501515604
10,25,18.5,NaN,0,0,0,0,31.73353307,0,28.16350196,73.84586047,1.63,3.501515604
10,25,19,NaN,0,0,0,0,31.38716052,0,27.62997949,75.25501818,1.399,3.501515604
10,25,19.5,NaN,0,0,0,0,31.10016612,0,27.2575204,75.94460599,1.756,3.474249121
10,25,20,NaN,0,0,0,0,30.82306807,0,26.60320039,74.94520336,1.604,3.474249121
10,25,20.5,NaN,0,0,0,0,30.58555546,0,26.43207054,76.25442081,1.224,3.474249121
10,25,21,NaN,0,0,0,0,30.43711008,0,26.19047545,78.4930827,1.808,3.474249121
10,25,21.5,NaN,0,0,0,0,30.27876834,0,26.08981083,79.94221652,1.26,3.446491342
10,25,22,NaN,0,0,0,0,30.14021932,0,26.03947853,81.35137423,1.123,3.446491342
10,25,22.5,NaN,0,0,0,0,30.01156666,0,25.81801637,82.95041844,0.035,3.446491342
10,25,23,NaN,0,0,0,0,29.95218851,0,25.89854806,84.24964186,0.423,3.446491342
10,25,23.5,NaN,0,0,0,0,29.86312128,0,25.97907976,85.14910423,0.465,3.446491342
10,26,0,NaN,0,0,0,0,29.75426133,0,25.71735175,86.14850686,1.613,3.446491342
10,26,0.5,NaN,0,0,0,0,29.64540139,0,25.3348262,86.94802897,0.856,3.418227335
10,26,1,NaN,0,0,0,0,29.56623052,0,25.32475974,87.54767055,1.306,3.418227335
10,26,1.5,NaN,0,0,0,0,29.496956,0,25.36502559,88.34719265,2.052,3.418227335
10,26,2,NaN,0,0,0,0,29.40788878,0,25.34489266,88.74695371,2.459,3.418227335
10,26,2.5,NaN,0,0,0,0,29.28913247,0,25.18382927,88.94683423,2.456,3.418227335
10,26,3,NaN,0,0,0,0,29.19016888,0,25.08316466,88.94683423,2.02,3.418227335
10,26,3.5,NaN,0,0,0,0,29.13079073,0,24.95230065,89.0467745,1.918,3.389441522
10,26,4,NaN,0,0,0,0,29.08130894,0,24.91203481,89.24665502,2.07,3.389441522
10,26,4.5,NaN,0,0,0,0,29.00213807,0,24.76103788,89.24665502,1.838,3.389441522
10,26,5,NaN,0,0,0,0,28.93286356,0,24.45904403,89.14671476,2.102,3.389441522
10,26,5.5,NaN,2.4,0.4,2.904612525,0,28.86358905,0,24.42884464,89.14671476,2.292,3.389441522
10,26,6,NaN,17.6,3.4,20.06823199,1.289430794,28.8042109,0,24.4389111,89.24665502,2.068,3.389441522
10,26,6.5,NaN,34.2,6.6,39.34429693,1.805203111,28.76462546,0,24.62010741,89.34659529,1.629,3.389441522
10,26,7,NaN,57.8,10.6,66.54203238,3.610406222,28.78441818,0,24.83150311,89.14671476,1.765,3.389441522
10,26,7.5,NaN,126,22.4,146.0227933,7.478698603,28.76462546,0,25.15362989,89.0467745,1.898,3.360117648
10,26,8,NaN,175.6,31.6,203.8509881,10.31544635,28.82400361,0,25.3348262,88.24725239,2.107,3.360117648
10,26,8.5,NaN,162.4,29.4,187.7435914,10.05756019,29.00213807,0,25.59655421,86.34838739,2.687,3.360117648
10,26,9,NaN,190.2,34.4,221.2786632,11.60487714,29.2594434,0,26.00927914,83.94982107,2.741,3.360117648
10,26,9.5,NaN,270.4,49,310.7935401,15.73105568,29.44747421,0,26.39180469,81.1514937,2.87,3.360117648
10,26,10,NaN,382.2,68.4,431.4669878,21.66243733,29.72457226,0,27.01592532,76.37434912,3.407,3.360117648
10,26,10.5,NaN,520.4,90.6,578.0178924,29.14113594,29.99177394,0,27.55951425,73.58601578,3.241,3.360117648
10,26,11,NaN,383.2,68,437.2762128,21.92032349,30.41731737,0,28.14336904,69.57841123,4.151,3.330238739
10,26,11.5,NaN,399.2,71.2,455.496055,23.20975429,30.78348264,0,28.45542935,68.53903249,4.347,3.330238739
10,26,12,NaN,523.2,91.4,595.9736789,30.17268057,31.01109889,0,28.94868598,66.8700301,4.21,3.330238739
10,26,12.5,NaN,573.2,99.2,653.2737624,33.00942832,31.27830057,0,29.19028106,64.49145183,4.344,3.330238739
10,26,13,NaN,695.2,118.4,781.3407691,39.45658229,31.86218574,0,29.68353769,62.9223897,4.018,3.330238739
10,26,13.5,NaN,395,70.2,450.478997,22.69398197,32.4460709,0,29.864734,63.01233594,3.457,3.299787062
10,26,14,NaN,334.2,59.8,381.8245192,19.34146191,32.67368715,0,29.68353769,63.78187596,3.194,3.299787062
10,26,14.5,NaN,231.8,41.2,269.3367977,13.92585257,32.65389443,0,29.603006,63.54201933,3.021,3.299787062
10,26,15,NaN,117.8,21.4,138.1011228,7.220812445,32.47575998,0,29.06948352,64.81126067,2.759,3.299787062
10,26,15.5,NaN,174,32,199.3620415,10.31544635,32.13928378,0,28.99901829,66.82005996,2.51,3.299787062
10,26,16,NaN,132.4,24.4,152.8882411,7.994470921,31.85228938,0,28.98895183,69.12868004,2.509,3.26874408
10,26,16.5,NaN,108.8,19.8,127.2748397,6.705040127,31.73353307,0,28.65675859,71.67715675,2.293,3.26874408
10,26,17,NaN,10.8,2.2,13.2027842,0.515772317,31.6543622,0,27.14678932,73.87584254,3.504,3.26874408
10,26,17.5,NaN,15,2.8,16.10739673,0.515772317,31.52570954,0.2,25.4153579,80.65179239,3.287,3.26874408
10,26,18,NaN,4.8,0.8,4.224890945,0,31.15954427,0,24.70063911,86.0485666,3.392,3.26874408
10,26,18.5,NaN,0,0,0,0,30.68451905,0,24.0966514,89.0467745,2.74,3.26874408
10,26,19,NaN,0,0,0,0,30.2886647,0,24.04631909,89.64641608,1.674,3.26874408
10,26,19.5,NaN,0,0,0,0,30.01156666,0,24.18724956,89.74635634,2.735,3.26874408
10,26,20,NaN,0,0,0,0,29.80374313,0,24.11678433,90.24605765,2.424,3.26874408
10,26,20.5,NaN,0,0,0,0,29.64540139,0,24.03625263,90.64581871,1.934,3.237090405
10,26,21,NaN,0,0,0,0,29.50685236,0,24.14698371,90.74575897,1.716,3.237090405
10,26,21.5,NaN,0,0,0,0,29.3781997,0,24.1771831,90.84569923,2.226,3.237090405
10,26,22,NaN,0,0,0,0,29.2594434,0,24.16711663,90.9456395,1.488,3.237090405
10,26,22.5,NaN,0,0,0,0,29.16047981,0,24.20738248,90.9456395,0.767,3.237090405
10,26,23,NaN,0,0,0,0,29.07141258,0,24.19731602,91.04557976,1.033,3.237090405
10,26,23.5,NaN,0,0,0,0,28.99224171,0,24.15705017,91.64522134,1.523,3.237090405
10,27,0,NaN,0,0,0,0,28.91307084,0,24.07651848,91.94504213,1.344,3.237090405
10,27,0.5,NaN,0,0,0,0,28.84379633,0,24.00605325,92.34480318,1.75,3.237090405
10,27,1,NaN,0,0,0,0,28.77452182,0,23.80472401,92.74456423,1.666,3.237090405
10,27,1.5,NaN,0,0,0,0,28.68545459,0,23.53292954,93.14432529,2.299,3.237090405
10,27,2,NaN,0,0,0,0,28.57659464,0,23.46246431,93.54408634,1.841,3.204805749
10,27,2.5,NaN,0,0,0,0,28.45783834,0,23.36179969,93.74396687,0.941,3.204805749
10,27,3,NaN,0,0,0,0,28.36877111,0,23.22086923,93.74396687,0.207,3.204805749
10,27,3.5,NaN,0,0,0,0,28.28960024,0,23.19066984,93.84390713,0.522,3.204805749
10,27,4,NaN,0,0,0,0,28.20053301,0,23.07993876,93.74396687,1.104,3.204805749
10,27,4.5,NaN,0,0,0,0,28.14115486,0,23.10007169,93.94384739,1.689,3.204805749
10,27,5,NaN,0,0,0,0,28.08177671,0,23.23093569,93.94384739,1.166,3.204805749
10,27,5.5,NaN,6.8,1.2,7.657614838,0.257886159,28.03229492,0,23.27120154,94.04378766,1.207,3.204805749
10,27,6,NaN,36,6.8,41.72079808,2.06308927,28.0125022,0,23.50273016,94.14372792,1.234,3.204805749
10,27,6.5,NaN,92,17.2,105.0941623,5.415609333,27.93333133,0,23.92552155,94.24366818,1.014,3.204805749
10,27,7,NaN,321.2,61.2,337.9912756,17.27837264,27.89374589,0,24.68050619,94.24366818,2.068,3.204805749
10,27,7.5,NaN,384.2,71,393.9710806,20.6308927,28.10156943,0,25.70728529,92.54468371,2.265,3.204805749
10,27,8,NaN,323.6,64.2,390.274301,19.85723422,28.64586916,0,25.98914622,89.24665502,3.531,3.204805749
10,27,8.5,NaN,397,71.2,421.6969274,21.66243733,29.16047981,0,26.81459608,82.05095607,4.711,3.171868865
10,27,9,NaN,357.8,64,386.3134658,19.59934806,29.61571231,0,27.84137518,76.0245582,5.174,3.171868865
10,27,9.5,NaN,239.6,43.8,259.5667374,13.66796641,30.08084117,0,28.41516351,73.77590228,4.279,3.171868865
10,27,10,NaN,229.2,42,247.420176,12.89430794,30.32825014,0,28.41516351,71.94699547,4.482,3.171868865
10,27,10.5,NaN,366,66.2,391.8586351,20.11512038,30.38762829,0,28.91848659,69.64836941,5.165,3.171868865
10,27,11,NaN,388,70.4,412.4549785,21.14666502,30.50638459,0,29.32114507,68.6189847,4.024,3.171868865
10,27,11.5,NaN,392.8,71.4,414.3033683,21.40455117,30.7438972,0,29.42180968,67.92939689,4.619,3.171868865
10,27,12,NaN,486.4,86.4,515.9648067,26.56227435,31.0803734,0,29.6533383,67.31976128,4.321,3.171868865
10,27,12.5,NaN,644.4,111,680.7355535,35.07251759,31.71374036,0,30.43852232,64.81126067,4.062,3.138257493
10,27,13,NaN,401.8,72.2,428.2983196,22.17820965,32.20855829,0,30.70025033,63.60198349,3.912,3.138257493
10,27,13.5,NaN,627.4,108.8,658.0267647,34.04097295,32.57472356,0,30.91164603,63.02232996,3.316,3.138257493
10,27,14,NaN,734,125.6,764.4412054,39.71446845,33.56435944,0,31.60623189,59.94416986,3.015,3.138257493
10,27,14.5,NaN,384.8,69.2,407.4379205,21.14666502,34.15814096,0,31.59616543,60.01412804,3.143,3.138257493
10,27,15,NaN,282.6,52.4,307.8889276,15.98894184,34.08886645,0,31.12304172,62.45267046,3.391,3.138257493
10,27,15.5,NaN,157.2,29.4,169.7878049,9.283901714,33.8117684,0,30.7606491,63.66194765,2.713,3.103948293
10,27,16,NaN,91.8,17.2,98.49277016,5.415609333,33.4060177,0,30.37812355,64.70132638,2.431,3.103948293
10,27,16.5,NaN,55.4,10.4,59.14847323,3.352520064,32.9507852,0,30.19692724,66.1104841,1.141,3.103948293
10,27,17,NaN,34.2,6.8,36.17562872,2.06308927,32.53513813,0,29.9452657,69.04872783,1.627,3.103948293
10,27,17.5,NaN,14.6,2.8,15.31522968,0.773658476,32.24814373,0,29.49227492,72.32676847,1.22,3.103948293
10,27,18,NaN,1.4,0.2,1.584334104,0,31.98094204,0,28.93861952,74.79529297,1.396,3.103948293
10,27,18.5,NaN,0,0,0,0,31.67415492,0,28.55609397,77.5036741,1.197,3.103948293
10,27,19,NaN,0,0,0,0,31.44653867,0,28.06283734,80.15209107,1.57,3.103948293
10,27,19.5,NaN,0,0,0,0,31.1991297,0,27.82124226,81.25143397,1.339,3.103948293
10,27,20,NaN,0,0,0,0,30.96161709,0,27.8111758,82.75053792,0.112,3.103948293
10,27,20.5,NaN,0,0,0,0,30.793379,0,27.52931487,84.1497016,0.187,3.103948293
10,27,21,NaN,0,0,0,0,30.65482997,0,27.44878318,85.14910423,0.36,3.103948293
10,27,21.5,NaN,0,0,0,0,30.49648823,0,27.14678932,86.74814844,1.063,3.103948293
10,27,22,NaN,0,0,0,0,30.35793921,0,26.87499485,87.24784976,0.648,3.103948293
10,27,22.5,NaN,0,0,0,0,30.23918291,0,26.79446316,87.84749134,1.433,3.103948293
10,27,23,NaN,0,0,0,0,30.15011568,0,26.61326685,88.24725239,1.499,3.103948293
10,27,23.5,NaN,0,0,0,0,30.06104845,0,26.48240284,88.64701344,1.758,3.103948293
10,28,0,NaN,0,0,0,0,29.98187758,0,26.12001022,88.64701344,1.348,3.068916779
10,28,0.5,NaN,0,0,0,0,29.88291399,0,25.82808283,88.24725239,1.919,3.068916779
10,28,1,NaN,0,0,0,0,29.79384677,0,25.70728529,87.74755107,1.635,3.068916779
10,28,1.5,NaN,0,0,0,0,29.73446861,0,25.8079499,87.64761081,2.036,3.068916779
10,28,2,NaN,0,0,0,0,29.67509046,0,25.64688652,87.74755107,1.984,3.068916779
10,28,2.5,NaN,0,0,0,0,29.60581595,0,25.52608898,88.04737186,2.011,3.068916779
10,28,3,NaN,0,0,0,0,29.52664508,0,25.48582313,88.34719265,1.654,3.068916779
10,28,3.5,NaN,0,0,0,0,29.44747421,0,25.51602251,88.54707318,1.107,3.068916779
10,28,4,NaN,0,0,0,0,29.38809606,0,25.52608898,88.84689397,1.199,3.068916779
10,28,4.5,NaN,0,0,0,0,29.31882155,0,25.48582313,88.94683423,2.797,3.068916779
10,28,5,NaN,0,0,0,0,29.2099616,0,25.34489266,88.64701344,1.447,3.068916779
10,28,5.5,NaN,3.8,0.6,4.488946629,0,29.16047981,0,25.38515851,88.54707318,1.705,3.068916779
10,28,6,NaN,24.8,5,27.72584683,1.547316952,29.15058345,0,25.15362989,88.54707318,2.256,3.068916779
10,28,6.5,NaN,58.8,11.6,64.95769828,3.352520064,29.12089437,0,25.11336404,88.64701344,2.251,3.068916779
10,28,7,NaN,120.8,23,133.3481205,7.220812445,29.12089437,0,25.40529143,88.34719265,3.016,3.068916779
10,28,7.5,NaN,177.2,34,192.7606494,10.57333251,29.16047981,0,25.81801637,87.34779002,3.682,3.068916779
10,28,8,NaN,273,52.4,296.7985889,15.21528337,29.29902883,0,26.17034253,85.74874581,4.147,3.033137246
10,28,8.5,NaN,297.8,56.4,321.8838789,16.50471416,29.51674872,0,26.60320039,83.94982107,3.773,3.033137246
10,28,9,NaN,294.2,55.6,317.1308766,16.246828,29.8334322,0,26.98572593,82.15089634,3.893,3.033137246
10,28,9.5,NaN,313.2,59.2,337.1991085,17.53625879,30.1699084,0,27.24745394,80.45191186,3.911,3.033137246
10,28,10,NaN,391.6,73.6,418.0001479,21.66243733,30.42721372,0,27.67024533,79.36256299,4.615,3.033137246
10,28,10.5,NaN,432.4,80.4,463.1536698,23.98341276,30.66472633,0,27.86150811,75.86465378,5.529,3.033137246
10,28,11,NaN,419.8,78.6,446.5181618,23.20975429,31.00120253,0,28.3648312,72.46668483,5.329,3.033137246
10,28,11.5,NaN,507.6,93.4,536.2970943,27.85170514,31.31788601,0,28.77755613,71.02754504,4.769,3.033137246
10,28,12,NaN,541.6,98.2,576.9616697,29.65690825,31.77311851,0,29.50234138,68.90881146,5.188,2.996582688
10,28,12.5,NaN,438.4,80.4,467.6426165,23.7255266,32.25804009,0,29.67347123,66.5302332,5.426,2.996582688
10,28,13,NaN,433,78.8,468.4347835,23.7255266,32.56482721,0,29.44194261,67.10988673,5.656,2.996582688
10,28,13.5,NaN,797.6,138.4,843.9219663,43.06698851,33.0695415,0,30.00566447,66.25040046,5.969,2.996582688
10,28,14,NaN,629.4,110.6,674.6622728,34.81463143,33.83156112,0,30.59958571,62.99234788,5.556,2.996582688
10,28,14.5,NaN,687.4,122,726.6812425,37.90926533,34.44513536,0,31.32437096,61.18342912,4.961,2.996582688
10,28,15,NaN,460.6,84.2,494.8403519,25.78861587,34.87067879,0,31.29417157,61.69312446,4.973,2.996582688
10,28,15.5,NaN,283.6,53.6,311.3216515,15.98894184,34.86078243,0,30.81098141,63.28217465,4.293,2.959224716
10,28,16,NaN,240.8,47.4,263.5275727,13.92585257,34.53420259,0,30.42845586,62.72250917,4.494,2.959224716
10,28,16.5,NaN,233,47.8,251.6450669,13.66796641,34.06907373,0,30.26739247,63.51203725,4.896,2.959224716
10,28,17,NaN,79.8,15.6,88.98676553,4.899837016,33.71280482,0,29.73387,64.4414817,4.053,2.959224716
10,28,17.5,NaN,30.8,6.2,33.00696051,2.06308927,33.39612134,0,29.28087922,66.3003706,3.295,2.959224716
10,28,18,NaN,4,0.8,4.488946629,0,32.97057791,0,28.85808782,68.3891221,3.077,2.959224716
10,28,18.5,NaN,0,0,0,0,32.54503449,0,28.34469827,70.01814839,2.137,2.959224716
10,28,19,NaN,0,0,0,0,32.1590765,0,28.01250503,71.57721649,2.188,2.959224716
10,28,19.5,NaN,0,0,0,0,31.83249666,0,27.55951425,73.3661472,2.293,2.959224716
10,28,20,NaN,0,0,0,0,31.56529498,0,27.18705517,75.20504805,2.354,2.959224716
10,28,20.5,NaN,0,0,0,0,31.30798965,0,26.86492839,77.32378162,2.353,2.959224716
10,28,21,NaN,0,0,0,0,31.0803734,0,26.65353269,78.89284376,1.789,2.959224716
10,28,21.5,NaN,0,0,0,0,30.90223894,0,26.35153884,80.25203134,2.746,2.959224716
10,28,22,NaN,0,0,0,0,30.68451905,0,26.33140592,80.3519716,2.064,2.959224716
10,28,22.5,NaN,0,0,0,0,30.51628095,0,26.13007668,80.85167292,2.218,2.959224716
10,28,23,NaN,0,0,0,0,30.39752465,0,25.86834868,81.75113528,2.461,2.959224716
10,28,23.5,NaN,0,0,0,0,30.24907927,0,25.6770859,82.45071713,2.609,2.959224716
10,29,0,NaN,0,0,0,0,30.11053025,0,25.60662067,82.75053792,2.284,2.959224716
10,29,0.5,NaN,0,0,0,0,29.98187758,0,25.5462219,82.95041844,2.366,2.959224716
10,29,1,NaN,0,0,0,0,29.88291399,0,25.42542436,83.25023923,2.148,2.959224716
10,29,1.5,NaN,0,0,0,0,29.80374313,0,25.23416158,83.65000028,2.224,2.959224716
10,29,2,NaN,0,0,0,0,29.68498682,0,24.9925665,84.24964186,2.068,2.921033461
10,29,2.5,NaN,0,0,0,0,29.59591959,0,24.73083849,84.94922371,1.681,2.921033461
10,29,3,NaN,0,0,0,0,29.50685236,0,24.29798064,86.44832765,1.308,2.921033461
10,29,3.5,NaN,0,0,0,0,29.40788878,0,24.01611971,87.24784976,1.187,2.921033461
10,29,4,NaN,0,0,0,0,29.29902883,0,23.76445816,88.34719265,0.9,2.921033461
10,29,4.5,NaN,0,0,0,0,29.18027253,0,23.58326185,89.14671476,1.928,2.921033461
10,29,5,NaN,0,0,0,0,29.0417235,0,23.67386001,89.64641608,2.238,2.921033461
10,29,5.5,NaN,12.6,2.6,12.93872852,0.515772317,28.89327812,0,23.79465755,89.64641608,1.707,2.921033461
10,29,6,NaN,80.6,18.6,80.80103932,4.641950857,28.65576551,0,24.38857879,89.64641608,2.089,2.921033461
10,29,6.5,NaN,46.8,9.4,67.8623108,3.610406222,28.47763106,0,24.73083849,88.94683423,1.25,2.921033461
10,29,7,NaN,96,18.8,121.4656147,6.447153968,28.60628372,0,24.96236712,88.64701344,1.712,2.921033461
10,29,7.5,NaN,185.6,37,196.1933733,11.60487714,28.71514367,0,25.39522497,87.84749134,2.39,2.921033461
10,29,8,NaN,279.2,57,325.5806584,16.50471416,28.86358905,0,25.85828221,84.84928344,3.048,2.921033461
10,29,8.5,NaN,413,78.4,447.0462731,22.43609581,29.24954704,0,26.86492839,78.38314841,3.141,2.921033461
10,29,9,NaN,541.8,98.8,577.489781,28.62536362,29.72457226,0,28.14336904,72.08691183,3.207,2.921033461
10,29,9.5,NaN,566.2,100.4,605.2156279,29.65690825,30.36783557,0,29.49227492,66.24040644,2.929,2.921033461
10,29,10,NaN,802.8,129.4,852.1076925,39.45658229,31.12985519,0,30.36805709,62.10287954,3.18,2.881977479
10,29,10.5,NaN,861.6,137,880.6257063,42.29333003,32.29762552,0,31.21363988,59.43447451,3.461,2.881977479
10,29,11,NaN,809,142.6,914.1607782,44.61430546,33.55446308,0,31.85789343,55.81663699,3.577,2.881977479
10,29,11.5,NaN,877.2,148.2,959.3143002,46.41950857,34.66285525,0,32.58267868,51.40927138,3.429,2.881977479
10,29,12,NaN,898.4,147.6,964.0673025,47.19316705,36.90932868,0,33.50879317,47.17180422,3.503,2.881977479
10,29,12.5,NaN,892.2,146.4,953.7691308,46.93528089,38.43336792,0,34.03224918,44.63332154,3.739,2.842023636
10,29,13,NaN,866.4,143.8,925.5151726,46.16162241,39.373522,0,34.49530642,42.27473133,4.53,2.842023636
10,29,13.5,NaN,561.6,95.6,606.2718506,30.43056673,39.47248559,0,34.76710089,41.28532272,3.719,2.842023636
10,29,14,NaN,597.8,104.4,639.2788111,32.23576984,39.11621667,0,34.68656919,43.01428927,3.064,2.842023636
10,29,14.5,NaN,684.4,121.2,728.793688,37.13560686,38.93808222,0,35.13955997,40.24594398,3.685,2.842023636
10,29,15,NaN,611.2,111.4,645.0880362,33.26731448,38.87870406,0,35.70328183,39.4564159,3.495,2.842023636
10,29,15.5,NaN,405.6,78,433.8434889,22.95186813,38.66098417,0,35.67308245,39.51638006,2.871,2.842023636
10,29,16,NaN,406.6,82.6,426.1858741,22.95186813,38.15626988,0,35.58248429,41.05546012,3.208,2.801136995
10,29,16.5,NaN,290,64.2,313.434097,17.27837264,37.62186651,0,35.32075629,41.78502404,3.723,2.801136995
10,29,17,NaN,141.8,34,162.3942457,9.541787873,37.11715221,0,34.91809782,42.82440277,3.35,2.801136995
10,29,17.5,NaN,32.2,5.8,43.0410765,2.320975429,36.61243792,0,34.12284733,45.21297506,2.485,2.801136995
10,29,18,NaN,4.4,0.8,6.073280733,0.257886159,36.1374127,0,32.06928913,51.97893088,4.575,2.801136995
10,29,18.5,NaN,0,0,0,0,35.65249112,0,30.19692724,57.48563938,4.162,2.801136995
10,29,19,NaN,0,0,0,0,35.01912417,0,29.53254076,60.21400857,2.898,2.801136995
10,29,19.5,NaN,0,0,0,0,34.45503172,0,29.34127799,61.75308862,2.589,2.801136995
10,29,20,NaN,0,0,0,0,34.00969558,0,29.22048045,62.12286759,2.34,2.801136995
10,29,20.5,NaN,0,0,0,0,33.67321938,0,29.0493506,62.83244346,2.203,2.801136995
10,29,21,NaN,0,0,0,0,33.38622498,0,28.90842013,64.13166688,1.163,2.801136995
10,29,21.5,NaN,0,0,0,0,33.15860873,0,28.18363488,67.99935507,1.267,2.801136995
10,29,22,NaN,0,0,0,0,32.97057791,0,27.64004595,70.95758686,1.212,2.801136995
10,29,22.5,NaN,0,0,0,0,32.72316895,0,26.92532716,74.09571112,1.933,2.801136995
10,29,23,NaN,0,0,0,0,32.4460709,0,26.43207054,75.87464781,1.332,2.801136995
10,29,23.5,NaN,0,0,0,0,32.20855829,0,26.08981083,78.8328796,1.23,2.801136995
10,30,0,NaN,0,0,0,0,31.95125297,0,25.82808283,79.53246144,2.4,2.801136995
10,30,0.5,NaN,0,0,0,0,31.703844,0,25.59655421,80.15209107,2.33,2.801136995
10,30,1,NaN,0,0,0,0,31.48612411,0,25.42542436,79.76232405,2.613,2.801136995
10,30,1.5,NaN,0,0,0,0,31.27830057,0,25.44555728,78.67297518,2.269,2.759280685
10,30,2,NaN,0,0,0,0,31.13975155,0,25.43549082,78.81289155,2.514,2.759280685
10,30,2.5,NaN,0,0,0,0,31.02099525,0,25.3348262,79.15268844,1.945,2.759280685
10,30,3,NaN,0,0,0,0,30.9121353,0,25.32475974,79.50247936,2.261,2.759280685
10,30,3.5,NaN,0,0,0,0,30.81317171,0,25.3348262,79.86226431,2.376,2.759280685
10,30,4,NaN,0,0,0,0,30.70431177,0,25.47575667,79.95221055,1.712,2.759280685
10,30,4.5,NaN,0,0,0,0,30.65482997,0,25.63682005,79.94221652,2.027,2.759280685
10,30,5,NaN,0,0,0,0,30.58555546,0,25.85828221,79.52246741,1.873,2.759280685
10,30,5.5,NaN,4.4,0.8,4.488946629,0,30.53607367,0,26.15020961,79.48249131,0.865,2.759280685
10,30,6,NaN,28.4,6,30.36640367,1.805203111,30.5756591,0,26.19047545,80.95161318,1.179,2.759280685
10,30,6.5,NaN,60.6,12.4,65.22175396,3.352520064,30.58555546,0,26.39180469,80.15209107,1.945,2.759280685
10,30,7,NaN,148.8,30.2,163.1864128,8.768129397,30.55586639,0,26.89512778,76.22443873,2.298,2.759280685
10,30,7.5,NaN,376.4,75.4,293.1018093,20.37300654,30.51628095,0,28.09303673,70.72772425,3.194,2.759280685
10,30,8,NaN,352.8,72.2,395.0273034,20.11512038,30.61524454,0,29.1802146,64.38151754,3.583,2.759280685
10,30,8.5,NaN,299,59.4,328.485271,16.76260032,31.06058068,0,30.01573093,61.48324991,3.65,2.759280685
10,30,9,NaN,190.8,38.8,205.9634336,10.83121867,31.5356059,0,30.37812355,58.33513162,4.117,2.759280685
10,30,9.5,NaN,376.8,71.8,409.0222546,20.37300654,31.86218574,0,30.87138018,57.48563938,4.088,2.716415763
10,30,10,NaN,688.4,123.2,737.7715813,36.36194838,32.05021655,0,31.87802636,53.35810651,6.105,2.716415763
10,30,10.5,NaN,757.8,133.8,801.4090011,39.71446845,32.63410172,0,32.50214699,52.80843507,5.176,2.716415763
10,30,11,NaN,731,134.4,794.2794977,40.23024076,33.54456672,0,33.14640054,50.53979109,5.899,2.716415763
10,30,11.5,NaN,318.6,62.6,344.5926677,17.53625879,34.47482444,0,32.4719476,52.64853064,5.264,2.716415763
10,30,12,NaN,668.4,121.2,719.0236277,36.10406222,34.9399533,0,32.61287807,53.0882678,5.493,2.716415763
10,30,12.5,NaN,286.8,54.8,314.7543754,15.73105568,35.24674042,0,32.40148237,53.73787951,4.552,2.672501059
10,30,13,NaN,229.4,45.4,250.5888442,12.63642178,35.36549672,0,31.19350696,59.27457009,3.128,2.672501059
10,30,13.5,NaN,581.6,105.8,626.6041383,31.46211137,35.41497852,0,30.96197834,62.46266449,1.832,2.672501059
10,30,14,NaN,714.8,127.6,767.6098736,38.94080997,36.16710178,0,32.87460607,53.38808859,3.189,2.672501059
10,30,14.5,NaN,538.2,100,579.6022265,29.91479441,36.60254156,0,33.74032179,49.66031678,3.8,2.672501059
10,30,15,NaN,411.6,77.8,445.1978833,23.20975429,36.77077966,0,34.21344549,48.83081259,4.533,2.672501059
10,30,15.5,NaN,141,27.6,162.13019,8.510243238,36.75098694,0,32.52227991,53.19820209,4.978,2.672501059
10,30,16,NaN,134.6,26.8,148.1352388,7.994470921,36.45409618,0,31.54583312,57.4556573,4.323,2.627493012
10,30,16.5,NaN,97.6,19.6,107.7347191,5.931381651,35.91969281,0,30.16672786,60.84363223,4.947,2.627493012
10,30,17,NaN,87.8,17.8,93.21165647,4.899837016,35.48425303,0,28.57622689,68.73891302,3.964,2.627493012
10,30,17.5,NaN,16,3.4,17.16361946,0.773658476,35.01912417,0,27.99237211,71.94699547,4.221,2.627493012
10,30,18,NaN,1.6,0.2,1.584334104,0,34.51440987,0,27.47898256,73.3661472,2.759,2.627493012
10,30,18.5,NaN,0,0,0,0,33.93052471,0,27.2575204,74.39553191,2.487,2.627493012
10,30,19,NaN,0,0,0,0,33.48518857,0,26.75419731,76.7441281,2.304,2.627493012
10,30,19.5,NaN,0,0,0,0,33.12891965,0.1,26.32133946,79.31259286,1.931,2.627493012
10,30,20,NaN,0,0,0,0,32.86171797,0.1,25.91868098,81.1514937,0.997,2.627493012
10,30,20.5,NaN,0,0,0,0,32.57472356,0.1,25.85828221,83.15029897,1.36,2.627493012
10,30,21,NaN,0,0,0,0,32.2778328,1,25.72741821,84.84928344,2.481,2.627493012
10,30,21.5,NaN,0,0,0,0,31.9908384,1.1,25.56635482,86.64820818,3.07,2.627493012
10,30,22,NaN,0,0,0,0,31.62467313,0.3,25.29456035,88.14731213,3.418,2.627493012
10,30,22.5,NaN,0,0,0,0,31.27830057,0.1,24.94223419,89.0467745,4.385,2.627493012
10,30,23,NaN,0,0,0,0,30.96161709,0,24.49930987,90.04617713,4.14,2.627493012
10,30,23.5,NaN,0,0,0,0,30.71420813,0.1,24.36844587,90.64581871,3.297,2.627493012
10,31,0,NaN,0,0,0,0,30.50638459,0,24.28791418,90.9456395,2.826,2.627493012
10,31,0.5,NaN,0,0,0,0,30.30845742,0,24.3080471,91.04557976,1.532,2.627493012
10,31,1,NaN,0,0,0,0,30.16001204,0,24.52950926,91.24546029,0.583,2.627493012
10,31,1.5,NaN,0,0,0,0,30.05115209,0,24.44897756,91.24546029,1.582,2.627493012
10,31,2,NaN,0,0,0,0,29.95218851,0,24.37851233,91.34540055,0.565,2.627493012
10,31,2.5,NaN,0,0,0,0,29.85322492,0,24.22751541,91.34540055,1.242,2.627493012
10,31,3,NaN,0,0,0,0,29.73446861,0,24.25771479,91.44534081,1.085,2.627493012
10,31,3.5,NaN,0,0,0,0,29.64540139,0,24.29798064,91.54528108,0.36,2.627493012
10,31,4,NaN,0,0,0,0,29.59591959,0,24.44897756,91.84510187,0.656,2.627493012
10,31,4.5,NaN,0,0,0,0,29.55633416,0,24.49930987,92.14492265,0.062,2.627493012
10,31,5,NaN,0.2,0,0,0,29.47716329,0,24.52950926,92.14492265,1.376,2.627493012
10,31,5.5,NaN,5.8,0.8,7.12950347,0,29.38809606,0,24.47917695,92.34480318,2.044,2.627493012
10,31,6,NaN,40.8,8,45.15352197,1.805203111,29.28913247,0,24.46911049,92.44474344,1.822,2.627493012
10,31,6.5,NaN,65.4,12.2,74.19964722,3.094633905,29.22975432,0,24.41877818,92.24486292,2.949,2.627493012
10,31,7,NaN,117,21.8,135.1965102,5.931381651,29.23965068,0,24.48924341,92.14492265,2.675,2.627493012
10,31,7.5,NaN,206.4,39.4,233.9533361,10.57333251,29.28913247,0,24.91203481,91.54528108,2.632,2.627493012
10,31,8,NaN,266.4,62,363.604677,16.246828,29.41778514,0,25.65695298,90.44593818,2.51,2.627493012
10,31,8.5,NaN,232.4,45,267.2243523,12.37853562,29.72457226,0,25.89854806,88.64701344,2.431,2.581345488
10,31,9,NaN,438.4,82.6,496.9527974,22.17820965,30.11053025,0,26.55286808,86.64820818,2.463,2.581345488
10,31,9.5,NaN,379,72.4,439.652714,19.85723422,30.49648823,0,27.21725455,82.2508366,2.064,2.581345488
10,31,10,NaN,353.4,69,400.5724727,18.30991727,30.90223894,0,28.07290381,77.08392499,2.584,2.581345488
10,31,10.5,NaN,270,53.8,302.8718696,13.66796641,31.25850786,0,28.8379549,72.0369417,2.336,2.581345488
10,31,11,NaN,240.2,49,267.2243523,12.37853562,31.46633139,0,29.3916103,70.16805878,1.535,2.581345488
10,31,11.5,NaN,253,51.4,284.1239161,13.41008025,31.59498405,0,29.98553154,68.73891302,1.393,2.581345488
10,31,12,NaN,174.4,35.4,199.3620415,9.799674032,31.71374036,0,29.95533216,69.67835149,2.054,2.581345488
10,31,12.5,NaN,205,41.2,235.5376702,11.34699098,31.83249666,0,30.00566447,72.1868521,2.289,2.581345488
10,31,13,NaN,344.8,66.6,398.7240829,18.05203111,31.90177117,0,29.90499985,72.77649965,3.379,2.581345488
10,31,13.5,NaN,686.8,126.4,760.2163144,34.81463143,32.10959471,0,30.18686078,68.68894289,4.066,2.581345488
10,31,14,NaN,665.4,121.6,753.0868109,34.55674527,32.84192525,0,30.12646201,64.00174454,4.577,2.581345488
10,31,14.5,NaN,515.4,97,595.7096232,27.59381898,33.51487764,0,30.14659493,63.27218062,3.642,2.581345488
10,31,15,NaN,618.2,117.6,691.8258922,32.23576984,33.98990286,0,30.9720448,62.05290941,2.883,2.534009579
10,31,15.5,NaN,392.6,77.4,448.8946629,21.14666502,34.32637906,0,31.59616543,58.84482696,3.681,2.534009579
10,31,16,NaN,162,32.8,198.8339301,9.799674032,34.15814096,0,30.74051618,59.36451633,4.322,2.534009579
10,31,16.5,NaN,193.4,40.2,224.9754428,11.08910483,33.84145748,0,29.73387,65.82065733,4.416,2.534009579
10,31,17,NaN,116.6,24,141.5338467,6.962926286,33.38622498,0,29.37147737,68.0493252,4.253,2.534009579
10,31,17.5,NaN,55.8,11.4,68.12636649,3.352520064,32.94088884,0,28.82788844,70.65776607,3.607,2.534009579
10,31,18,NaN,10.4,2.2,10.82628305,0.515772317,32.50544905,0,28.12323611,73.54603968,3.525,2.534009579
10,31,18.5,NaN,0,0,0,0,32.07990563,0,27.45884964,75.6048091,2.555,2.534009579
10,31,19,NaN,0,0,0,0,31.68405128,0,27.15685578,77.25382344,2.135,2.534009579
10,31,19.5,NaN,0,0,0,0,31.32778237,0,26.92532716,78.99278402,2.139,2.534009579
10,31,20,NaN,0,0,0,0,31.03089161,0,26.50253577,81.55125476,2.055,2.534009579
10,31,20.5,NaN,0,0,0,0,30.77358628,0,26.03947853,83.84988081,2.55,2.534009579
10,31,21,NaN,0,0,0,0,30.52617731,0,25.69721883,84.54946265,1.469,2.534009579
10,31,21.5,NaN,0,0,0,0,30.31835378,0,25.51602251,85.14910423,0.378,2.534009579
10,31,22,NaN,0,0,0,0,30.15011568,0,25.27442743,86.34838739,0.986,2.534009579
10,31,22.5,NaN,0,0,0,0,29.99177394,0,25.04289881,87.34779002,0.403,2.534009579
10,31,23,NaN,0,0,0,0,29.84332856,0,24.90196834,88.24725239,0.416,2.534009579
10,31,23.5,NaN,0,0,0,0,29.69488318,0,24.80130373,88.44713292,2.06,2.534009579
11,1,0,NaN,0,0,0,0,29.53654144,0,24.76103788,88.44713292,2.187,2.534009579
11,1,0.5,NaN,0,0,0,0,29.38809606,0,24.66037326,88.44713292,2.093,2.534009579
11,1,1,NaN,0,0,0,0,29.27923611,0,24.58990803,88.34719265,1.385,2.534009579
11,1,1.5,NaN,0,0,0,0,29.19016888,0,24.52950926,88.44713292,1.788,2.534009579
11,1,2,NaN,0,0,0,0,29.0912053,0,24.67043972,88.54707318,2.299,2.534009579
11,1,2.5,NaN,0,0,0,0,29.00213807,0,24.85163604,88.44713292,1.967,2.534009579
11,1,3,NaN,0,0,0,0,28.95265628,0,24.87176896,88.14731213,2.309,2.534009579
11,1,3.5,NaN,0,0,0,0,28.88338176,0,24.96236712,87.64761081,2.437,2.534009579
11,1,4,NaN,0,0,0,0,28.8042109,0,24.88183542,87.1479095,3.003,2.534009579
11,1,4.5,NaN,0,0,0,0,28.73493638,0,24.85163604,87.1479095,1.645,2.534009579
11,1,5,NaN,0.2,0,0,0,28.70524731,0,24.58990803,87.24784976,1.443,2.534009579
11,1,5.5,NaN,6.4,1.4,8.185726206,0.257886159,28.71514367,0,24.4389111,88.14731213,1.16,2.534009579
11,1,6,NaN,33.8,7.2,39.08024124,1.805203111,28.70524731,0,24.72077203,88.54707318,1.171,2.534009579
11,1,6.5,NaN,99.4,20.4,113.8079998,5.673495492,28.71514367,0,25.17376281,88.64701344,1.302,2.534009579
11,1,7,NaN,95.4,19.4,110.1112203,5.415609333,28.77452182,0,25.61668713,87.64761081,1.451,2.534009579
11,1,7.5,NaN,162.8,32.8,188.2717027,9.026015556,28.86358905,0,25.97907976,86.34838739,1.462,2.534009579
11,1,8,NaN,133,27.4,153.9444638,7.736584762,28.95265628,0,26.39180469,84.34958213,1.86,2.534009579
11,1,8.5,NaN,170.4,35.2,194.6090392,9.283901714,29.2099616,0,26.81459608,82.45071713,1.86,2.534009579
11,1,9,NaN,349,69.6,391.5945795,18.05203111,29.3781997,0,27.32798563,79.56244352,3.019,2.534009579
11,1,9.5,NaN,454.2,88.8,509.6274702,23.20975429,29.82353584,0,28.14336904,76.79409823,3.275,2.534009579
11,1,10,NaN,504.4,97.6,568.2478321,25.78861587,30.21939019,0,29.02921767,71.51725233,4.23,2.485433389
11,1,10.5,NaN,1009.4,176,1053.318124,48.22471168,30.75379356,0,30.43852232,65.78068123,5.316,2.485433389
11,1,11,NaN,708.2,135.8,840.7532981,37.65137918,31.89187481,0,31.33443742,61.49324394,4.856,2.485433389
11,1,11.5,NaN,415.2,82.2,468.6988392,21.40455117,32.88151068,0,30.96197834,61.26338133,4.619,2.485433389
11,1,12,NaN,429.4,84.6,483.7500132,21.92032349,33.19819416,0,31.09284234,61.83304083,4.269,2.485433389
11,1,12.5,NaN,915.2,162,995.7539846,44.61430546,33.93052471,0,31.60623189,60.13405636,3.932,2.485433389
11,1,13,NaN,785.8,136.6,859.7653073,38.68292381,35.3951858,0,32.27061837,58.00532875,3.631,2.485433389
11,1,13.5,NaN,668.6,118.8,744.3729734,33.52520064,36.08793091,0,32.46188114,56.51621883,3.755,2.435561791
11,1,14,NaN,690.4,124.2,764.1771497,34.81463143,36.38482167,0,32.88467254,53.9977242,3.503,2.435561791
11,1,14.5,NaN,417.8,78.6,479.5251223,22.17820965,36.37492531,0,32.91487192,52.79844104,3.709,2.435561791
11,1,15,NaN,179,35.2,218.9021621,10.83121867,36.06813819,0,32.48201406,53.53799899,4.143,2.435561791
11,1,15.5,NaN,117.4,23,140.2135682,6.705040127,35.61290569,0,30.14659493,59.48444465,6.758,2.435561791
11,1,16,NaN,61.8,12.4,72.8793688,3.610406222,35.13788047,0,27.99237211,65.74070512,4.655,2.435561791
11,1,16.5,NaN,36.4,7.6,41.98485377,1.805203111,34.36596449,0,27.62997949,69.21862628,1.424,2.435561791
11,1,17,NaN,21.6,4.6,24.8212343,1.289430794,33.60394487,0,27.48904902,71.35734791,1.453,2.435561791
11,1,17.5,NaN,6,1.4,6.865447786,0,33.10912694,0,27.16692225,73.76590826,1.383,2.435561791
11,1,18,NaN,0.6,0,0.792167052,0,32.70337623,0,26.69379854,76.35436107,1.455,2.435561791
11,1,18.5,NaN,0,0,0,0,32.34710731,0,26.35153884,79.16268247,1.196,2.435561791
11,1,19,NaN,0,0,0,0,32.01063112,0,26.00927914,81.35137423,1.322,2.435561791
11,1,19.5,NaN,0,0,0,0,31.69394764,0,25.72741821,83.84988081,1.116,2.435561791
11,1,20,NaN,0,0,0,0,31.45643503,0,25.49588959,84.64940292,0.581,2.435561791
11,1,20.5,NaN,0,0,0,0,31.22881878,0,25.38515851,85.54886528,0.505,2.435561791
11,1,21,NaN,0,0,0,0,31.04078796,0,25.3348262,87.1479095,1.6,2.435561791
11,1,21.5,NaN,0,0,0,0,30.86265351,0,25.27442743,88.34719265,1.836,2.435561791
11,1,22,NaN,0,0,0,0,30.70431177,0,25.0730982,88.64701344,0.795,2.384336168
11,1,22.5,NaN,0,0,0,0,30.5756591,0,25.14356343,88.64701344,0.439,2.384336168
11,1,23,NaN,0,0,0,0,30.44700644,0,25.22409512,89.0467745,0.986,2.384336168
11,1,23.5,NaN,0,0,0,0,30.34804285,0,25.14356343,89.44653555,0.471,2.384336168
11,2,0,NaN,0,0,0,0,30.23918291,0,25.18382927,89.64641608,1.098,2.384336168
11,2,0.5,NaN,0,0,0,0,30.14021932,0,25.06303173,89.8462966,0.879,2.384336168
11,2,1,NaN,0,0,0,0,30.06104845,0,24.88183542,90.44593818,0.861,2.384336168
11,2,1.5,NaN,0,0,0,0,29.97198122,0,24.92210127,90.74575897,0.525,2.384336168
11,2,2,NaN,0,0,0,0,29.87301764,0,24.91203481,91.04557976,0.204,2.384336168
11,2,2.5,NaN,0,0,0,0,29.81363948,0,24.90196834,91.34540055,0.32,2.384336168
11,2,3,NaN,0,0,0,0,29.72457226,0,25.00263296,91.64522134,0.236,2.384336168
11,2,3.5,NaN,0,0,0,0,29.6651941,0,25.01269942,91.84510187,0.668,2.384336168
11,2,4,NaN,0,0,0,0,29.60581595,0,24.81137019,91.94504213,1.002,2.384336168
11,2,4.5,NaN,0,0,0,0,29.55633416,0,24.67043972,92.24486292,0.28,2.384336168
11,2,5,NaN,0.2,0,0,0,29.47716329,0,24.54964218,92.44474344,0.899,2.384336168
11,2,5.5,NaN,7.4,1.4,8.977893258,0.257886159,29.38809606,0,24.40871172,92.54468371,1.16,2.384336168
11,2,6,NaN,81.6,19.8,81.06509501,4.384064698,29.24954704,0,24.74090496,93.04438502,0,2.384336168
11,2,6.5,NaN,173.2,40.8,185.8952016,9.799674032,28.90317448,0,25.61668713,92.64462397,1.432,2.384336168
11,2,7,NaN,282.6,60.8,306.3045935,14.44162489,28.64586916,0,26.03947853,91.84510187,2.165,2.384336168
11,2,7.5,NaN,394.6,79.2,308.1529833,19.85723422,28.71514367,0,26.64346623,90.54587844,2.2,2.384336168
11,2,8,NaN,328.8,94.6,546.595266,24.24129892,29.05161986,0,27.30785271,87.74755107,2.253,2.384336168
11,2,8.5,NaN,611,107.8,664.8922125,28.1095913,29.65529774,0,28.46549581,81.1514937,2.181,2.384336168
11,2,9,NaN,684.6,117.4,752.8227553,31.20422521,30.35793921,0,29.80433523,70.57781386,3.355,2.384336168
11,2,9.5,NaN,639.2,111.2,712.6862913,30.17268057,31.25850786,0,31.03244357,62.91239567,3.529,2.33169412
11,2,10,NaN,700.8,124.4,758.896036,33.00942832,32.30752188,0,32.31088421,60.00413402,3.061,2.33169412
11,2,10.5,NaN,412.6,79.8,455.496055,20.37300654,33.05964514,0,32.50214699,58.4050898,3.444,2.33169412
11,2,11,NaN,508.6,97.2,563.2307741,25.27284356,33.67321938,0,32.61287807,57.51562146,2.685,2.33169412
11,2,11.5,NaN,660.2,121.6,729.8499107,32.75154216,34.05917737,0,33.156467,54.19760472,3.207,2.33169412
11,2,12,NaN,554.2,102.4,615.7778552,27.59381898,34.72223341,0,33.68998948,51.65912204,2.57,2.277569142
11,2,12.5,NaN,607.2,110.6,672.5498273,29.91479441,35.30611857,0,31.37470327,56.35631441,6.339,2.277569142
11,2,13,NaN,946.8,165.6,1039.323172,46.67739473,36.50357797,0,30.24725955,62.61257488,6.074,2.277569142
11,2,13.5,NaN,514.2,91.4,575.1132799,26.04650203,36.99839591,0,30.31772478,62.41269436,5.675,2.277569142
11,2,14,NaN,136.8,26.8,160.2818002,7.478698603,36.70150515,0,28.68695797,68.11928339,3.824,2.277569142
11,2,14.5,NaN,112.2,23,127.8029511,6.18926781,35.95927824,0,27.8111758,71.53724039,3.664,2.277569142
11,2,15,NaN,104.8,21.6,118.0328908,5.157723175,35.12798411,0,27.24745394,74.73532881,3.343,2.277569142
11,2,15.5,NaN,115.2,23.4,129.9153966,6.962926286,34.45503172,0,26.50253577,77.18386526,2.597,2.277569142
11,2,16,NaN,111.8,23,127.5388954,6.705040127,33.97011014,0,26.46226992,78.35316634,2.838,2.277569142
11,2,16.5,NaN,99.2,20.2,113.2798885,5.157723175,33.58415215,0,26.50253577,79.83228223,2.471,2.221890279
11,2,17,NaN,65,13.2,75.78398133,3.868292381,33.29715775,0,26.56293454,79.95221055,1.428,2.221890279
11,2,17.5,NaN,32.2,7,38.28807419,1.805203111,33.00026699,0,26.51260223,79.58243157,1.062,2.221890279
11,2,18,NaN,5.4,1.2,6.337336418,0.257886159,32.70337623,0,26.43207054,79.95221055,1.032,2.221890279
11,2,18.5,NaN,0,0,0,0,32.42627818,0,26.20054191,81.45131449,2.008,2.221890279
11,2,19,NaN,0,0,0,0,32.14918014,0,26.00927914,82.65059765,2.129,2.221890279
11,2,19.5,NaN,0,0,0,0,31.89187481,0,25.89854806,83.55006002,1.493,2.221890279
11,2,20,NaN,0,0,0,0,31.66425856,0,25.85828221,83.74994055,1.198,2.221890279
11,2,20.5,NaN,0,0,0,0,31.48612411,0,25.69721883,84.44952239,0.965,2.221890279
11,2,21,NaN,0,0,0,0,31.34757508,0,25.52608898,85.54886528,1.415,2.221890279
11,2,21.5,NaN,0,0,0,0,31.18923334,0,25.49588959,86.34838739,1.07,2.221890279
11,2,22,NaN,0,0,0,0,31.03089161,0,25.51602251,86.94802897,0.48,2.221890279
11,2,22.5,NaN,0,0,0,0,30.9121353,0,25.57642128,87.54767055,0.192,2.221890279
11,2,23,NaN,0,0,0,0,30.81317171,0,25.59655421,87.84749134,0.66,2.221890279
11,2,23.5,NaN,0,0,0,0,30.72410449,0,25.53615544,87.9474316,1.266,2.221890279
11,3,0,NaN,0,0,0,0,30.64493362,0,25.59655421,88.34719265,1.997,2.221890279
11,3,0.5,NaN,0,0,0,0,30.54597003,0,25.26436097,88.24725239,0.841,2.221890279
11,3,1,NaN,0,0,0,0,30.4569028,0,25.02276589,88.34719265,0.674,2.221890279
11,3,1.5,NaN,0,0,0,0,30.36783557,0,24.77110434,88.64701344,1.792,2.221890279
11,3,2,NaN,0,0,0,0,30.25897563,0,24.49930987,88.64701344,2.721,2.221890279
11,3,2.5,NaN,0,0,0,0,30.13032296,0,24.37851233,88.64701344,2.123,2.221890279
11,3,3,NaN,0,0,0,0,30.03135938,0,24.29798064,88.94683423,0.7,2.221890279
11,3,3.5,NaN,0,0,0,0,29.97198122,0,24.25771479,89.44653555,1.01,2.221890279
11,3,4,NaN,0,0,0,0,29.89281035,0,24.14698371,89.94623686,1.506,2.221890279
11,3,4.5,NaN,0,0,0,0,29.80374313,0,24.04631909,90.44593818,1.665,2.221890279
11,3,5,NaN,0,0,0,0,29.70477954,0,24.06645202,90.64581871,1.959,2.221890279
11,3,5.5,NaN,5.4,1.2,6.337336418,0.257886159,29.61571231,0,24.06645202,90.84569923,1.612,2.221890279
11,3,6,NaN,32.6,7.2,36.4396844,1.805203111,29.5464378,0,24.16711663,90.9456395,2.097,2.221890279
11,3,6.5,NaN,78.8,16.6,88.45865416,4.384064698,29.48705965,0,24.4389111,90.9456395,2.34,2.221890279
11,3,7,NaN,130.8,27.8,146.286849,7.220812445,29.48705965,0,24.8617025,90.54587844,1.783,2.221890279
11,3,7.5,NaN,209.4,44.4,227.8800553,11.08910483,29.56623052,0,25.42542436,89.74635634,1.305,2.221890279
11,3,8,NaN,267.8,59.4,317.6589879,14.44162489,29.7146759,0,25.81801637,87.54767055,1.514,2.164581728
11,3,8.5,NaN,318.6,65.4,351.7221712,15.73105568,30.06104845,0,26.45220346,83.55006002,1.712,2.164581728
11,3,9,NaN,435.8,87.2,471.6034517,21.14666502,30.49648823,0,27.40851733,77.64359047,1.938,2.164581728
11,3,9.5,NaN,637.8,119.8,688.1291127,30.17268057,31.00120253,0,28.48562874,71.8070791,1.85,2.164581728
11,3,10,NaN,692.8,126.2,757.0476462,33.00942832,31.55539862,0,29.77413585,66.75010178,2.121,2.164581728
11,3,10.5,NaN,786.6,141.6,859.7653073,37.90926533,32.38669275,0,30.65998448,60.55380546,2.605,2.105562403
11,3,11,NaN,672.4,119.6,739.6199711,32.23576984,33.46539585,0,31.38476973,57.69551394,2.699,2.105562403
11,3,11.5,NaN,865.6,154.8,943.4709592,41.51967156,34.30658634,0,32.14982083,54.92716865,3.037,2.105562403
11,3,12,NaN,643.6,115.4,708.4614003,31.20422521,35.54363118,0,32.69340976,54.64733591,3.232,2.105562403
11,3,12.5,NaN,898,155.8,980.4387549,43.58276083,36.63223064,0,32.82427377,53.88778991,3.379,2.105562403
11,3,13,NaN,783.8,136.6,869.5353676,39.19869613,37.91875727,0,33.26719808,52.72848286,4.172,2.04474546
11,3,13.5,NaN,670.4,118.6,753.0868109,33.78308679,38.23544075,0,32.93500484,54.30753901,5.048,2.04474546
11,3,14,NaN,768.8,137.2,850.2593027,38.68292381,38.49274608,0,32.80414084,53.66792133,3.731,2.04474546
11,3,14.5,NaN,585,108.6,645.8802032,29.91479441,38.55212423,0,33.45846086,50.93955214,4.139,2.04474546
11,3,15,NaN,526.2,100.4,583.0349504,27.07804667,38.31461162,0,33.52892609,48.70089025,4.301,1.982037751
11,3,15.5,NaN,504,100,560.3261616,26.56227435,38.05730629,0,34.0523821,45.41285559,4.272,1.982037751
11,3,16,NaN,304.2,63.6,353.8346166,17.27837264,37.78020825,0,34.06244856,46.30232393,4.041,1.982037751
11,3,16.5,NaN,290.6,66.6,321.8838789,16.246828,37.41404298,0,33.73025533,47.65151749,2.878,1.982037751
11,3,17,NaN,218.6,51.4,234.2173918,12.12064946,36.90932868,0,33.95171748,45.24295714,2.974,1.982037751
11,3,17.5,NaN,98,18.8,105.6222736,4.899837016,36.50357797,0,33.76045471,44.28353062,2.41,1.982037751
11,3,18,NaN,12.4,3,13.73089557,0.773658476,36.08793091,0,32.894739,45.84259872,1.727,1.982037751
11,3,18.5,NaN,0,0,0,0,35.74155835,0,31.54583312,51.25936099,1.08,1.982037751
11,3,19,NaN,0,0,0,0,35.33580765,0,30.0761297,59.3145462,1.539,1.982037751
11,3,19.5,NaN,0,0,0,0,34.82119699,0,29.00908475,66.9100062,3.099,1.982037751
11,3,20,NaN,0,0,0,0,34.25710455,0,28.60642628,70.57781386,1.498,1.982037751
11,3,20.5,NaN,0,0,0,0,33.83156112,0,28.08297027,72.82646978,1.578,1.982037751
11,3,21,NaN,0,0,0,0,33.51487764,0,27.57964718,75.29499428,1.776,1.91733923
11,3,21.5,NaN,0,0,0,0,33.21798688,0,27.26758686,77.67357255,2.656,1.91733923
11,3,22,NaN,0,0,0,0,32.91119976,0,27.34811856,77.28380552,2.403,1.91733923
11,3,22.5,NaN,0,0,0,0,32.66379079,0,27.41858379,77.7335367,1.084,1.91733923
11,3,23,NaN,0,0,0,0,32.51534541,0,27.19712163,78.65298713,0.299,1.91733923
11,3,23.5,NaN,0,0,0,0,32.37679639,0,26.96559301,79.85227028,0.268,1.91733923
11,4,0,NaN,0,0,0,0,32.22835101,0,26.45220346,81.75113528,0.522,1.91733923
11,4,0.5,NaN,0,0,0,0,32.06011291,0,26.0998773,83.05035871,0.137,1.91733923
11,4,1,NaN,0,0,0,0,31.8720821,0,25.77775052,84.74934318,1.053,1.91733923
11,4,1.5,NaN,0,0,0,0,31.64446585,0,25.5462219,85.84868607,1.178,1.91733923
11,4,2,NaN,0,0,0,0,31.45643503,0,25.23416158,86.74814844,1.205,1.91733923
11,4,2.5,NaN,0,0,0,0,31.27830057,0,25.01269942,87.34779002,1.114,1.91733923
11,4,3,NaN,0,0,0,0,31.11006248,0,24.72077203,87.54767055,1.274,1.91733923
11,4,3.5,NaN,0,0,0,0,30.95172074,0,24.52950926,88.14731213,1.19,1.91733923
11,4,4,NaN,0,0,0,0,30.81317171,0,24.47917695,88.74695371,1.149,1.91733923
11,4,4.5,NaN,0,0,0,0,30.67462269,0,24.39864526,89.34659529,1.219,1.91733923
11,4,5,NaN,0.2,0,0.264055684,0,30.55586639,0,24.37851233,89.8462966,0.899,1.91733923
11,4,5.5,NaN,8.2,1.8,11.35439441,0.515772317,30.4569028,0,24.48924341,90.04617713,1.911,1.91733923
11,4,6,NaN,40.4,9.6,52.81113681,2.836747746,30.32825014,0,24.66037326,90.34599792,0.874,1.91733923
11,4,6.5,NaN,119,28.6,133.8762318,7.220812445,30.06104845,0,25.40529143,89.94623686,2.051,1.91733923
11,4,7,NaN,148.4,31.8,181.6703106,8.768129397,29.91260307,0,25.6770859,88.44713292,2.054,1.91733923
11,4,7.5,NaN,390,81,306.8327049,19.34146191,29.91260307,0,26.82466254,86.24844713,2.283,1.91733923
11,4,8,NaN,393.8,108.8,596.2377346,26.30438819,30.04125573,0,28.54602751,79.35256897,2.425,1.91733923
11,4,8.5,NaN,413.8,81.6,472.9237302,20.88877886,30.58555546,0,30.08619616,68.22921768,3.007,1.91733923
11,4,9,NaN,446,86,505.4025793,22.43609581,31.34757508,0,31.22370634,61.84303486,3.635,1.850542278
11,4,9.5,NaN,499.6,95.6,563.4948298,25.0149574,32.03042384,0,32.00889036,58.14524512,3.743,1.850542278
11,4,10,NaN,879,153.2,954.8253536,41.00389924,32.58461992,0,32.99540362,53.67791536,4.395,1.850542278
11,4,10.5,NaN,880.2,151.2,940.8304023,42.03544387,33.37632862,0,33.89131871,50.43985083,4.436,1.850542278
11,4,11,NaN,851.4,148.6,960.6345786,42.55121619,34.75192248,0,34.43490765,49.04068714,4.318,1.781530951
11,4,11.5,NaN,792.4,139.8,908.6156089,40.23024076,36.04834547,0,34.90803135,48.17120685,4.074,1.781530951
11,4,12,NaN,491.8,88.2,547.1233774,24.75707124,37.65155558,0,35.06909474,48.12123672,3.508,1.781530951
11,4,12.5,NaN,73,15.2,83.17754048,3.868292381,37.80989732,0.1,31.61629835,57.9853407,5.785,1.781530951
11,4,13,NaN,60.8,10.6,76.57614838,3.094633905,37.7208301,6.4,26.29114007,80.85167292,7.722,1.781530951
11,4,13.5,NaN,76.4,14.2,90.83515532,3.610406222,35.69207656,1.8,25.31469328,86.84808871,3.896,1.91733923
11,4,14,NaN,126.8,24.4,145.4946819,5.673495492,33.96021378,0.1,26.00927914,87.84749134,1.9,2.164581728
11,4,14.5,NaN,203.8,40.8,226.8238326,9.283901714,33.11902329,0,26.24080776,87.24784976,2.543,2.221890279
11,4,15,NaN,265.2,53.2,299.9672571,12.63642178,32.88151068,0,26.69379854,85.2490445,2.022,2.277569142
11,4,15.5,NaN,209.8,43,241.6109509,10.57333251,32.91119976,0,27.48904902,83.35017949,1.372,2.277569142
11,4,16,NaN,135.6,28,157.6412434,7.220812445,32.88151068,0,27.91184042,81.1514937,2.063,2.33169412
11,4,16.5,NaN,58.6,11.8,71.03097901,3.352520064,32.89140704,0,28.10310319,80.45191186,2.548,2.33169412
11,4,17,NaN,42,8.8,49.90652429,1.805203111,32.72316895,0,27.96217273,83.05035871,2.173,2.33169412
11,4,17.5,NaN,28.4,6.2,32.74290482,1.547316952,32.40648547,0,27.64004595,84.34958213,2.016,2.33169412
11,4,18,NaN,3.2,0.6,3.696779577,0,32.11949106,0,27.24745394,85.2490445,1.777,2.33169412
11,4,18.5,NaN,0,0,0,0,31.83249666,0,27.11658994,86.24844713,2.02,2.33169412
11,4,19,NaN,0,0,0,0,31.55539862,0,26.90519424,86.84808871,1.401,2.33169412
11,4,19.5,NaN,0,0,0,0,31.28819693,0,26.64346623,87.44773029,2.131,2.33169412
11,4,20,NaN,0,0,0,0,31.09026976,0,26.55286808,87.64761081,1.987,2.33169412
11,4,20.5,NaN,0,0,0,0,30.90223894,0,26.60320039,87.54767055,1.444,2.33169412
11,4,21,NaN,0,0,0,0,30.73400084,0,26.50253577,88.04737186,2.024,2.33169412
11,4,21.5,NaN,0,0,0,0,30.59545182,0,26.15020961,88.34719265,1.974,2.384336168
11,4,22,NaN,0,0,0,0,30.46679916,0,26.13007668,88.64701344,2.255,2.384336168
11,4,22.5,NaN,0,0,0,0,30.32825014,0,26.08981083,88.54707318,1.973,2.384336168
11,4,23,NaN,0,0,0,0,30.19959747,0,25.97907976,88.64701344,2.005,2.384336168
11,4,23.5,NaN,0,0,0,0,30.09073753,0,25.8079499,89.54647581,2.043,2.384336168
11,5,0,NaN,0,0,0,0,29.97198122,0,25.64688652,90.14611739,0.746,2.384336168
11,5,0.5,NaN,0,0,0,0,29.86312128,0,25.59655421,90.44593818,1.74,2.384336168
11,5,1,NaN,0,0,0,0,29.72457226,0,25.29456035,90.84569923,1.496,2.384336168
11,5,1.5,NaN,0,0,0,0,29.64540139,0,25.22409512,91.04557976,0.588,2.384336168
11,5,2,NaN,0,0,0,0,29.59591959,0,25.3348262,91.34540055,1.22,2.384336168
11,5,2.5,NaN,0,0,0,0,29.5464378,0,25.36502559,91.44534081,1.096,2.384336168
11,5,3,NaN,0,0,0,0,29.496956,0,25.4656902,91.64522134,0.868,2.384336168
11,5,3.5,NaN,0,0,0,0,29.44747421,0,25.42542436,91.94504213,1.038,2.384336168
11,5,4,NaN,0,0,0,0,29.36830334,0,25.29456035,92.34480318,0.704,2.384336168
11,5,4.5,NaN,0,0,0,0,29.29902883,0,25.18382927,92.44474344,0.839,2.384336168
11,5,5,NaN,0.2,0,0,0,29.21985796,0,25.10329758,92.54468371,0.296,2.384336168
11,5,5.5,NaN,7.2,1.4,7.657614838,0.257886159,29.16047981,0,25.03283235,92.8445045,1.037,2.384336168
11,5,6,NaN,51.2,11.4,53.33924818,2.578861587,29.0912053,0,25.21402866,93.14432529,1.235,2.384336168
11,5,6.5,NaN,173.8,40,184.3108675,8.768129397,28.95265628,0,25.72741821,92.94444476,1.785,2.384336168
11,5,7,NaN,211.4,46.6,236.5938929,10.83121867,28.82400361,0,26.06967791,92.04498239,1.858,2.384336168
11,5,7.5,NaN,315.2,65.6,236.5938929,15.21528337,28.94275992,0,26.46226992,91.34540055,1.659,2.384336168
11,5,8,NaN,347.6,91.4,508.3071918,21.14666502,29.0417235,0,27.01592532,89.74635634,1.654,2.384336168
11,5,8.5,NaN,529.8,100.2,593.0690664,23.7255266,29.36830334,0,27.61991303,86.14850686,1.737,2.384336168
11,5,9,NaN,690.4,123.4,759.4241474,29.3990221,29.86312128,0,28.39503058,80.15209107,2.234,2.384336168
11,5,9.5,NaN,759.6,132.6,839.4330196,32.23576984,30.6251409,0,29.61307246,71.72712689,2.405,2.384336168
11,5,10,NaN,825.4,141.8,908.3515532,34.81463143,31.60488041,0,31.02237711,65.69073499,2.116,2.384336168
11,5,10.5,NaN,752.6,134.8,849.995247,33.26731448,32.70337623,0,31.8679599,61.26338133,1.555,2.33169412
11,5,11,NaN,786.8,147.6,874.5524256,35.84617606,33.78207933,0,32.40148237,58.28516149,1.961,2.33169412
11,5,11.5,NaN,656,123,725.0969084,29.91479441,34.64306254,0,32.99540362,55.90658322,1.661,2.33169412
11,5,12,NaN,750.8,138.4,832.0394605,34.29885911,35.80093651,0,33.53899255,54.84721643,1.651,2.33169412
11,5,12.5,NaN,786.8,146,859.5012516,35.84617606,37.31507939,0,34.11278087,52.73847688,1.86,2.33169412
11,5,13,NaN,415.6,82.6,464.738004,19.85723422,37.40414662,0,34.03224918,51.99891893,1.919,2.33169412
11,5,13.5,NaN,316,64,360.1719531,15.47316952,36.79057238,0,34.00204979,51.29933709,1.58,2.33169412
11,5,14,NaN,574.8,112.4,632.9414747,27.07804667,36.34523623,0,34.06244856,50.64972538,3.692,2.33169412
11,5,14.5,NaN,209.8,40.8,241.8750066,9.283901714,36.32544352,0.6,29.83453462,70.91761075,3.983,2.33169412
11,5,15,NaN,241.8,47,277.7865796,10.83121867,35.66238748,0.2,29.87480046,74.52545426,2.751,2.33169412
11,5,15.5,NaN,66,13.6,76.84020406,3.094633905,34.72223341,0.2,28.08297027,78.28320815,3.307,2.33169412
11,5,16,NaN,30.2,6.8,35.38346166,1.805203111,34.04928101,0.1,27.52931487,81.95101581,3.056,2.33169412
11,5,16.5,NaN,20.6,4.8,23.2369002,1.805203111,33.30705411,0,26.80452962,82.75053792,3.495,2.33169412
11,5,17,NaN,26,6.2,27.98990251,1.805203111,32.68358351,0.1,26.56293454,84.24964186,2.636,2.33169412
11,5,17.5,NaN,16,3.6,17.95578652,0.773658476,32.17886922,0,26.50253577,84.1497016,0.873,2.33169412
11,5,18,NaN,3.8,0.6,4.224890945,0,31.80280759,0.1,26.10994376,83.55006002,1.638,2.33169412
11,5,18.5,NaN,0,0,0,0,31.49602046,0,25.90861452,84.04976134,0.89,2.33169412
11,5,19,NaN,0,0,0,0,31.22881878,0,25.84821575,85.54886528,1.302,2.33169412
11,5,19.5,NaN,0,0,0,0,30.98140981,0,25.79788344,86.24844713,0.592,2.33169412
11,5,20,NaN,0,0,0,0,30.75379356,0,25.95894683,87.04796923,0.112,2.33169412
11,5,20.5,NaN,0,0,0,0,30.56576275,0.1,25.74755113,87.74755107,0.428,2.33169412
11,5,21,NaN,0,0,0,0,30.38762829,0,25.48582313,88.14731213,1.41,2.33169412
11,5,21.5,NaN,0,0,0,0,30.19959747,0,25.39522497,88.74695371,1.046,2.33169412
11,5,22,NaN,0,0,0,0,30.04125573,0,25.36502559,89.24665502,0.578,2.33169412
11,5,22.5,NaN,0,0,0,0,29.91260307,0,25.29456035,89.8462966,0.436,2.33169412
11,5,23,NaN,0,0,0,0,29.80374313,0,25.27442743,90.14611739,0.825,2.33169412
11,5,23.5,NaN,0,0,0,0,29.67509046,0,25.10329758,90.44593818,2.22,2.33169412
11,6,0,NaN,0,0,0,0,29.55633416,0,25.0730982,90.84569923,0.745,2.33169412
11,6,0.5,NaN,0,0,0,0,29.45737057,0,25.01269942,91.54528108,1.244,2.33169412
11,6,1,NaN,0,0,0,0,29.36830334,0,24.92210127,91.84510187,1.686,2.33169412
11,6,1.5,NaN,0,0,0,0,29.26933975,0,24.82143665,92.04498239,1.799,2.33169412
11,6,2,NaN,0,0,0,0,29.18027253,0,24.93216773,92.34480318,2.61,2.33169412
11,6,2.5,NaN,0,0,0,0,29.10110166,0,25.04289881,92.34480318,2.184,2.33169412
11,6,3,NaN,0,0,0,0,29.07141258,0.1,25.17376281,92.44474344,0.891,2.33169412
11,6,3.5,NaN,0,0,0,0,29.02193079,0,25.02276589,92.34480318,1.949,2.33169412
11,6,4,NaN,0,0,0,0,28.97244899,0,24.89190188,92.14492265,1.69,2.33169412
11,6,4.5,NaN,0,0,0,0,28.94275992,0,24.84156957,92.14492265,2.244,2.33169412
11,6,5,NaN,0.2,0,0,0,28.90317448,0,24.94223419,92.14492265,2.259,2.33169412
11,6,5.5,NaN,15.6,3.4,15.57928536,0.515772317,28.87348541,0,25.03283235,92.24486292,1.952,2.33169412
11,6,6,NaN,97.6,23.8,98.49277016,4.641950857,28.84379633,0,25.27442743,92.34480318,1.312,2.33169412
11,6,6.5,NaN,172.2,41.2,185.1030345,9.283901714,28.61618008,0,26.14014314,91.84510187,0.825,2.33169412
11,6,7,NaN,257.6,56.8,283.8598604,12.89430794,28.42814926,0,26.40187115,90.34599792,1.511,2.33169412
11,6,7.5,NaN,388,80,306.5686492,17.79414495,28.56669829,0,26.64346623,87.24784976,2.224,2.33169412
11,6,8,NaN,348,97.2,547.3874331,21.66243733,28.88338176,0,27.35818502,81.95101581,2.919,2.33169412
11,6,8.5,NaN,583.6,112.4,650.3691498,25.53072971,29.30892519,0,28.52589459,74.40552594,3.313,2.33169412
11,6,9,NaN,613.6,115.6,681.5277206,26.56227435,29.87301764,0,29.72380354,68.0493252,3.435,2.33169412
11,6,9.5,NaN,766,136.2,853.4279709,31.97788368,30.52617731,0,30.69018387,64.67134431,3.936,2.33169412
11,6,10,NaN,808.4,140.2,911.2561657,33.26731448,31.42674595,0,31.49550081,62.12286759,3.19,2.33169412
11,6,10.5,NaN,853.2,148,893.5644349,35.84617606,32.4460709,0,32.35115006,59.28456412,2.832,2.33169412
11,6,11,NaN,841.6,156.4,980.7028106,38.16715149,33.71280482,0,33.1061347,57.15583651,2.975,2.33169412
11,6,11.5,NaN,623.6,118.6,720.0798504,28.36747746,34.71233705,0,33.80072056,54.91717462,1.913,2.277569142
11,6,12,NaN,735.2,137.6,814.083674,32.75154216,35.89990009,0.1,34.08258149,54.34751512,2.165,2.277569142
11,6,12.5,NaN,631.2,121.8,704.2365094,29.14113594,36.60254156,0,34.30404365,53.52800496,1.823,2.277569142
11,6,13,NaN,568.4,111.2,630.3009179,26.04650203,36.66191971,0,34.87783197,50.85959993,1.674,2.277569142
11,6,13.5,NaN,738.6,141.6,800.0887227,33.26731448,36.57285248,0,35.18989228,49.85020328,2.091,2.277569142
11,6,14,NaN,581.4,111.8,638.7506997,26.82016051,36.83015781,0,35.87441168,47.19179228,3.014,2.277569142
11,6,14.5,NaN,463.6,93,515.700751,22.17820965,36.73119422,0,35.3710886,49.15062143,1.852,2.277569142
11,6,15,NaN,144.2,30.8,165.5629139,7.478698603,36.38482167,0,34.9482972,50.53979109,2.064,2.277569142
11,6,15.5,NaN,75.2,16.2,86.87432006,3.868292381,36.1374127,0,31.60623189,65.05111731,3.803,2.277569142
11,6,16,NaN,234.6,53.2,273.0335773,12.12064946,35.57332025,0,30.79084849,71.62718662,2.419,2.277569142
11,6,16.5,NaN,186.6,44.8,219.9583848,10.57333251,34.67275161,0.1,32.51221345,66.44028696,1.974,2.277569142
11,6,17,NaN,57,12.8,72.61531312,3.610406222,34.08886645,0,32.14982083,62.99234788,2.589,2.277569142
11,6,17.5,NaN,49.2,11.2,54.92358229,2.320975429,33.77218297,0,31.76729528,63.57200141,2.414,2.221890279
11,6,18,NaN,13.8,3.6,12.67467284,0.515772317,33.46539585,0,31.58609897,64.87122483,2.04,2.221890279
11,6,18.5,NaN,0.2,0,0,0,33.19819416,0,31.21363988,67.46967167,2.091,2.221890279
11,6,19,NaN,0,0,0,0,32.87161433,0,30.72038325,69.74830968,2.588,2.221890279
11,6,19.5,NaN,0,0,0,0,32.51534541,0,30.36805709,72.21683418,2.321,2.221890279
11,6,20,NaN,0,0,0,0,32.24814373,0,29.95533216,74.22563347,2.585,2.221890279
11,6,20.5,NaN,0,0,0,0,32.02052748,0,29.61307246,75.51486286,2.205,2.221890279
11,6,21,NaN,0,0,0,0,31.8226003,0,29.47214199,75.95460002,1.053,2.221890279
11,6,21.5,NaN,0,0,0,0,31.66425856,0,29.12988229,77.34376968,1.182,2.221890279
11,6,22,NaN,0,0,0,0,31.5356059,0,28.92855306,79.27261676,1.133,2.221890279
11,6,22.5,NaN,0,0,0,0,31.4168496,0,28.59635982,81.45131449,1.864,2.221890279
11,6,23,NaN,0,0,0,0,31.22881878,0,28.1534355,80.3519716,2.222,2.221890279
11,6,23.5,NaN,0,0,0,0,31.01109889,0,28.2842995,76.91402655,2.295,2.221890279
11,7,0,NaN,0,0,0,0,30.86265351,0,28.46549581,74.37554386,1.694,2.221890279
11,7,0.5,NaN,0,0,0,0,30.84286079,0,28.07290381,76.51426549,1.204,2.221890279
11,7,1,NaN,0,0,0,0,30.80327536,0,27.65011241,80.65179239,0.935,2.221890279
11,7,1.5,NaN,0,0,0,0,30.66472633,0,26.98572593,82.15089634,1.446,2.221890279
11,7,2,NaN,0,0,0,0,30.50638459,0,26.76426377,84.1497016,0.974,2.221890279
11,7,2.5,NaN,0,0,0,0,30.35793921,0,26.71393147,85.64880555,1.06,2.221890279
11,7,3,NaN,0,0,0,0,30.22928655,0,26.51260223,86.44832765,1.325,2.221890279
11,7,3.5,NaN,0,0,0,0,30.1204266,0,26.05961145,86.94802897,1.541,2.221890279
11,7,4,NaN,0,0,0,0,29.99177394,0,25.77775052,86.64820818,2.57,2.221890279
11,7,4.5,NaN,0,0,0,0,29.82353584,0,25.78781698,85.2490445,2.616,2.221890279
11,7,5,NaN,0.4,0,0.528111368,0,29.73446861,0,25.85828221,85.04916397,1.523,2.221890279
11,7,5.5,NaN,10.4,2.4,15.05117399,0.515772317,29.67509046,0,25.71735175,85.94862634,1.694,2.221890279
11,7,6,NaN,83.8,23,84.76187458,4.641950857,29.50685236,0,26.27100715,87.04796923,0.95,2.221890279
11,7,6.5,NaN,186.2,47.4,195.6652619,10.05756019,29.11099802,0,27.62997949,85.94862634,1.381,2.221890279
11,7,7,NaN,293.2,68.4,314.4903197,14.18373873,28.97244899,0,28.27423304,81.55125476,2.688,2.221890279
11,7,7.5,NaN,385,85.4,312.1138186,18.30991727,29.13079073,0.1,29.25067983,71.9969656,3.711,2.221890279
11,7,8,NaN,341.2,100.6,536.0330386,21.92032349,29.44747421,0,30.57945279,63.24219854,5.002,2.221890279
11,7,8.5,NaN,597.6,113.8,640.8631452,25.53072971,29.92249943,0,31.80756113,58.39509578,4.897,2.164581728
11,7,9,NaN,682.6,124.2,756.2554792,28.36747746,30.51628095,0,32.80414084,54.92716865,5.58,2.164581728
11,7,9.5,NaN,758.4,132.4,839.961131,31.20422521,31.2486115,0,33.35779624,53.13823793,5.841,2.164581728
11,7,10,NaN,821.6,139.6,903.0704395,33.78308679,32.24814373,0,33.94165102,52.03889504,5.935,2.164581728
11,7,10.5,NaN,851,144,872.9680915,35.33040375,33.27736503,0,34.48523996,50.04008978,5.432,2.164581728
11,7,11,NaN,683.2,131.2,807.4822819,32.23576984,34.42534264,0,34.77716735,48.83081259,5.643,2.105562403
11,7,11.5,NaN,875.4,159.4,977.5341424,39.19869613,35.28632585,0,35.31068982,47.19179228,5.093,2.105562403
11,7,12,NaN,885.8,157.4,971.7249174,39.19869613,36.70150515,0,35.72341476,45.23296312,5.201,2.105562403
11,7,12.5,NaN,846.8,149.6,945.3193489,38.68292381,37.84948276,0,36.08580738,44.5033992,5,2.105562403
11,7,13,NaN,607.2,111.4,682.0558319,28.36747746,38.59170966,0,36.20660492,44.58335141,4.082,2.105562403
11,7,13.5,NaN,797.6,147.2,871.9118688,36.61983454,38.38388613,0,36.66966217,43.19418175,3.853,2.04474546
11,7,14,NaN,654.8,122.8,721.4001289,30.94633905,38.45316064,0,36.99178894,41.71506585,3.659,2.04474546
11,7,14.5,NaN,536.8,104.4,598.3501801,25.78861587,38.42347156,0,36.92132371,40.97550791,3.998,2.04474546
11,7,15,NaN,463,93,515.1726396,22.69398197,38.22554439,0,36.7401274,40.51578269,4.533,2.04474546
11,7,15.5,NaN,315.6,65.2,362.0203429,15.73105568,37.97813542,0,36.99178894,39.24654135,4.111,1.982037751
11,7,16,NaN,118.8,25,146.0227933,6.705040127,37.69114102,0,36.45826647,43.77383527,2.364,1.982037751
11,7,16.5,NaN,124.8,28,148.3992944,7.220812445,37.17653037,0,35.86434522,45.27293922,1.557,1.982037751
11,7,17,NaN,75.8,16.4,90.30704395,4.12617854,36.56295613,0,35.46168675,51.13943267,1.036,1.982037751
11,7,17.5,NaN,39.8,9,43.0410765,2.06308927,36.19679085,0,34.42484119,56.15643388,2.379,1.982037751
11,7,18,NaN,9.6,2.6,8.44978189,0.257886159,35.79104015,0,33.45846086,59.81424752,2.466,1.982037751
11,7,18.5,NaN,0.2,0,0,0,35.37539308,0,32.64307745,62.55261073,2.128,1.982037751
11,7,19,NaN,0,0,0,0,34.93005694,0,32.05922267,65.23100978,1.762,1.982037751
11,7,19.5,NaN,0,0,0,0,34.55399531,0,31.50556727,67.90940883,1.803,1.982037751
11,7,20,NaN,0,0,0,0,34.15814096,0,30.99217772,69.40851278,1.81,1.982037751
11,7,20.5,NaN,0,0,0,0,33.76228661,0,30.80091495,71.15746739,2.408,1.982037751
11,7,21,NaN,0,0,0,0,33.46539585,0,30.39825648,72.83646381,2.07,1.982037751
11,7,21.5,NaN,0,0,0,0,33.27736503,0,29.92513277,75.10510778,2.61,1.982037751
11,7,22,NaN,0,0,0,0,33.02995607,0,29.76406938,75.44490468,2.742,1.982037751
11,7,22.5,NaN,0,0,0,0,32.77265074,0,29.63320538,75.9845821,2.559,1.982037751
11,7,23,NaN,0,0,0,0,32.57472356,0,29.46207553,75.48488078,2.827,1.982037751
11,7,23.5,NaN,0,0,0,0,32.40648547,0,29.28087922,75.05513765,2.024,1.982037751
11,8,0,NaN,0,0,0,0,32.26793644,0,28.86815429,76.47428939,0.616,1.982037751
11,8,0.5,NaN,0,0,0,0,32.19866193,0,28.38496412,79.15268844,0.971,1.982037751
11,8,1,NaN,0,0,0,0,32.07000927,0,27.87157457,81.25143397,1.081,1.982037751
11,8,1.5,NaN,0,0,0,0,31.90177117,0,27.5997801,83.35017949,0.724,1.91733923
11,8,2,NaN,0,0,0,0,31.71374036,0,27.39845087,84.04976134,1.75,1.91733923
11,8,2.5,NaN,0,0,0,0,31.57519133,0,27.32798563,84.94922371,1.055,1.91733923
11,8,3,NaN,0,0,0,0,31.42674595,0,27.30785271,85.34898476,1.584,1.91733923
11,8,3.5,NaN,0,0,0,0,31.31788601,0,27.19712163,85.54886528,2.535,1.91733923
11,8,4,NaN,0,0,0,0,31.18923334,0,27.14678932,84.94922371,2.261,1.91733923
11,8,4.5,NaN,0,0,0,0,31.0803734,0,27.1266564,84.1497016,2.47,1.91733923
11,8,5,NaN,0.2,0,0.264055684,0,30.98140981,0,27.08639055,83.74994055,2.293,1.91733923
11,8,5.5,NaN,16.6,4.4,17.69173083,0.773658476,30.90223894,0,26.97565947,83.55006002,2.057,1.91733923
11,8,6,NaN,87.2,23.2,90.04298827,4.641950857,30.70431177,0,27.55951425,83.55006002,1.522,1.91733923
11,8,6.5,NaN,136.8,34.2,150.5117399,7.478698603,30.47669552,0,28.29436596,82.35077686,1.31,1.91733923
11,8,7,NaN,236.2,55.6,259.3026818,11.8627633,30.35793921,0,29.20034752,79.71235391,1.358,1.91733923
11,8,7.5,NaN,381.8,85,322.6760459,18.30991727,30.36783557,0,30.09626262,71.78709104,2.692,1.91733923
11,8,8,NaN,324.6,97.8,506.1947463,21.40455117,30.67462269,0,31.6565642,62.24279591,3.763,1.91733923
11,8,8.5,NaN,488.6,98.4,544.4828205,22.69398197,31.20902606,0,32.66321038,59.39449841,3.995,1.91733923
11,8,9,NaN,559.2,105.2,615.7778552,24.49918508,31.77311851,0,33.34772978,57.63554978,3.816,1.850542278
11,8,9.5,NaN,724.2,131,800.6168341,31.46211137,32.55493085,0,34.18324611,56.19640999,3.465,1.850542278
11,8,10,NaN,726,129.8,805.8979478,31.97788368,33.39612134,0,34.79730027,55.31693567,3.638,1.850542278
11,8,10.5,NaN,484.2,94.8,556.1012706,22.95186813,34.2670009,0,35.22009167,53.6179512,2.965,1.850542278
11,8,11,NaN,307.8,62.4,350.1378371,14.69951105,35.13788047,0,34.41477473,52.78844701,4.062,1.781530951
11,8,11.5,NaN,9.4,2,12.14656147,0.515772317,34.79150792,0.2,27.19712163,71.09750323,9.16,2.04474546
11,8,12,NaN,2.8,0,6.073280733,0,28.97244899,0.3,22.86854307,88.04737186,5.103,4.693607254
11,8,12.5,NaN,7,1,12.41061715,0.257886159,27.81457502,0.2,22.80814429,90.64581871,3.456,4.660196267
11,8,13,NaN,16.8,2.6,26.40556841,1.031544635,27.43851339,0.2,23.281268,91.84510187,1.169,4.541279556
11,8,13.5,NaN,49.4,8.6,61.78903007,2.320975429,27.43851339,0.2,23.61346124,92.54468371,2.952,4.450287922
11,8,14,NaN,136.2,24.8,152.096074,6.18926781,27.7255078,0.2,23.90538863,92.64462397,2.249,4.380841875
11,8,14.5,NaN,190.2,36.6,208.8680461,8.768129397,28.23022209,0.3,24.34831295,91.7451616,3.147,4.322333774
11,8,15,NaN,229.2,47,259.8307931,11.08910483,28.77452182,0.2,25.0730982,89.14671476,2.735,4.276592177
11,8,15.5,NaN,125,27,143.1181808,6.18926781,29.24954704,0.3,25.66701944,86.54826792,3.399,4.229145817
11,8,16,NaN,73.6,16,84.4978189,3.610406222,29.3781997,0.2,25.93881391,86.54826792,3.954,4.196514589
11,8,16.5,NaN,113.6,24.8,129.9153966,5.673495492,29.41778514,0.3,26.20054191,84.84928344,3.659,4.163043047
11,8,17,NaN,75.4,16.8,85.55404164,3.868292381,29.41778514,0.2,26.35153884,82.45071713,3.589,4.128694494
11,8,17.5,NaN,25.4,5.8,29.04612525,1.031544635,29.34851062,0.2,26.34147238,82.15089634,1.982,4.111179251
11,8,18,NaN,3.4,0.6,4.224890945,0,29.27923611,0.2,26.13007668,83.55006002,1.075,4.075441329
11,8,18.5,NaN,0.2,0,0,0,29.20006524,0.1,25.95894683,85.64880555,1.45,4.057207964
11,8,19,NaN,0.6,0,0,0,29.10110166,0.1,25.45562374,87.1479095,1.684,4.038724253
11,8,19.5,NaN,0.2,0,0,0,29.00213807,0,25.15362989,87.74755107,2.276,4.019984414
11,8,20,NaN,0.4,0,0,0,28.84379633,0.1,25.04289881,87.54767055,0.541,4.000982477
11,8,20.5,NaN,0.6,0,0,0,28.77452182,0,24.89190188,88.34719265,0.905,3.981712275
11,8,21,NaN,0.6,0,0,0,28.70524731,0,24.68050619,89.0467745,1.591,3.962167436
11,8,21.5,NaN,0.4,0,0,0,28.61618008,0.1,24.38857879,89.64641608,1.403,3.942341374
11,8,22,NaN,0.6,0,0,0,28.52711285,0,24.20738248,89.74635634,1.759,3.942341374
11,8,22.5,NaN,0.6,0,0,0,28.43804562,0,24.22751541,90.04617713,2.265,3.922227279
11,8,23,NaN,0.6,0,0,0,28.33908204,0.1,24.31811356,90.34599792,2.461,3.901818108
11,8,23.5,NaN,0.6,0,0,0,28.26980752,0,24.45904403,90.74575897,2.517,3.901818108
11,9,0,NaN,0.6,0,0,0,28.22032573,0.1,24.4389111,91.24546029,2.177,3.881106577
11,9,0.5,NaN,0.6,0,0,0,28.17084394,0,24.26778125,91.54528108,0.929,3.881106577
11,9,1,NaN,1.2,0,0,0,28.1312585,0,24.1771831,91.64522134,0.97,3.860085144
11,9,1.5,NaN,1.4,0,0,0,28.10156943,0,23.97585386,91.94504213,1.937,3.860085144
11,9,2,NaN,1.4,0,0,0,28.07188035,0,24.01611971,92.04498239,1.874,3.838746003
11,9,2.5,NaN,1.4,0,0,0,28.0125022,0.1,23.93558801,92.14492265,2.246,3.838746003
11,9,3,NaN,1.4,0,0,0,27.94322769,0,23.89532217,92.24486292,1.346,3.817081071
11,9,3.5,NaN,1.4,0,0,0,27.90364225,0,23.8349234,92.34480318,1.554,3.817081071
11,9,4,NaN,1.4,0,0,0,27.8442641,0,23.74432524,92.44474344,1.538,3.817081071
11,9,4.5,NaN,1.4,0,0,0,27.78488595,0,23.60339478,92.54468371,1.609,3.795081971
11,9,5,NaN,1.4,0,0.264055684,0,27.7255078,0,23.17053692,92.54468371,0.576,3.795081971
11,9,5.5,NaN,13,2.8,13.99495126,0.515772317,27.676026,0,22.89874245,92.94444476,0.255,3.795081971
11,9,6,NaN,90.8,23.4,90.30704395,4.384064698,27.5077879,0,23.42219846,93.34420581,0.736,3.772740025
11,9,6.5,NaN,146,36.2,158.9615218,7.478698603,27.14162263,0,23.95572094,92.64462397,1.862,3.772740025
11,9,7,NaN,237,55,262.2072943,11.08910483,27.04265904,0.1,24.27784771,92.14492265,2.095,3.772740025
11,9,7.5,NaN,352.8,79.6,308.417039,15.47316952,27.23068986,0,24.7811708,90.84569923,1.63,3.750046232
11,9,8,NaN,305.4,88.8,461.0412244,18.05203111,27.676026,0.1,25.34489266,88.34719265,2.047,3.750046232
11,9,8.5,NaN,271.8,60,307.0967606,12.37853562,28.38856383,0,25.66701944,84.44952239,1.836,3.750046232
11,9,9,NaN,505,107.8,544.4828205,20.88877886,29.0912053,0.1,26.703865,79.86226431,1.803,3.726991262
11,9,9.5,NaN,627.2,127.2,671.2295489,25.78861587,29.57612687,0,27.75077703,75.50486883,1.517,3.726991262
11,9,10,NaN,863.8,161,935.8133443,33.26731448,30.19959747,0,28.93861952,70.00815436,1.704,3.703565429
11,9,10.5,NaN,771.8,153,836.0002957,32.493656,31.47622775,0.1,30.01573093,65.40090823,1.143,3.703565429
11,9,11,NaN,885,165.2,969.6124719,35.58828991,32.75285802,0,30.90157957,61.32334549,1.274,3.679758684
11,9,11.5,NaN,683.8,136.8,785.8297158,29.65690825,34.23731183,0,31.6565642,58.15523915,1.808,3.65556059
11,9,12,NaN,756.4,147,842.6016878,31.71999752,34.96964237,0,32.2102196,54.55738967,1.536,3.65556059
11,9,12.5,NaN,897.8,170.6,994.6977619,37.65137918,37.0478777,0,33.14640054,52.38868596,1.873,3.630960307
11,9,13,NaN,865.2,166.6,958.7861888,36.61983454,38.44326428,0,33.50879317,49.00071104,1.635,3.605946568
11,9,13.5,NaN,808.4,158.6,899.3736599,35.07251759,37.86927548,0,34.16311318,46.11243743,1.946,3.605946568
11,9,14,NaN,748.8,150.2,834.6800173,33.00942832,37.34476846,0,34.45504057,44.51339322,2.48,3.580507661
11,9,14.5,NaN,677,139.6,754.4070894,30.43056673,37.66145194,0.1,34.7369015,43.99370385,2.107,3.554631403
11,9,15,NaN,591.8,125.8,659.3470431,27.33593283,38.1760626,0,34.83756612,43.38406825,2.587,3.554631403
11,9,15.5,NaN,491.8,109.8,549.4998785,23.46764044,38.15626988,0,35.10936059,42.86437888,2.17,3.528305116
11,9,16,NaN,341.4,81.2,387.1056328,17.02048648,37.74062281,0,35.11942705,42.32470146,1.865,3.528305116
11,9,16.5,NaN,195.4,48.2,226.0316656,10.57333251,36.80046874,0,34.85769904,43.77383527,1.978,3.501515604
11,9,17,NaN,131.6,34,149.1914615,7.220812445,35.8504183,0,34.56577165,47.26175046,1.729,3.501515604
11,9,17.5,NaN,45,10.8,52.28302544,2.320975429,34.93005694,0,33.88125225,50.85959993,1.667,3.501515604
11,9,18,NaN,8.6,2,9.506004626,0.257886159,34.18783003,0,32.6833433,55.96654738,2.147,3.501515604
11,9,18.5,NaN,0,0,0,0,33.56435944,0.1,31.37470327,60.22400259,2.552,3.474249121
11,9,19,NaN,0,0,0,0,32.93099248,0,30.68011741,61.12346496,1.742,3.474249121
11,9,19.5,NaN,0,0,0,0,32.39658911,0,30.35799063,61.89300499,2.766,3.474249121
11,9,20,NaN,0,0,0,0,31.97104568,0,29.98553154,66.06051396,1.807,3.474249121
11,9,20.5,NaN,0,0,0,0,31.6543622,0,29.75400292,68.75890107,2.826,3.474249121
11,9,21,NaN,0,0,0,0,31.3673678,0,29.55267369,70.36793931,2.942,3.474249121
11,9,21.5,NaN,0,0,0,0,31.13975155,0,29.08961645,72.17685807,2.366,3.446491342
11,9,22,NaN,0,0,0,0,30.98140981,0,28.77755613,73.3261711,1.312,3.446491342
11,9,22.5,NaN,0,0,0,0,30.88244622,0,28.4956952,76.05454028,1.319,3.446491342
11,9,23,NaN,0,0,0,0,30.73400084,0,27.95210626,77.18386526,2.178,3.446491342
11,9,23.5,NaN,0,0,0,0,30.52617731,0,27.92190688,76.79409823,2.419,3.446491342
11,10,0,NaN,0,0,0,0,30.35793921,0,27.93197334,78.3031962,2.161,3.446491342
11,10,0.5,NaN,0,0,0,0,30.26887198,0,27.57964718,79.90224041,1.402,3.418227335
11,10,1,NaN,0,0,0,0,30.18970111,0.1,27.28771979,81.35137423,1.836,3.418227335
11,10,1.5,NaN,0,0,0,0,30.07094481,0,27.09645701,81.85107555,2.199,3.418227335
11,10,2,NaN,0,0,0,0,29.95218851,0,26.74413085,82.05095607,2.865,3.418227335
11,10,2.5,NaN,0,0,0,0,29.80374313,0,26.43207054,81.65119502,2.5,3.418227335
11,10,3,NaN,0,0,0,0,29.69488318,0,26.30120653,81.35137423,2.483,3.418227335
11,10,3.5,NaN,0,0,0,0,29.60581595,0,26.2307413,81.65119502,1.819,3.418227335
11,10,4,NaN,0,0,0,0,29.52664508,0,26.12001022,82.2508366,2.393,3.418227335
11,10,4.5,NaN,0,0,0,0,29.43757785,0,26.06967791,82.75053792,1.968,3.389441522
11,10,5,NaN,0.4,0.2,0.264055684,0,29.34851062,0,25.83814929,83.25023923,1.105,3.389441522
11,10,5.5,NaN,13.4,3.6,13.99495126,0.515772317,29.28913247,0,25.77775052,84.1497016,1.831,3.389441522
11,10,6,NaN,67,17.2,71.03097901,3.352520064,29.13079073,0,26.34147238,83.55006002,3.399,3.389441522
11,10,6.5,NaN,118.2,29.4,133.8762318,6.18926781,28.96255263,0,27.09645701,79.04275415,4.126,3.389441522
11,10,7,NaN,160,39,183.7827561,8.510243238,28.98234535,0.1,27.7306441,75.91462391,4.404,3.389441522
11,10,7.5,NaN,327.6,79,289.9331411,15.73105568,29.00213807,0,28.39503058,74.30558568,4.507,3.389441522
11,10,8,NaN,258.8,71.4,348.2894473,14.18373873,29.15058345,0,29.00908475,71.88703131,5.24,3.360117648
11,10,8.5,NaN,558.6,121.2,617.0981337,24.24129892,29.61571231,0,29.6533383,70.50785568,4.75,3.360117648
11,10,9,NaN,580.4,124.4,646.936426,25.27284356,30.05115209,0,30.26739247,68.20922962,4.808,3.360117648
11,10,9.5,NaN,680.6,142.6,731.6983005,28.88324978,30.5756591,0,30.93177895,66.70013165,4.561,3.360117648
11,10,10,NaN,671.2,139.6,746.4854188,28.36747746,31.29809329,0,31.24383927,65.09109341,4.753,3.330238739
11,10,10.5,NaN,766,156,822.5334559,31.97788368,32.07990563,0,31.74716235,62.70252112,5.196,3.330238739
11,10,11,NaN,561,122.2,614.7216325,24.75707124,32.93099248,0.1,31.71696297,61.89300499,4.681,3.299787062
11,10,11.5,NaN,713.4,151.8,806.6901148,31.46211137,33.72270118,0,32.35115006,59.02471944,4.579,3.299787062
11,10,12,NaN,814.6,168.8,909.4077759,35.33040375,34.88057514,0,33.07593531,57.25577678,3.947,3.299787062
11,10,12.5,NaN,801.8,166.4,896.7331031,35.07251759,35.89990009,0,33.34772978,56.06648765,4.329,3.26874408
11,10,13,NaN,740.4,156.8,826.7583468,32.75154216,36.63223064,0,33.62959071,54.87719851,4.044,3.26874408
11,10,13.5,NaN,712.2,153.2,794.5435533,31.71999752,36.57285248,0,33.87118579,53.91777199,3.955,3.237090405
11,10,14,NaN,698.8,151.8,779.2283237,31.46211137,36.46399254,0,34.23357841,51.74906828,3.682,3.237090405
11,10,14.5,NaN,276.2,63.2,324.26038,13.41008025,36.4244071,0.1,33.84098641,51.3792893,4.134,3.204805749
11,10,15,NaN,160,37,190.6482039,8.252357079,36.00876004,0,33.34772978,53.39808262,3.363,3.204805749
11,10,15.5,NaN,91.4,21.8,104.5660509,4.641950857,35.32591129,0,32.69340976,57.40568717,3.037,3.204805749
11,10,16,NaN,64.2,15.6,72.08720175,3.352520064,34.64306254,0,31.98875744,60.79366209,2.486,3.204805749
11,10,16.5,NaN,61.6,14.8,69.44664491,3.352520064,34.05917737,0,31.56596604,63.07230009,2.13,3.204805749
11,10,17,NaN,46.6,11,52.28302544,2.06308927,33.58415215,0,31.48543435,65.26099186,1.336,3.204805749
11,10,17.5,NaN,23.2,6,25.87745704,1.289430794,33.24767596,0,31.1029088,69.12868004,0.658,3.204805749
11,10,18,NaN,3.4,0.8,4.224890945,0,32.98047427,0,30.65998448,73.27620097,0,3.204805749
11,10,18.5,NaN,0,0,0,0,32.74296166,0,29.90499985,75.92461794,0.546,3.204805749
11,10,19,NaN,0,0,0,0,32.4460709,0,29.61307246,77.90343515,1.705,3.204805749
11,10,19.5,NaN,0,0,0,0,32.13928378,0,28.8379549,80.85167292,1.455,3.204805749
11,10,20,NaN,0,0,0,0,31.88197845,0,28.52589459,82.65059765,1.104,3.204805749
11,10,20.5,NaN,0,0,0,0,31.6543622,0.1,28.14336904,83.55006002,1.637,3.204805749
11,10,21,NaN,0,0,0,0,31.44653867,0,27.80110934,83.25023923,1.897,3.204805749
11,10,21.5,NaN,0,0,0,0,31.28819693,0,27.5997801,83.74994055,2.042,3.204805749
11,10,22,NaN,0,0,0,0,31.13975155,0,27.57964718,84.44952239,1.959,3.204805749
11,10,22.5,NaN,0,0,0,0,31.03089161,0,27.82124226,84.94922371,1.355,3.171868865
11,10,23,NaN,0,0,0,0,30.93192802,0,27.60984656,85.14910423,1.547,3.171868865
11,10,23.5,NaN,0,0,0,0,30.86265351,0,27.55951425,86.24844713,0.736,3.171868865
11,11,0,NaN,0,0,0,0,30.78348264,0,27.3883844,86.54826792,1.941,3.171868865
11,11,0.5,NaN,0,0,0,0,30.60534818,0,26.88506132,84.24964186,2.445,3.171868865
11,11,1,NaN,0,0,0,0,30.4569028,0,26.93539362,80.85167292,2.476,3.171868865
11,11,1.5,NaN,0,0,0,0,30.36783557,0,27.05619117,77.99338139,2.596,3.171868865
11,11,2,NaN,0,0,0,0,30.26887198,0,27.11658994,75.77470755,2.673,3.171868865
11,11,2.5,NaN,0,0,0,0,30.19959747,0,27.20718809,74.16566931,2.449,3.171868865
11,11,3,NaN,0,0,0,0,30.09073753,0,27.2575204,72.55663107,2.324,3.171868865
11,11,3.5,NaN,0,0,0,0,29.97198122,0,27.10652347,72.3767386,2.268,3.171868865
11,11,4,NaN,0,0,0,0,29.88291399,0,26.85486193,73.79589033,1.941,3.171868865
11,11,4.5,NaN,0,0,0,0,29.8334322,0.1,26.45220346,75.51486286,1.7,3.171868865
11,11,5,NaN,0,0,0.264055684,0,29.73446861,0,26.25087422,76.50427147,1.835,3.171868865
11,11,5.5,NaN,9.4,2.4,11.09033873,0.515772317,29.61571231,0,26.22067484,76.82408031,2.852,3.171868865
11,11,6,NaN,57.8,14.8,63.63741986,2.836747746,29.496956,0,26.41193761,76.61420576,2.265,3.171868865
11,11,6.5,NaN,124.6,32,136.7808443,6.18926781,29.42768149,0,27.00585886,75.47488676,2.129,3.171868865
11,11,7,NaN,205.8,51.4,229.4643895,10.31544635,29.47716329,0,27.69037826,73.04633836,2.009,3.171868865
11,11,7.5,NaN,311.6,77.6,317.3949322,14.95739721,29.59591959,0,28.37489766,69.47847096,3.156,3.171868865
11,11,8,NaN,385.2,100.8,493.7841292,19.59934806,29.73446861,0,28.95875244,65.13106952,3.909,3.138257493
11,11,8.5,NaN,639.8,137.6,705.2927321,26.82016051,30.14021932,0,29.74393646,61.75308862,4.991,3.138257493
11,11,9,NaN,669.2,140.8,749.1259757,28.1095913,30.46679916,0,30.39825648,59.5044327,5.012,3.138257493
11,11,9.5,NaN,539.2,113,578.5460038,22.69398197,31.10016612,0,30.37812355,58.72489865,4.961,3.103948293
11,11,10,NaN,815.4,157.4,905.7109963,32.23576984,31.67415492,0,31.33443742,57.36571107,4.23,3.103948293
11,11,10.5,NaN,825.4,163.8,923.6667829,34.04097295,32.53513813,0,32.06928913,53.15822599,4.85,3.068916779
11,11,11,NaN,830.6,168.8,956.937799,35.33040375,33.8117684,0,32.70347622,49.64032872,5.833,3.068916779
11,11,11.5,NaN,878.4,173.6,1003.939711,36.8777207,35.23684406,0,33.39806209,47.89137412,5.923,3.068916779
11,11,12,NaN,894.6,176.2,1006.052156,37.90926533,36.74109058,0,33.82085348,46.51219849,5.632,3.033137246
11,11,12.5,NaN,865.4,172,978.3263095,37.13560686,37.80989732,0,34.21344549,46.51219849,5.23,2.996582688
11,11,13,NaN,850,171.2,960.3705229,37.13560686,38.42347156,0,34.49530642,44.9231483,5.768,2.996582688
11,11,13.5,NaN,794.6,163.2,898.8455485,35.33040375,38.1265808,0,34.77716735,44.17359633,5.718,2.996582688
11,11,14,NaN,725,153.2,822.2694002,33.00942832,37.84948276,0.1,34.98856305,43.09424148,5.953,2.959224716
11,11,14.5,NaN,671.4,145.6,762.3287599,30.94633905,38.06720265,0,35.24022459,41.99489859,5.982,2.921033461
11,11,15,NaN,577.6,129.2,657.2345976,27.33593283,38.49274608,0,35.43148737,42.68448641,5.337,2.921033461
11,11,15.5,NaN,400.4,94.8,462.0974471,19.85723422,38.32450798,0,35.19995875,43.83379943,5.005,2.881977479
11,11,16,NaN,300.6,74.8,353.8346166,15.73105568,37.93854999,0,35.0791612,44.19358438,5.404,2.881977479
11,11,16.5,NaN,255.6,68,297.3267003,13.66796641,37.37445754,0,34.87783197,45.2629452,4.64,2.881977479
11,11,17,NaN,133,36.6,157.3771877,7.994470921,36.77077966,0,34.6060375,46.20238367,3.949,2.881977479
11,11,17.5,NaN,62.6,15.8,73.93559154,3.610406222,36.06813819,0,34.15304672,48.3411053,3.208,2.881977479
11,11,18,NaN,9,2.4,11.35439441,0.515772317,35.43477123,0,33.12626762,51.62913996,2.496,2.881977479
11,11,18.5,NaN,0.2,0,0,0,34.92016058,0,32.09948852,54.77725825,1.933,2.881977479
11,11,19,NaN,0,0,0,0,34.49461716,0,30.81098141,60.50383533,1.3,2.881977479
11,11,19.5,NaN,0,0,0,0,34.09876281,0,29.61307246,64.6313682,1.959,2.881977479
11,11,20,NaN,0,0,0,0,33.65342666,0,29.12988229,67.71952233,1.948,2.881977479
11,11,20.5,NaN,0,0,0,0,33.2377796,0,28.91848659,68.78888315,2.07,2.881977479
11,11,21,NaN,0,0,0,0,32.85182161,0,28.84802136,68.79887718,2.102,2.881977479
11,11,21.5,NaN,0,0,0,0,32.57472356,0,28.82788844,68.05931923,1.931,2.881977479
11,11,22,NaN,0,0,0,0,32.39658911,0,29.25067983,68.50905041,2.252,2.881977479
11,11,22.5,NaN,0,0,0,0,32.20855829,0,29.66340477,63.62197154,2.373,2.881977479
11,11,23,NaN,0,0,0,0,32.04032019,0,30.0761297,61.47325588,2.329,2.881977479
11,11,23.5,NaN,0,0,0,0,31.92156389,0,29.96539862,60.31394883,2.339,2.842023636
11,12,0,NaN,0,0,0,0,31.83249666,0,29.81440169,61.0235247,2.198,2.881977479
11,12,0.5,NaN,0,0,0,0,31.75332579,0,29.88486693,60.70371586,2.69,2.881977479
11,12,1,NaN,0,0,0,0,31.62467313,0,30.09626262,59.49443867,2.68,2.842023636
11,12,1.5,NaN,0,0,0,0,31.51581318,0,30.12646201,59.43447451,3.308,2.842023636
11,12,2,NaN,0,0,0,0,31.39705688,0.1,30.00566447,59.53441478,2.61,2.842023636
11,12,2.5,NaN,0,0,0,0,31.28819693,0,29.70367061,60.62376365,2.155,2.842023636
11,12,3,NaN,0,0,0,0,31.21892242,0,29.28087922,63.14225828,2.201,2.842023636
11,12,3.5,NaN,0,0,0,0,31.16944063,0,28.92855306,65.49085446,3.04,2.842023636
11,12,4,NaN,0,0,0,0,31.07047704,0,28.66682505,66.3003706,2.192,2.842023636
11,12,4.5,NaN,0,0,0,0,30.98140981,0,28.30443243,67.35973739,1.602,2.842023636
11,12,5,NaN,0.2,0,0.264055684,0,30.92203166,0,27.84137518,69.73831565,2.17,2.842023636
11,12,5.5,NaN,11.8,3.2,13.46683989,0.515772317,30.793379,0,27.56958072,71.21743154,2.134,2.842023636
11,12,6,NaN,61,15.8,69.18258922,3.094633905,30.65482997,0,27.44878318,72.21683418,2.388,2.842023636
11,12,6.5,NaN,122.4,31.8,140.7416796,6.447153968,30.50638459,0,27.89170749,72.20684015,2.408,2.842023636
11,12,7,NaN,200,51,227.8800553,10.31544635,30.40742101,0,28.56616043,70.10809462,2.83,2.842023636
11,12,7.5,NaN,318.4,81,314.4903197,15.47316952,30.39752465,0,29.59293953,66.78008386,2.862,2.842023636
11,12,8,NaN,393,105.6,506.7228577,20.37300654,30.67462269,0,30.65998448,63.17224036,3.104,2.842023636
11,12,8.5,NaN,631.4,140,691.0337252,27.33593283,31.1991297,0,31.5760325,58.83483294,4.448,2.801136995
11,12,9,NaN,449.8,102.6,508.3071918,20.37300654,31.703844,0,32.01895682,57.4156812,4.425,2.801136995
11,12,9.5,NaN,436.2,101.6,486.9186814,19.85723422,32.33721096,0,32.03908975,57.40568717,4.28,2.801136995
11,12,10,NaN,401.8,94.2,450.2149413,18.56780343,32.75285802,0,32.51221345,56.73608741,3.905,2.759280685
11,12,10.5,NaN,405.6,95,454.703888,18.56780343,33.07943786,0,32.51221345,57.77546615,3.577,2.759280685
11,12,11,NaN,598.6,134.4,672.2857716,27.07804667,33.4060177,0,33.05580239,54.19760472,4.305,2.759280685
11,12,11.5,NaN,489,113,541.3141523,22.17820965,33.80187205,0,33.12626762,53.88778991,4.092,2.716415763
11,12,12,NaN,727.4,158.2,811.7071728,32.493656,34.39565357,0,33.40812855,50.90957007,4.895,2.716415763
11,12,12.5,NaN,666.4,144,745.1651404,29.91479441,35.02902053,0,33.86111933,48.48102167,4.873,2.672501059
11,12,13,NaN,517.6,116.8,579.8662822,23.46764044,35.32591129,0,33.97185041,49.58036457,3.913,2.672501059
11,12,13.5,NaN,577,127.4,646.6723703,25.78861587,35.54363118,0,33.94165102,50.3898807,3.747,2.627493012
11,12,14,NaN,643.6,140.6,718.4955163,28.88324978,35.73166199,0,34.02218272,50.24996433,3.589,2.627493012
11,12,14.5,NaN,713.4,155.4,796.6559988,32.493656,36.54316341,0,34.43490765,49.2905378,3.156,2.581345488
11,12,15,NaN,287.6,66.2,333.502329,14.18373873,37.20621944,0,34.64630335,48.43105154,2.971,2.581345488
11,12,15.5,NaN,342.8,81.4,389.7461897,16.76260032,37.00829227,0,34.37450888,48.83081259,2.594,2.581345488
11,12,16,NaN,171.8,40.8,201.2104313,8.768129397,36.65202335,0,34.25371134,49.05068117,2.755,2.534009579
11,12,16.5,NaN,102,24.8,120.4093919,5.415609333,36.11761998,0,33.9215181,49.22057962,2.572,2.534009579
11,12,17,NaN,59.6,14,70.50286764,3.094633905,35.61290569,0,33.37792916,51.69909814,1.656,2.534009579
11,12,17.5,NaN,17.2,4.4,19.8041763,0.773658476,35.18736226,0,31.37470327,57.31574094,4.095,2.534009579
11,12,18,NaN,2.6,0.4,1.848389788,0,34.70244069,0,29.81440169,63.89181025,3.127,2.534009579
11,12,18.5,NaN,1.2,0,0,0,34.12845188,0,28.81782198,72.9463981,2.032,2.534009579
11,12,19,NaN,0,0,0,0,33.56435944,0.1,26.9152607,79.29260481,5.391,2.534009579
11,12,19.5,NaN,0,0,0,0,33.12891965,0,26.26094069,82.45071713,3.627,2.534009579
11,12,20,NaN,0,0,0,0,32.71327259,0,25.90861452,84.64940292,3.678,2.534009579
11,12,20.5,NaN,0,0,0,0,32.36690003,0,25.50595605,86.34838739,2.625,2.534009579
11,12,21,NaN,0,0,0,0,32.07990563,0,25.2039622,87.64761081,1.543,2.534009579
11,12,21.5,NaN,0.6,0,0,0,31.8720821,0,25.10329758,88.04737186,1.143,2.534009579
11,12,22,NaN,0.6,0,0,0,31.69394764,0,24.91203481,88.74695371,1.917,2.534009579
11,12,22.5,NaN,0.8,0,0,0,31.49602046,0,24.72077203,89.34659529,1.481,2.534009579
11,12,23,NaN,1,0,0,0,31.28819693,0,24.80130373,89.64641608,2.501,2.534009579
11,12,23.5,NaN,1.2,0,0,0,31.10016612,0,24.73083849,90.34599792,2.98,2.534009579
11,13,0,NaN,1.2,0,0,0,30.89234258,0,24.76103788,91.04557976,2.935,2.534009579
11,13,0.5,NaN,1.2,0,0,0,30.70431177,0,24.71070557,91.44534081,2.595,2.534009579
11,13,1,NaN,1.2,0,0,0,30.55586639,0,24.6503068,91.7451616,1.944,2.534009579
11,13,1.5,NaN,1.2,0,0,0,30.41731737,0,24.63017388,91.94504213,3.399,2.534009579
11,13,2,NaN,0.8,0,0,0,30.26887198,0,24.48924341,92.34480318,2.914,2.534009579
11,13,2.5,NaN,0.6,0,0,0,30.1204266,0,24.44897756,92.54468371,2.788,2.534009579
11,13,3,NaN,0.6,0,0,0,29.97198122,0,24.35837941,92.74456423,1.315,2.534009579
11,13,3.5,NaN,0.6,0,0,0,29.8334322,0,24.25771479,92.8445045,0.601,2.534009579
11,13,4,NaN,0.6,0,0,0,29.70477954,0,24.0966514,93.04438502,0.218,2.534009579
11,13,4.5,NaN,0.6,0,0,0,29.58602323,0,23.94565448,93.34420581,0.978,2.534009579
11,13,5,NaN,1,0,0.264055684,0,29.47716329,0,23.88525571,93.74396687,1.377,2.534009579
11,13,5.5,NaN,7,1.4,8.44978189,0.257886159,29.44747421,0,24.11678433,94.04378766,1.443,2.534009579
11,13,6,NaN,30.2,6.6,38.28807419,1.547316952,29.41778514,0,24.29798064,94.34360844,1.479,2.534009579
11,13,6.5,NaN,73.8,16.2,92.15543374,3.610406222,29.40788878,0,24.50937634,94.54348897,1.487,2.534009579
11,13,7,NaN,73.2,16.6,82.12131774,3.352520064,29.45737057,0,24.69057265,94.54348897,2.3,2.534009579
11,13,7.5,NaN,62.6,14.4,71.55909038,3.094633905,29.56623052,0.1,24.67043972,94.54348897,2.406,2.534009579
11,13,8,NaN,75.6,17,88.45865416,3.610406222,29.64540139,0,24.63017388,94.44354871,2.176,2.534009579
11,13,8.5,NaN,129.4,30.2,148.6633501,6.18926781,29.76415769,0,24.88183542,94.04378766,0.939,2.534009579
11,13,9,NaN,108.2,25.6,122.2577817,5.157723175,29.81363948,0,24.84156957,93.44414608,1.642,2.534009579
11,13,9.5,NaN,185.6,43.6,212.30077,8.768129397,29.93239579,0,24.88183542,93.14432529,1.695,2.534009579
11,13,10,NaN,248.8,58.2,279.8990251,11.08910483,30.19959747,0,25.55628836,92.54468371,1.178,2.534009579
11,13,10.5,NaN,202.6,47.6,225.5035542,9.026015556,30.16001204,0,25.73748467,92.34480318,1.764,2.534009579
11,13,11,NaN,110.6,26.8,122.2577817,5.157723175,30.2886647,0,25.79788344,91.7451616,1.492,2.534009579
11,13,11.5,NaN,174.4,40.2,204.9072108,8.252357079,30.40742101,0,25.60662067,91.14552002,2.586,2.534009579
11,13,12,NaN,158.6,38,180.8781436,7.478698603,30.4569028,0,25.65695298,91.14552002,3.056,2.534009579
11,13,12.5,NaN,284.6,67.2,323.7322687,12.89430794,30.46679916,0,25.89854806,91.04557976,2.114,2.485433389
11,13,13,NaN,818.4,177,903.5985509,34.04097295,30.97151345,0,26.72399793,89.14671476,2.716,2.485433389
11,13,13.5,NaN,640.8,141.2,721.4001289,27.85170514,31.8720821,0,27.5997801,86.0485666,2.629,2.485433389
11,13,14,NaN,807.6,178.4,891.4519894,34.81463143,32.29762552,0,28.20376781,82.65059765,2.71,2.435561791
11,13,14.5,NaN,499.4,115.2,568.7759435,22.69398197,33.01016335,0,28.78762259,78.33317828,3.16,2.435561791
11,13,15,NaN,331.4,77,382.0885748,15.47316952,33.47529221,0,29.01915121,74.61540049,3.476,2.435561791
11,13,15.5,NaN,46,11,51.49085839,2.06308927,33.43570677,0,28.34469827,76.18446262,4.51,2.435561791
11,13,16,NaN,69,15.6,78.16048248,3.094633905,32.97057791,0,27.05619117,83.15029897,2.761,2.435561791
11,13,16.5,NaN,73.4,16.2,85.55404164,3.352520064,32.07990563,0,26.71393147,85.54886528,2.092,2.435561791
11,13,17,NaN,53.8,12,62.31714144,2.06308927,31.46633139,0,26.26094069,86.64820818,0.981,2.435561791
11,13,17.5,NaN,34.6,8.2,39.08024124,1.805203111,31.03089161,0,26.12001022,87.24784976,2.087,2.435561791
11,13,18,NaN,7.8,1.8,8.44978189,0,30.70431177,0,25.79788344,87.74755107,1.737,2.435561791
11,13,18.5,NaN,0.6,0,0,0,30.44700644,0,25.58648775,88.34719265,1.24,2.435561791
11,13,19,NaN,0.4,0,0,0,30.23918291,0,25.56635482,89.54647581,1.981,2.435561791
11,13,19.5,NaN,0.2,0,0,0,30.03135938,0.1,25.39522497,89.8462966,2.485,2.435561791
11,13,20,NaN,0.2,0,0,0,29.84332856,0,24.92210127,89.8462966,2.057,2.435561791
11,13,20.5,NaN,0,0,0,0,29.67509046,0,24.70063911,90.44593818,1.505,2.435561791
11,13,21,NaN,0,0,0,0,29.52664508,0,24.74090496,91.24546029,2.065,2.435561791
11,13,21.5,NaN,0,0,0,0,29.33861427,0,24.56977511,91.54528108,1.765,2.435561791
11,13,22,NaN,0,0,0,0,29.19016888,0,24.52950926,91.94504213,1.258,2.435561791
11,13,22.5,NaN,0,0,0,0,29.08130894,0,24.53957572,92.14492265,1.533,2.435561791
11,13,23,NaN,0.2,0,0,0,28.99224171,0,24.61004095,92.44474344,1.4,2.435561791
11,13,23.5,NaN,0.4,0,0,0,28.9229672,0,24.62010741,92.54468371,1.704,2.435561791
11,14,0,NaN,0.4,0,0,0,28.87348541,0,24.48924341,92.74456423,1.075,2.435561791
11,14,0.5,NaN,0.6,0,0,0,28.8042109,0,24.55970864,92.94444476,0.99,2.435561791
11,14,1,NaN,0.6,0,0,0,28.76462546,0,24.56977511,93.04438502,1.581,2.435561791
11,14,1.5,NaN,0.6,0,0,0,28.72504003,0,24.67043972,93.34420581,0.627,2.435561791
11,14,2,NaN,0.2,0,0,0,28.62607644,0,24.57984157,93.34420581,1.94,2.485433389
11,14,2.5,NaN,0,0,0,0,27.99270948,0,23.43226492,93.54408634,2.464,3.474249121
11,14,3,NaN,0,0,0,0,28.0125022,0.1,23.21080277,93.94384739,1.793,3.772740025
11,14,3.5,NaN,0,0,0,0,28.03229492,0,23.12020461,94.24366818,1.089,3.772740025
11,14,4,NaN,0,0,0,0,28.0125022,0,23.25106861,94.34360844,0.918,3.772740025
11,14,4.5,NaN,0,0,0,0,27.99270948,0,23.281268,94.34360844,0.875,3.750046232
11,14,5,NaN,0.2,0,0.264055684,0,27.98281312,0,23.34166677,94.44354871,0.061,3.726991262
11,14,5.5,NaN,3.6,0.6,4.753002313,0,27.97291676,0,23.44233139,94.54348897,0.037,3.703565429
11,14,6,NaN,21.2,4.6,25.34934567,1.031544635,27.97291676,0,23.60339478,94.64342923,1,3.703565429
11,14,6.5,NaN,21,5,24.55717862,1.031544635,28.02239856,0,23.7543917,94.7433695,0.623,3.679758684
11,14,7,NaN,45.2,10,53.33924818,1.805203111,28.08177671,0.1,23.89532217,94.7433695,0.762,3.65556059
11,14,7.5,NaN,59.6,13,71.03097901,2.578861587,28.16094758,0,24.27784771,94.94325002,1.761,3.65556059
11,14,8,NaN,85.8,19.2,101.6614384,3.610406222,28.22032573,0,24.36844587,94.44354871,3.37,3.65556059
11,14,8.5,NaN,158.8,36.4,180.6140879,6.962926286,28.39846019,0,24.4389111,93.6440266,3.235,3.630960307
11,14,9,NaN,221.8,51.8,252.1731783,10.05756019,28.59638736,0,24.31811356,92.14492265,3.652,3.630960307
11,14,9.5,NaN,336.8,78.2,382.8807419,14.18373873,28.88338176,0,24.54964218,89.24665502,3.918,3.605946568
11,14,10,NaN,295.2,69.8,333.502329,12.63642178,29.21985796,0,24.82143665,84.34958213,3.929,3.605946568
11,14,10.5,NaN,437.8,101.6,495.8965747,18.56780343,29.53654144,0.1,25.55628836,81.1514937,3.328,3.580507661
11,14,11,NaN,763.2,172,864.7823653,31.71999752,30.13032296,0,26.51260223,77.51366812,3.165,3.580507661
11,14,11.5,NaN,818.6,176.8,919.7059476,32.75154216,31.50591682,0,27.6803118,73.04633836,3.347,3.554631403
11,14,12,NaN,533,119.2,607.592129,22.17820965,32.30752188,0,27.93197334,71.47727623,3.599,3.528305116
11,14,12.5,NaN,321,75.8,364.1327883,13.92585257,32.43617454,0,28.12323611,71.62718662,2.562,3.528305116
11,14,13,NaN,306.2,72.8,349.6097257,13.1521941,32.07990563,0,28.09303673,70.53783775,2.75,3.501515604
11,14,13.5,NaN,438.2,103,485.0702916,18.05203111,31.92156389,0,28.48562874,70.97757491,3.38,3.501515604
11,14,14,NaN,605.6,138.4,675.9825512,25.0149574,31.92156389,0.1,28.44536289,71.79708507,3.711,3.474249121
11,14,14.5,NaN,358.8,85.2,410.8706444,15.47316952,32.14918014,0,28.53596105,70.40791541,3.706,3.446491342
11,14,15,NaN,610.8,142.2,678.623108,26.04650203,32.74296166,0,28.9688189,68.83885328,3.446,3.446491342
11,14,15.5,NaN,318.2,76.2,363.3406213,14.18373873,33.17840145,0,29.16008168,67.97936702,2.391,3.418227335
11,14,16,NaN,240.8,61.2,263.263517,10.83121867,32.70337623,0,29.38154384,68.60899068,1.545,3.418227335
11,14,16.5,NaN,335.6,89.8,367.8295679,15.73105568,32.72316895,0,29.69360415,65.30096796,4.061,3.389441522
11,14,17,NaN,162.6,44,182.198422,7.994470921,32.54503449,0.1,29.57280661,65.08109938,3.414,3.389441522
11,14,17.5,NaN,19.6,4.2,32.74290482,1.547316952,31.83249666,0,28.75742321,68.77888912,2.246,3.389441522
11,14,18,NaN,5.6,1,9.506004626,0,31.1991297,0,28.11316965,71.58721052,1.77,3.389441522
11,14,18.5,NaN,0.2,0,0.264055684,0,30.68451905,0,27.74071057,74.18565736,1.714,3.389441522
11,14,19,NaN,0,0,0,0,30.31835378,0,27.34811856,75.40492857,2.905,3.360117648
11,14,19.5,NaN,0,0,0,0,29.86312128,0,27.40851733,71.32736583,3.21,3.360117648
11,14,20,NaN,0,0,0,0,29.5464378,0,27.24745394,71.94699547,2.922,3.360117648
11,14,20.5,NaN,0,0,0,0,29.36830334,0,27.29778625,68.9587816,4.03,3.360117648
11,14,21,NaN,0,0,0,0,29.17037617,0.1,27.66017887,64.84124275,4.17,3.360117648
11,14,21.5,NaN,0,0,0,0,29.00213807,0,27.47898256,65.05111731,4.49,3.360117648
11,14,22,NaN,0,0,0,0,28.81410725,0,27.05619117,63.76188791,4.204,3.330238739
11,14,22.5,NaN,0,0,0,0,28.65576551,0,26.86492839,63.62197154,3.004,3.330238739
11,14,23,NaN,0,0,0,0,28.56669829,0,26.15020961,64.61138015,3.342,3.330238739
11,14,23.5,NaN,0,0,0,0,28.37866747,0,26.26094069,60.08408623,3.96,3.330238739
11,15,0,NaN,0,0,0,0,28.1807403,0,26.13007668,59.24458801,4.199,3.330238739
11,15,0.5,NaN,0,0,0,0,28.04219127,0.1,26.18040899,58.31514357,3.795,3.330238739
11,15,1,NaN,0,0,0,0,27.93333133,0,25.82808283,61.0235247,2.578,3.299787062
11,15,1.5,NaN,0,0,0,0,27.89374589,0,25.48582313,59.99413999,3.595,3.299787062
11,15,2,NaN,0,0,0,0,27.77498959,0,25.37509205,60.17403246,3.763,3.299787062
11,15,2.5,NaN,0,0,0,0,27.66612964,0,24.91203481,63.53202531,2.983,3.299787062
11,15,3,NaN,0,0,0,0,27.62654421,0,24.57984157,63.97176246,2.967,3.299787062
11,15,3.5,NaN,0,0,0,0,27.5572697,0.1,24.41877818,64.42149365,2.734,3.299787062
11,15,4,NaN,0,0,0,0,27.5077879,0,24.04631909,66.20043033,2.799,3.299787062
11,15,4.5,NaN,0,0,0,0,27.43851339,0,23.69399293,69.44848889,2.125,3.299787062
11,15,5,NaN,0.4,0,0.264055684,0,27.37913524,0,23.22086923,71.54723441,2.344,3.299787062
11,15,5.5,NaN,18.8,5.6,18.48389788,0.773658476,27.30986073,0,23.150404,72.57661912,2.19,3.26874408
11,15,6,NaN,60.4,17,68.91853354,3.094633905,27.1020372,0.1,23.24100215,74.19565139,1.761,3.26874408
11,15,6.5,NaN,199.2,55,209.9242688,10.05756019,26.91400638,0,23.89532217,72.58661315,1.877,3.26874408
11,15,7,NaN,300.4,75.8,324.5244357,13.1521941,26.78535372,0,24.87176896,68.58900262,2.057,3.26874408
11,15,7.5,NaN,315.6,83.2,325.0525471,14.95739721,26.91400638,0,25.72741821,64.99115315,2.517,3.26874408
11,15,8,NaN,360.4,90.2,446.5181618,16.246828,27.39892796,0.1,26.41193761,59.09467762,2.688,3.237090405
11,15,8.5,NaN,629.8,137.6,684.6963888,23.7255266,28.00260584,0,27.55951425,54.40747928,2.209,3.237090405
11,15,9,NaN,733.4,153.2,794.5435533,26.30438819,28.35887475,0.1,28.40509704,53.29814236,2.124,3.237090405
11,15,9.5,NaN,668.6,166.2,747.8056973,28.88324978,28.97244899,0,28.74735674,50.34990459,2.467,3.204805749
11,15,10,NaN,801.2,168.4,882.2100405,29.65690825,30.0016703,0.1,29.38154384,50.11004796,3.41,3.204805749
11,15,10.5,NaN,722.6,159.2,793.7513863,28.1095913,31.23871514,0,29.1802146,51.96893686,3.378,3.171868865
11,15,11,NaN,847,186.2,930.5322306,33.00942832,32.13928378,0.1,29.55267369,51.73907425,2.927,3.171868865
11,15,11.5,NaN,986.2,205.2,1085.796973,36.8777207,33.87114656,0,30.23719309,49.6303347,3.135,3.138257493
11,15,12,NaN,963.8,202.2,1058.335182,36.61983454,35.72176564,0,30.80091495,46.64212083,2.709,3.138257493
11,15,12.5,NaN,856.4,182.2,951.6566854,33.26731448,36.36502895,0,31.14317465,44.94313635,2.806,3.103948293
11,15,13,NaN,906,192.2,1002.091321,35.33040375,37.14684129,0.1,31.71696297,42.9843072,2.439,3.103948293
11,15,13.5,NaN,804.8,174,899.1096042,32.23576984,36.54316341,0,32.04915621,44.75324985,3.59,3.068916779
11,15,14,NaN,758,169,840.4892424,30.94633905,35.84052194,0,31.96862451,43.99370385,3.548,3.068916779
11,15,14.5,NaN,557.2,129.8,627.3963053,23.7255266,35.72176564,0,31.66663066,48.23117101,4.423,3.033137246
11,15,15,NaN,555,130.4,622.1151917,23.98341276,36.12751634,0.1,30.99217772,49.54038846,4.571,3.033137246
11,15,15.5,NaN,531.6,129,589.6363425,23.46764044,36.38482167,0,31.01231064,48.16121283,4.675,2.996582688
11,15,16,NaN,316.2,79.8,365.4530667,14.95739721,36.07803455,0,30.67005094,49.32051988,4.206,2.996582688
11,15,16.5,NaN,311.6,85.8,348.0253916,15.21528337,35.48425303,0,30.61971864,51.43925346,5.1,2.996582688
11,15,17,NaN,171.8,51.6,196.1933733,9.799674032,34.86078243,0,29.98553154,55.80664296,4.009,2.996582688
11,15,17.5,NaN,71.8,18.6,85.02593027,4.12617854,33.92062835,0,29.47214199,53.67791536,3.27,2.959224716
11,15,18,NaN,11,2.8,15.84334104,0.773658476,32.89140704,0,28.77755613,52.1388353,2.388,2.959224716
11,15,18.5,NaN,0.4,0,0.264055684,0,32.21845465,0,27.80110934,57.87540641,1.927,2.959224716
11,15,19,NaN,0,0,0,0,31.73353307,0.1,26.97565947,63.45207309,1.781,2.959224716
11,15,19.5,NaN,0,0,0,0,31.25850786,0,26.03947853,69.13867407,1.463,2.959224716
11,15,20,NaN,0,0,0,0,30.82306807,0,25.29456035,72.74651757,1.323,2.959224716
11,15,20.5,NaN,0,0,0,0,30.41731737,0,25.21402866,72.97638018,2.535,2.959224716
11,15,21,NaN,0,0,0,0,30.06104845,0,25.25429451,72.48667289,2.557,2.959224716
11,15,21.5,NaN,0,0,0,0,29.80374313,0,25.27442743,69.96817825,2.673,2.959224716
11,15,22,NaN,0,0,0,0,29.57612687,0,25.18382927,70.27799307,1.828,2.959224716
11,15,22.5,NaN,0,0,0,0,29.46726693,0,24.81137019,73.3261711,1.784,2.959224716
11,15,23,NaN,0,0,0,0,29.38809606,0,24.15705017,76.24442678,1.854,2.959224716
11,15,23.5,NaN,0,0,0,0,29.21985796,0,23.84498986,77.59362034,2.488,2.959224716
11,16,0,NaN,0,0,0,0,29.01203443,0.1,24.11678433,76.75412212,1.609,2.959224716
11,16,0.5,NaN,0,0,0,0,28.86358905,0,23.42219846,79.69236586,1.128,2.959224716
11,16,1,NaN,0,0,0,0,28.77452182,0,23.150404,81.65119502,1.992,2.959224716
11,16,1.5,NaN,0,0,0,0,28.61618008,0,23.05980584,82.45071713,1.585,2.959224716
11,16,2,NaN,0,0,0,0,28.50732013,0,23.00947353,83.45011976,1.005,2.959224716
11,16,2.5,NaN,0,0,0,0,28.42814926,0,22.7276126,85.14910423,1.1,2.959224716
11,16,3,NaN,0,0,0,0,28.30939296,0,22.44575167,86.54826792,1.394,2.959224716
11,16,3.5,NaN,0,0,0,0,28.19063665,0,22.26455536,86.74814844,0.671,2.959224716
11,16,4,NaN,0,0,0,0,28.10156943,0.1,22.00282735,87.44773029,1.119,2.959224716
11,16,4.5,NaN,0,0,0,0,28.00260584,0,21.87196335,88.34719265,1.429,2.959224716
11,16,5,NaN,0.6,0,0.528111368,0,27.89374589,0,21.7008335,88.84689397,1.069,2.959224716
11,16,5.5,NaN,15,0,16.37145241,0.773658476,27.77498959,0,21.61023534,89.14671476,1.29,2.959224716
11,16,6,NaN,83.6,0,84.76187458,4.12617854,27.60675149,0,22.18402366,89.64641608,1.258,2.959224716
11,16,6.5,NaN,164.8,15.6,174.8048628,8.252357079,27.28017165,0,22.83834368,88.74695371,1.628,2.959224716
11,16,7,NaN,282.6,72.4,306.0405378,12.63642178,27.0525554,0.1,23.412132,86.0485666,1.437,2.959224716
11,16,7.5,NaN,387,102,341.9521109,17.27837264,27.21089714,0,24.27784771,77.33377565,1.414,2.959224716
11,16,8,NaN,309.4,87.6,394.2351363,14.95739721,27.85416046,0,25.83814929,69.12868004,1.165,2.921033461
11,16,8.5,NaN,289,71.6,320.8276561,12.37853562,28.69535095,0.1,26.703865,63.90180428,1.229,2.921033461
11,16,9,NaN,368.4,91,402.9489739,15.21528337,29.27923611,0,27.27765332,59.80425349,1.494,2.921033461
11,16,9.5,NaN,586.2,141.8,640.0709782,24.24129892,29.80374313,0,28.1534355,53.63793925,1.62,2.921033461
11,16,10,NaN,576.2,136.6,627.1322496,23.46764044,30.31835378,0.1,29.15001522,49.35050196,1.721,2.881977479
11,16,10.5,NaN,700.6,163.6,764.4412054,28.36747746,30.94182438,0,29.92513277,48.08126062,1.885,2.881977479
11,16,11,NaN,800.8,175.2,879.5694836,30.94633905,31.91166753,0,30.61971864,47.40166683,2.08,2.842023636
11,16,11.5,NaN,914.2,192.6,1009.220824,34.55674527,33.55446308,0,31.2337728,45.63272417,2.36,2.842023636
11,16,12,NaN,742,162.8,808.5385046,29.3990221,34.94984966,0,32.26055191,43.31411006,1.966,2.801136995
11,16,12.5,NaN,751,165.2,808.5385046,29.91479441,34.99933145,0,32.27061837,43.32410409,2.588,2.801136995
11,16,13,NaN,819,177,880.6257063,32.493656,35.345704,0.1,32.69340976,41.98490456,2.523,2.759280685
11,16,13.5,NaN,829.8,179.4,888.0192655,33.00942832,35.32591129,0,33.04573592,40.03606943,1.775,2.759280685
11,16,14,NaN,800.4,176.6,852.6358038,32.23576984,35.24674042,0,33.61952425,40.33589022,2.845,2.716415763
11,16,14.5,NaN,722,164,768.4020406,29.91479441,35.89000373,0,34.01211626,39.82619488,2.987,2.716415763
11,16,15,NaN,603.4,140.8,644.2958691,25.78861587,36.86974325,0,33.95171748,39.16658914,2.848,2.672501059
11,16,15.5,NaN,448.2,109.4,484.5421803,19.85723422,36.90932868,0,33.78058763,38.44701925,3.372,2.627493012
11,16,16,NaN,326.2,83.8,348.0253916,14.69951105,36.51347433,0,33.70005594,39.58633825,2.644,2.627493012
11,16,16.5,NaN,219.2,60.4,237.9141713,11.08910483,35.88010737,0,33.25713162,42.46461783,3.123,2.627493012
11,16,17,NaN,125.6,37,138.8932898,7.220812445,35.21705134,0,32.44174822,43.80381735,3.289,2.627493012
11,16,17.5,NaN,62.8,16.8,68.39042217,3.352520064,34.35606813,0,32.06928913,45.2629452,2.085,2.627493012
11,16,18,NaN,20.2,0,20.06823199,0.773658476,33.50498128,0,31.7874282,47.62153541,1.531,2.627493012
11,16,18.5,NaN,0.8,0,0.528111368,0,33.00026699,0,30.5492534,56.29635025,1.038,2.581345488
11,16,19,NaN,0,0,0,0,32.66379079,0,29.03928414,62.24279591,1.202,2.581345488
11,16,19.5,NaN,0,0,0,0,32.19866193,0.1,28.16350196,67.69953428,1.507,2.627493012
11,16,20,NaN,0,0,0,0,31.76322215,0,27.15685578,69.65836344,1.882,2.627493012
11,16,20.5,NaN,0,0,0,0,31.31788601,0,26.62333331,71.01755102,1.92,2.627493012
11,16,21,NaN,0,0,0,0,30.93192802,0,26.48240284,70.84765257,2.036,2.581345488
11,16,21.5,NaN,0,0,0,0,30.66472633,0,26.18040899,71.14747336,1.66,2.581345488
11,16,22,NaN,0,0,0,0,30.43711008,0,25.84821575,74.37554386,1.463,2.581345488
11,16,22.5,NaN,0,0,0,0,30.24907927,0,25.56635482,77.6935606,1.16,2.581345488
11,16,23,NaN,0,0,0,0,30.06104845,0,25.17376281,80.05215081,1.352,2.581345488
11,16,23.5,NaN,0,0,0,0,29.88291399,0,24.52950926,81.85107555,1.388,2.581345488
11,17,0,NaN,0,0,0,0,29.70477954,0,24.12685079,83.05035871,1.685,2.581345488
11,17,0.5,NaN,0,0,0,0,29.52664508,0,23.7543917,83.65000028,1.946,2.581345488
11,17,1,NaN,0,0,0,0,29.35840698,0,23.46246431,83.84988081,1.583,2.581345488
11,17,1.5,NaN,0,0,0,0,29.20006524,0,23.19066984,84.24964186,1.542,2.581345488
11,17,2,NaN,0,0,0,0,29.08130894,0,22.88867599,85.14910423,2.219,2.581345488
11,17,2.5,NaN,0,0,0,0,28.9229672,0,22.65714737,85.64880555,2.257,2.581345488
11,17,3,NaN,0,0,0,0,28.78441818,0,22.63701444,86.34838739,2.248,2.581345488
11,17,3.5,NaN,0,0,0,0,28.59638736,0,22.46588459,86.0485666,1.858,2.581345488
11,17,4,NaN,0,0,0,0,28.45783834,0.1,22.18402366,86.0485666,1.464,2.581345488
11,17,4.5,NaN,0,0,0,0,28.37866747,0,21.72096642,87.1479095,0.624,2.581345488
11,17,5,NaN,0.6,0.2,0.528111368,0,28.2994966,0,21.55990303,87.9474316,0.967,2.581345488
11,17,5.5,NaN,22.8,6,21.12445473,1.031544635,28.15105122,0,21.53977011,88.54707318,0.363,2.581345488
11,17,6,NaN,108.8,31,100.6052156,5.157723175,27.78488595,0,22.86854307,89.0467745,0.901,2.581345488
11,17,6.5,NaN,205.4,57.4,209.9242688,10.31544635,27.34944616,0,23.68392647,86.24844713,0.745,2.581345488
11,17,7,NaN,318.6,81.6,331.3898835,13.92585257,27.13172627,0,24.79123727,80.85167292,0.892,2.581345488
11,17,7.5,NaN,387.6,102,314.4903197,17.53625879,27.3890316,0,25.8884816,73.69595007,0.947,2.581345488
11,17,8,NaN,401,120.4,562.9667184,20.6308927,28.12136214,0.1,27.26758686,65.94058565,1.131,2.581345488
11,17,8.5,NaN,623,136,663.8359897,23.46764044,29.10110166,0,28.51582812,57.93537057,1.229,2.534009579
11,17,9,NaN,719.2,149.2,750.1821984,26.04650203,29.65529774,0,29.85466754,51.26935501,1.729,2.534009579
11,17,9.5,NaN,633.2,158.4,747.0135302,27.85170514,30.08084117,0,30.94184541,45.6826943,2.278,2.485433389
11,17,10,NaN,835.8,167.2,877.7210938,29.91479441,30.94182438,0,31.72702943,41.68508377,3.049,2.485433389
11,17,10.5,NaN,820.6,173.6,836.5284071,31.71999752,32.3273146,0,32.15988729,37.79740754,3.005,2.435561791
11,17,11,NaN,890.6,177.6,941.8866251,32.75154216,34.39565357,0,32.67327684,36.87795711,2.664,2.435561791
11,17,11.5,NaN,917,183.4,984.1355345,34.55674527,36.26606536,0,33.12626762,36.25832748,2.784,2.384336168
11,17,12,NaN,921.4,184.6,977.5341424,35.33040375,37.80000097,0,33.61952425,34.54934898,2.38,2.33169412
11,17,12.5,NaN,912.8,184.4,970.6686946,35.58828991,38.97766765,0,33.82085348,34.84916977,2.225,2.33169412
11,17,13,NaN,886,179.4,931.5884534,34.81463143,39.81885814,0,34.23357841,34.30949235,2.072,2.277569142
11,17,13.5,NaN,839.4,171.8,878.7773166,33.26731448,38.85891135,0,34.65636981,34.61930717,1.963,2.221890279
11,17,14,607.7464789,770.4,161.6,809.5947273,31.20422521,37.92865363,0,34.84763258,34.44940872,2.331,2.221890279
11,17,14.5,548.2394366,694,149.6,729.0577437,28.62536362,38.6312951,0,35.01876243,34.55934301,2.002,2.164581728
11,17,15,416.5492958,549.8,122.6,583.2990061,23.46764044,39.64072369,0,35.12949351,34.23953417,2.164,2.164581728
11,17,15.5,375.2112676,509.8,119,536.0330386,22.17820965,40.04647439,0,35.4214209,34.25952222,2.295,2.105562403
11,17,16,268.2394366,391,98,415.8877024,18.05203111,39.6605164,0,35.31068982,34.45940275,2.682,2.105562403
11,17,16.5,165.9859155,280,76.2,299.9672571,13.66796641,39.18549118,0,35.00869597,34.90913393,2.253,2.105562403
11,17,17,74.85915493,172.6,51.4,186.1592573,9.799674032,38.37398977,0,34.70670212,36.28830956,2.535,2.04474546
11,17,17.5,7.676056338,75.2,20.4,83.44159616,4.12617854,37.23590852,0,33.4987267,39.43642785,2.906,2.04474546
11,17,18,-38.87323944,12.6,3.2,16.6355081,0.773658476,36.05824183,0,32.3410836,42.86437888,2.055,2.04474546
11,17,18.5,-45.91549296,0.6,0,0.528111368,0,35.14777683,0,30.79084849,46.80202525,1.523,2.04474546
11,17,19,-42.81690141,0,0,0,0,34.49461716,0,29.25067983,54.90718059,1.683,2.04474546
11,17,19.5,-40.63380282,0,0,0,0,33.87114656,0,27.98230565,61.14345302,1.291,2.04474546
11,17,20,-39.22535211,0,0,0,0,33.24767596,0,27.10652347,64.33154741,1.622,2.04474546
11,17,20.5,-41.1971831,0,0,0,0,32.69347987,0,26.79446316,64.10168481,1.745,2.04474546
11,17,21,-40.91549296,0,0,0,0,32.23824737,0,26.56293454,64.34154144,1.321,2.04474546
11,17,21.5,-38.23943662,0,0,0,0,31.90177117,0,25.82808283,67.57960596,1.051,2.04474546
11,17,22,-36.4084507,0,0,0,0,31.61477677,0,25.08316466,69.93819618,1.258,2.04474546
11,17,22.5,-37.04225352,0,0,0,0,31.32778237,0,24.83150311,70.79768244,1.83,2.04474546
11,17,23,-39.43661972,0,0,0,0,31.02099525,0,25.26436097,71.94699547,1.392,2.04474546
11,17,23.5,-39.71830986,0,0,0,0,30.78348264,0,24.84156957,74.01575891,0.729,2.04474546
11,18,0,-39.01408451,0,0,0,0,30.6251409,0.1,24.10671786,76.29439691,0.858,2.04474546
11,18,0.5,-38.8028169,0,0,0,0,30.42721372,0,23.87518924,78.4930827,1.023,2.04474546
11,18,1,-38.30985915,0,0,0,0,30.24907927,0,23.74432524,80.85167292,1.535,2.04474546
11,18,1.5,-38.66197183,0,0,0,0,30.08084117,0,23.4926637,82.2508366,1.526,2.04474546
11,18,2,-38.09859155,0,0,0,0,29.93239579,0,23.00947353,83.35017949,1.337,2.04474546
11,18,2.5,-38.38028169,0,0,0,0,29.79384677,0,22.74774552,84.44952239,1.183,2.04474546
11,18,3,-36.69014085,0,0,0,0,29.63550503,0,22.66721383,85.34898476,1.499,2.04474546
11,18,3.5,-37.3943662,0,0,0,0,29.48705965,0,22.39541936,85.94862634,1.278,2.04474546
11,18,4,-37.74647887,0,0,0,0,29.31882155,0,22.26455536,86.34838739,1.388,2.04474546
11,18,4.5,-37.67605634,0,0,0,0,29.19016888,0,22.20415659,86.84808871,1.665,2.04474546
11,18,5,-36.97183099,0.6,0.2,0.528111368,0,29.08130894,0,22.07329258,87.34779002,1.645,2.04474546
11,18,5.5,-21.97183099,18.8,5,19.27606494,0.773658476,29.00213807,0,22.03302674,87.84749134,0.876,2.04474546
11,18,6,-0.281690141,75,21.4,73.67153585,3.610406222,28.79431454,0,22.9390083,88.54707318,0.556,2.04474546
11,18,6.5,51.97183099,189.2,53.4,191.1763153,9.541787873,28.43804562,0,24.24764833,86.74814844,0.975,2.04474546
11,18,7,167.4647887,305.8,78.8,317.9230436,13.66796641,28.23022209,0,25.35495912,81.95101581,1.202,1.982037751
11,18,7.5,234.6478873,376,99.8,314.226264,16.246828,28.24011845,0,26.85486193,76.33437302,1.053,1.982037751
11,18,8,224.7183099,393,115.2,533.3924818,19.34146191,28.66566187,0,28.24403366,69.3785307,1.82,1.982037751
11,18,8.5,439.2253521,597.4,129.6,628.1884724,20.11512038,29.3781997,0,29.79426877,63.10228217,1.374,1.982037751
11,18,9,510.3521127,679.8,142.2,707.4051776,25.27284356,29.99177394,0,31.04251003,55.62675049,1.704,1.91733923
11,18,9.5,586.6197183,662.6,152.2,748.069753,27.85170514,30.6251409,0,32.14982083,49.20059157,1.579,1.91733923
11,18,10,669.0140845,793.2,159.2,846.8265788,29.65690825,31.38716052,0,33.22693224,44.90316025,2.138,1.91733923
11,18,10.5,680.9859155,824.6,167.4,880.6257063,31.97788368,32.76275438,0,33.83091994,41.29531675,2.552,1.850542278
11,18,11,697.8873239,863.8,170.2,903.0704395,33.26731448,34.74202612,0,34.29397719,40.73565127,2.795,1.850542278
11,18,11.5,738.028169,880.8,172.8,953.2410195,34.81463143,36.66191971,0,34.84763258,40.48580062,3.365,1.781530951
11,18,12,733.8028169,874,172,933.4368432,35.07251759,37.94844635,0,35.14962644,40.32589619,2.983,1.781530951
11,18,12.5,455.7042254,579.8,118.2,632.677419,24.49918508,38.41357521,0,35.25029105,40.28592009,3.194,1.781530951
11,18,13,714.084507,855.4,174.8,907.8234418,35.33040375,38.2948189,0,35.57241783,40.08603956,3.551,1.710180135
11,18,13.5,701.4084507,844.8,174.2,894.8847133,35.58828991,37.74062281,0,36.16633908,39.10662498,3.79,1.710180135
11,18,14,572.5352113,693.4,145.8,742.5245836,29.91479441,37.40414662,0,35.96500984,38.83678627,2.43,1.710180135
11,18,14.5,354.7887324,439,95.2,485.3343473,19.85723422,38.03751357,0,36.33746893,38.18717456,2.456,1.710180135
11,18,15,267.6760563,361.8,81.8,394.499192,16.50471416,38.56202059,0,36.26700369,38.63690575,2.654,1.636354589
11,18,15.5,223.3098592,312.8,73.4,343.536445,14.69951105,38.44326428,0,36.27707016,39.57634422,1.452,1.636354589
11,18,16,146.7605634,226.6,55.2,259.0386261,11.34699098,38.22554439,0,36.17640554,39.70626656,2.849,1.636354589
11,18,16.5,139.2253521,228,62.2,249.0045101,11.60487714,37.58228107,0,36.07574092,40.5957349,1.776,1.636354589
11,18,17,54.22535211,129.6,30.6,139.1573455,7.220812445,37.36456118,0,36.35760185,40.32589619,1.823,1.636354589
11,18,17.5,5.281690141,62.4,0,66.2779767,3.352520064,36.642127,0,35.99520923,41.87497027,1.167,1.636354589
11,18,18,-29.43661972,11.4,0,13.2027842,0.515772317,36.02855276,0,34.36444242,50.22997628,1.16,1.636354589
11,18,18.5,-32.53521127,0.4,0,0.264055684,0,35.53373482,0,32.32095068,55.78665491,2.762,1.636354589
11,18,19,-29.15492958,0,0,0,0,34.82119699,0,32.27061837,53.92776601,2.969,1.636354589
11,18,19.5,-34.01408451,0,0,0,0,34.17793368,0,31.94849159,54.13764057,1.554,1.636354589
11,18,20,-33.5915493,0,0,0,0,33.80187205,0,30.88144664,58.57498825,1.022,1.636354589
11,18,20.5,-33.02816901,0,0,0,0,33.57425579,0,29.73387,65.07110536,1.313,1.636354589
11,18,21,-31.33802817,0,0,0,0,33.24767596,0,28.78762259,68.66895483,1.582,1.636354589
11,18,21.5,-31.97183099,0,0,0,0,32.88151068,0,28.33463181,70.14807073,2.271,1.636354589
11,18,22,-32.25352113,0,0,0,0,32.48565634,0,28.65675859,67.54962389,2.69,1.636354589
11,18,22.5,-25.84507042,0,0,0,0,32.1590765,0,29.15001522,65.46087238,1.486,1.636354589
11,18,23,-29.15492958,0,0,0,0,31.9908384,0,28.80775552,67.54962389,2.649,1.636354589
11,18,23.5,-33.16901408,0,0,0,0,31.8226003,0,28.71715736,68.12927741,2.978,1.636354589
11,19,0,-26.90140845,0,0,0,0,31.64446585,0,28.99901829,66.69013762,2.705,1.636354589
11,19,0.5,-16.83098592,0,0,0,0,31.54550226,0,29.11981583,64.57140404,3.323,1.636354589
11,19,1,-32.74647887,0,0,0,0,31.46633139,0,29.10974937,65.07110536,3.48,1.636354589
11,19,1.5,-77.88732394,0,0,0,0,31.37726416,0,28.4956952,69.66835746,3.023,1.636354589
11,19,2,-22.11267606,0,0,0,0,31.33767873,0,27.84137518,73.40612331,2.324,1.636354589
11,19,2.5,-29.22535211,0,0,0,0,31.23871514,0,27.50918195,75.88464183,3.001,1.636354589
11,19,3,-23.5915493,0,0,0,0,31.09026976,0,27.32798563,75.89463586,3.687,1.636354589
11,19,3.5,-27.04225352,0,0,0,0,30.9121353,0,27.30785271,75.10510778,3.096,1.636354589
11,19,4,-18.23943662,0,0,0,0,30.82306807,0,27.17698871,76.19445665,2.625,1.636354589
11,19,4.5,-27.18309859,0,0,0,0,30.76368992,0,26.63339977,77.41372786,2.684,1.636354589
11,19,5,-22.46478873,0.2,0,0.264055684,0,30.71420813,0,26.17034253,79.90224041,1.925,1.636354589
11,19,5.5,-30.98591549,4.2,0,7.657614838,0,30.64493362,0,25.44555728,82.2508366,2.081,1.636354589
11,19,6,3.028169014,37.2,0,48.32219018,2.06308927,30.54597003,0,25.23416158,84.1497016,2.404,1.636354589
11,19,6.5,67.46478873,156.6,0,162.3942457,8.252357079,30.31835378,0,26.05961145,84.24964186,2.106,1.636354589
11,19,7,118.8732394,205.4,53.8,228.6722224,10.05756019,29.95218851,0,27.17698871,81.25143397,2.177,1.636354589
11,19,7.5,261.056338,369.4,100.8,336.9350529,17.53625879,30.1699084,0,27.99237211,77.64359047,2.945,1.636354589
11,19,8,218.1690141,319,92.2,423.8093729,16.76260032,30.42721372,0,29.11981583,71.63718065,4.171,1.559907867
11,19,8.5,419.9295775,548.8,122,612.0810757,22.95186813,30.81317171,0,29.75400292,67.71952233,4.825,1.559907867
11,19,9,525.0704225,671,144.4,723.2485186,26.82016051,31.09026976,0,30.43852232,66.07050799,4.745,1.559907867
11,19,9.5,422.5352113,523.8,120,564.2869968,22.43609581,31.62467313,0,30.67005094,66.20043033,4.68,1.559907867
11,19,10,550.3521127,654.6,139.4,724.0406857,27.07804667,32.28772916,0,31.08277588,64.47146378,4.77,1.559907867
11,19,10.5,506.1267606,644,138.4,694.2023934,27.07804667,33.07943786,0,31.5257002,63.43208504,4.446,1.480681097
11,19,11,416.2676056,541.6,119.2,600.9907369,23.46764044,34.08886645,0,31.17337403,64.67134431,6.109,1.480681097
11,19,11.5,804.2253521,953.8,193.2,1058.599237,40.48812692,35.44466759,0,30.95191187,67.65955817,6.278,1.480681097
11,19,12,714.084507,856,172.4,935.0211773,36.8777207,36.71140151,0,31.39483619,62.55261073,6.318,1.480681097
11,19,12.5,213.943662,296.6,66.8,329.5414937,13.66796641,36.57285248,0,31.35457035,61.0635008,5.259,1.480681097
11,19,13,-41.69014085,62.8,15.2,70.23881196,3.094633905,36.00876004,0.1,30.84118079,62.48265254,5.222,1.480681097
11,19,13.5,24.50704225,95.4,20.4,118.5610021,4.12617854,34.0294883,0.2,26.87499485,81.05155344,3.003,2.716415763
11,19,14,560.9859155,722,158.2,797.4481659,27.59381898,32.97057791,0.2,26.29114007,83.74994055,3.68,3.204805749
11,19,14.5,450.2816901,538.4,124,598.8782915,22.95186813,33.94042107,0.2,28.09303673,80.3519716,1.345,3.237090405
11,19,15,109.8591549,171.6,43.4,195.4012062,8.252357079,33.55446308,0.1,28.94868598,79.14269441,0.85,3.204805749
11,19,15.5,178.943662,250,62,286.2363615,11.60487714,33.21798688,0.1,29.32114507,77.62360241,1.341,3.204805749
11,19,16,77.04225352,131.2,32.6,151.5679627,6.18926781,33.15860873,0,29.75400292,73.68595604,2.278,3.204805749
11,19,16.5,9.718309859,51.2,0,57.30008344,2.320975429,32.79244346,0.1,29.82446815,74.0857171,1.911,3.171868865
11,19,17,-11.12676056,18.2,0,20.59634336,0.773658476,32.43617454,0.1,29.83453462,76.89403849,0.94,3.171868865
11,19,17.5,-19.08450704,6.4,0,7.393559154,0,32.10959471,0.1,29.77413585,79.45250923,1.394,3.171868865
11,19,18,-24.36619718,2.6,0,2.112445473,0,31.86218574,0.1,28.91848659,82.15089634,2.502,3.171868865
11,19,18.5,-42.81690141,0.4,0,0,0,31.56529498,0,28.24403366,84.1497016,2.408,3.171868865
11,19,19,-34.92957746,0,0,0,0,31.34757508,0.1,27.9420398,85.54886528,1.94,3.171868865
11,19,19.5,-34.08450704,0,0,0,0,31.11995883,0.1,27.76084349,86.34838739,1.202,3.171868865
11,19,20,-45.70422535,0,0,0,0,30.89234258,0.1,27.0461247,86.14850686,1.595,3.171868865
11,19,20.5,-37.25352113,0,0,0,0,30.68451905,0,26.48240284,85.94862634,1.428,3.171868865
11,19,21,-32.46478873,0,0,0,0,30.56576275,0.1,26.47233638,86.74814844,1.79,3.171868865
11,19,21.5,-27.32394366,0,0,0,0,30.42721372,0,26.50253577,87.1479095,0.952,3.171868865
11,19,22,-26.33802817,0,0,0,0,30.30845742,0.1,26.45220346,87.54767055,1.515,3.171868865
11,19,22.5,-28.38028169,0,0,0,0,30.19959747,0.1,26.18040899,87.54767055,1.622,3.171868865
11,19,23,-29.22535211,0,0,0,0,30.08084117,0,26.15020961,87.74755107,1.74,3.171868865
11,19,23.5,-26.4084507,0,0,0,0,29.97198122,0,25.96901329,87.74755107,1.753,3.171868865
11,20,0,-25.35211268,0,0,0,0,29.87301764,0.1,25.8079499,87.64761081,2.566,3.171868865
11,20,0.5,-27.04225352,0,0,0,0,29.75426133,0.1,25.7576176,87.34779002,1.59,3.138257493
11,20,1,-30.98591549,0,0,0,0,29.65529774,0,25.77775052,87.34779002,1.7,3.138257493
11,20,1.5,-31.1971831,0,0,0,0,29.56623052,0,25.62675359,87.44773029,2.056,3.138257493
11,20,2,-31.90140845,0,0,0,0,29.46726693,0.1,25.50595605,87.1479095,2.135,3.138257493
11,20,2.5,-33.45070423,0,0,0,0,29.34851062,0,25.34489266,87.1479095,1.305,3.138257493
11,20,3,-36.76056338,0,0,0,0,29.28913247,0.1,25.34489266,87.64761081,2.085,3.138257493
11,20,3.5,-38.5915493,0,0,0,0,29.19016888,0,25.25429451,87.74755107,3.482,3.138257493
11,20,4,-30.84507042,0,0,0,0,29.03182715,0.1,25.31469328,86.44832765,3.61,3.138257493
11,20,4.5,-25.07042254,0,0,0,0,28.93286356,0,25.50595605,84.94922371,3.543,3.138257493
11,20,5,-24.50704225,0.2,0,0.264055684,0,28.86358905,0.1,25.61668713,83.94982107,3.577,3.138257493
11,20,5.5,-13.52112676,13,0,13.46683989,0.515772317,28.8042109,0,25.63682005,83.55006002,3.612,3.138257493
11,20,6,17.53521127,56,0,60.73280733,2.578861587,28.7547291,0,25.60662067,83.35017949,3.053,3.138257493
11,20,6.5,104.084507,181.6,48.6,192.7606494,8.510243238,28.70524731,0.1,25.8884816,82.55065739,3.333,3.138257493
11,20,7,170.7746479,269.2,70.6,294.9501991,12.63642178,28.6359728,0,26.37167176,79.36256299,4.43,3.138257493
11,20,7.5,217.1126761,317.2,89.8,308.1529833,15.98894184,28.55680193,0.1,26.89512778,76.68416394,4.353,3.138257493
11,20,8,279.9295775,411.6,124.6,594.1252891,22.17820965,28.65576551,0.1,27.65011241,73.73592618,4.706,3.138257493
11,20,8.5,456.3380282,601,133.6,669.1171034,23.98341276,29.18027253,0,28.42522997,70.88762868,4.087,3.103948293
11,20,9,473.1690141,593,132,673.8701057,23.7255266,29.59591959,0.1,29.11981583,69.3385546,3.91,3.103948293
11,20,9.5,594.3661972,672,157,745.1651404,28.1095913,29.84332856,0,29.58287307,67.65955817,4.013,3.103948293
11,20,10,709.8591549,835.6,177.2,945.3193489,31.71999752,30.16001204,0.1,30.32779124,65.09109341,4.034,3.068916779
11,20,10.5,512.1126761,604.2,142,691.2977809,25.78861587,30.93192802,0,30.64991802,63.84184012,4.191,3.068916779
11,20,11,402.2535211,476,114,550.2920456,20.88877886,31.61477677,0,31.08277588,62.64255696,3.692,3.033137246
11,20,11.5,552.2535211,635.6,147.4,733.5466903,27.07804667,31.97104568,0.1,31.50556727,60.63375767,5.261,3.033137246
11,20,12,780.9859155,892.4,196,1006.844323,36.10406222,32.47575998,0,31.81762759,59.41448646,6.553,3.033137246
11,20,12.5,703.5211268,813.2,178.6,924.9870613,33.00942832,33.45549949,0,32.42161529,57.17582457,6.343,2.996582688
11,20,13,584.5070423,680.2,155.4,770.5144861,28.36747746,33.84145748,0,32.70347622,56.04649959,5.197,2.996582688
11,20,13.5,662.6760563,761.8,176.6,853.4279709,31.97788368,33.42581041,0.1,32.88467254,55.57678036,5.043,2.959224716
11,20,14,605.6338028,698,166.4,776.8518225,29.65690825,33.0695415,0,33.4483944,53.21819014,4.571,2.959224716
11,20,14.5,320.9859155,394,99,442.5573265,17.27837264,33.1882978,0,33.30746393,53.0482917,4.156,2.921033461
11,20,15,355.5633803,422.4,105.8,481.373512,19.08357575,33.33674319,0,33.30746393,52.63853662,4.272,2.921033461
11,20,15.5,311.971831,388.8,99.8,431.2029321,17.53625879,33.4060177,0.1,33.21686577,52.31872778,5.203,2.921033461
11,20,16,164.8591549,216,57.2,243.7233964,10.31544635,33.29715775,0,30.70025033,62.94237775,5.359,2.881977479
11,20,16.5,88.5915493,141,38.2,160.8099116,7.220812445,33.08933422,0,28.80775552,67.97936702,5.605,2.881977479
11,20,17,64.92957746,116.8,32.8,130.7075636,6.18926781,32.66379079,0,28.9688189,68.52903846,3.548,2.881977479
11,20,17.5,14.92957746,55.4,14.8,64.6936426,2.836747746,32.10959471,0,28.6265592,69.88822604,3.412,2.881977479
11,20,18,-25.98591549,12.4,3.4,14.78711831,0.773658476,31.76322215,0,27.9420398,72.01695365,3.227,2.881977479
11,20,18.5,-33.45070423,0.2,0,0.264055684,0,31.42674595,0,27.47898256,73.81587839,2.421,2.881977479
11,20,19,-26.61971831,0,0,0,0,31.11995883,0,27.29778625,75.14508389,2.121,2.881977479
11,20,19.5,-31.4084507,0,0,0,0,30.82306807,0,27.0461247,76.31438497,1.685,2.881977479
11,20,20,-28.45070423,0,0,0,0,30.58555546,0,26.81459608,78.62300505,0.776,2.881977479
11,20,20.5,-27.18309859,0,0,0,0,30.42721372,0,26.74413085,81.25143397,2.011,2.881977479
11,20,21,-35.91549296,0,0,0,0,30.24907927,0,26.22067484,81.35137423,2.937,2.881977479
11,20,21.5,-26.69014085,0,0,0,0,30.05115209,0,26.26094069,80.45191186,1.946,2.842023636
11,20,22,-14.36619718,0,0,0,0,29.94229215,0,26.42200407,80.85167292,1.696,2.881977479
11,20,22.5,-20.98591549,0,0,0,0,29.86312128,0,26.63339977,81.55125476,0.982,2.842023636
11,20,23,-28.52112676,0,0,0,0,29.77405405,0,26.47233638,81.95101581,2.096,2.842023636
11,20,23.5,-20.28169014,0,0,0,0,29.67509046,0.1,26.28107361,81.25143397,2.124,2.842023636
11,21,0,-18.87323944,0,0,0,0,29.59591959,0,26.42200407,80.25203134,1.891,2.842023636
11,21,0.5,-19.57746479,0,0,0,0,29.52664508,0,26.41193761,79.54245547,1.904,2.842023636
11,21,1,-18.8028169,0,0,0,0,29.47716329,0,26.32133946,80.15209107,2.143,2.842023636
11,21,1.5,-16.83098592,0,0,0,0,29.44747421,0,26.08981083,80.95161318,2.138,2.842023636
11,21,2,-16.83098592,0,0,0,0,29.3781997,0,26.18040899,80.95161318,2.529,2.842023636
11,21,2.5,-20.35211268,0,0,0,0,29.27923611,0,26.40187115,80.45191186,2.487,2.842023636
11,21,3,-18.30985915,0,0,0,0,29.2099616,0,26.58306746,79.6324017,2.866,2.842023636
11,21,3.5,-17.25352113,0,0,0,0,29.14068709,0,26.73406439,78.89284376,2.722,2.842023636
11,21,4,-23.5915493,0,0,0,0,29.0912053,0,26.74413085,78.48308868,3.013,2.842023636
11,21,4.5,-24.08450704,0,0,0,0,29.03182715,0,26.67366562,78.76292141,2.341,2.842023636
11,21,5,-18.5915493,0,0,0,0,29.03182715,0,26.43207054,79.95221055,2.117,2.842023636
11,21,5.5,-11.90140845,7.6,0,8.713837574,0.257886159,29.0417235,0,26.16027607,82.05095607,1.349,2.842023636
11,21,6,14.08450704,43.8,0,49.37841292,2.320975429,29.05161986,0,26.00927914,83.35017949,1.855,2.842023636
11,21,6.5,43.09859155,93.6,0,108.5268862,5.157723175,29.01203443,0,26.19047545,83.45011976,1.613,2.842023636
11,21,7,94.57746479,173.4,0,206.2274893,9.026015556,28.94275992,0,26.51260223,83.25023923,1.727,2.801136995
11,21,7.5,244.8591549,359.6,100.8,317.1308766,17.79414495,28.7547291,0,27.35818502,80.15209107,3.478,2.801136995
11,21,8,258.0985915,391.2,118.4,567.1916094,20.88877886,28.83389997,0,28.3648312,73.38613526,4.188,2.801136995
11,21,8.5,455.5633803,582.4,133.2,661.4594886,23.7255266,29.38809606,0,29.35134445,67.30976725,4.381,2.801136995
11,21,9,426.2676056,521.4,119.8,606.5359063,21.40455117,29.84332856,0,30.03586385,63.05231204,4.941,2.801136995
11,21,9.5,473.028169,554.2,135,611.0248529,23.98341276,30.18970111,0,30.7606491,62.74249723,3.973,2.759280685
11,21,10,600,718.6,162,809.3306717,28.62536362,30.52617731,0,31.39483619,62.04291538,3.807,2.759280685
11,21,10.5,475.4929577,574.8,136,654.5940408,24.49918508,31.01109889,0,31.84782697,60.61376962,4.047,2.716415763
11,21,11,588.028169,670.6,161.4,770.5144861,28.88324978,31.64446585,0,32.32095068,58.42507786,4.451,2.716415763
11,21,11.5,759.1549296,853.6,195.2,986.5120357,34.55674527,32.69347987,0,33.08600177,56.41627857,4.342,2.716415763
11,21,12,633.0985915,738.6,165.6,841.5454651,29.91479441,33.43570677,0,33.39806209,55.03710293,4.41,2.672501059
11,21,12.5,741.5492958,832.8,186,942.4147364,33.78308679,34.05917737,0,33.90138518,52.36869791,3.918,2.627493012
11,21,13,593.6619718,671.8,151.8,768.4020406,27.85170514,34.45503172,0,34.1329138,50.47982693,4.466,2.627493012
11,21,13.5,630.9859155,748,171.4,851.8436368,31.20422521,33.97011014,0,34.27384426,46.57216264,4.945,2.581345488
11,21,14,487.0422535,576.6,136.4,662.779767,24.75707124,33.58415215,0,34.86776551,47.22177435,4.082,2.581345488
11,21,14.5,370.4225352,447,110,511.2118043,19.59934806,33.84145748,0,34.71676858,48.36109335,3.36,2.534009579
11,21,15,275.4225352,345.2,88.4,388.9540226,15.47316952,33.93052471,0,34.54563873,50.92955812,3.11,2.534009579
11,21,15.5,138.943662,184.2,48.6,209.3961575,8.510243238,33.96021378,0,33.89131871,52.6685187,2.335,2.534009579
11,21,16,-95,57.4,14.4,64.95769828,2.320975429,33.62373759,0,29.83453462,67.08989867,5.335,2.627493012
11,21,16.5,-38.5915493,19.6,5.2,23.50095588,1.031544635,32.83202889,0,28.05277088,77.67357255,3.408,3.033137246
11,21,17,-55.98591549,2.6,0.4,3.432723893,0,31.83249666,0,27.03605824,79.74233599,4.439,3.330238739
11,21,17.5,-26.05633803,1.4,0,1.848389788,0,30.40742101,0,25.06303173,87.24784976,5.142,4.436710259
11,21,18,-32.3943662,0.2,0,0,0,29.8334322,0,24.59997449,89.8462966,4.503,4.450287922
11,21,18.5,-25.21126761,0,0,0,0,29.51674872,0,24.3080471,90.64581871,3.263,4.36647031
11,21,19,-34.01408451,0,0,0,0,29.33861427,0,24.23758187,90.9456395,4.098,4.307269667
11,21,19.5,-35.49295775,0,0,0,0,29.14068709,0,24.73083849,89.94623686,3.891,4.260971312
11,21,20,-20.56338028,0,0,0,0,28.98234535,0,24.5194428,91.04557976,3.514,4.422979751
11,21,20.5,-10.35211268,0,0,0,0,28.47763106,0,24.20738248,92.04498239,2.453,4.818123021
11,21,21,-13.87323944,0,0,0,0,28.24011845,0,24.14698371,92.34480318,3.751,4.747189665
11,21,21.5,-12.88732394,0,0,0,0,28.05208763,0,23.79465755,92.54468371,2.498,4.726062086
11,21,22,-12.74647887,0,0,0,0,27.93333133,0,23.72419232,92.8445045,2.579,4.682578795
11,21,22.5,-16.12676056,0,0,0,0,27.82447138,0,23.69399293,93.34420581,3.456,4.648838611
11,21,23,-22.53521127,0,0,0,0,27.69581872,0,23.87518924,93.54408634,3.775,4.625781237
11,21,23.5,-22.6056338,0,0,0,0,27.58695877,0,23.50273016,93.44414608,2.681,4.637367568
11,22,0,-16.61971831,0,0,0,0,27.49789154,0,23.29133446,93.74396687,2.691,4.660196267
11,22,0.5,-15.14084507,0,0,0,0,27.39892796,0.1,23.47253077,93.94384739,2.16,4.660196267
11,22,1,-14.36619718,0,0,0,0,27.31975709,0,23.53292954,94.14372792,2.203,4.648838611
11,22,1.5,-17.46478873,0,0,0,0,27.28017165,0,23.63359416,94.34360844,2.471,4.614077674
11,22,2,-22.11267606,0,0,0,0,27.28017165,0,23.60339478,94.44354871,2.6,4.541279556
11,22,2.5,-22.74647887,0,0,0,0,27.29996437,0,23.57319539,94.54348897,2.227,4.450287922
11,22,3,-22.95774648,0,0,0,0,27.31975709,0,23.50273016,94.54348897,1.858,4.395048566
11,22,3.5,-21.90140845,0,0,0,0,27.34944616,0,23.39199908,94.54348897,1.681,4.322333774
11,22,4,-20.49295775,0,0,0,0,27.33954981,0,23.47253077,94.64342923,1.424,4.276592177
11,22,4.5,-19.71830986,0,0,0,0,27.32965345,0,23.47253077,94.64342923,1.95,4.229145817
11,22,5,-20.77464789,0.2,0,0,0,27.31975709,0,23.42219846,94.7433695,2.005,4.196514589
11,22,5.5,-17.32394366,5.2,1.2,6.073280733,0,27.30986073,0,23.34166677,94.7433695,1.925,4.163043047
11,22,6,-5.352112676,24,6.2,26.40556841,1.031544635,27.29996437,0,23.32153385,94.84330976,1.711,4.145980777
11,22,6.5,16.4084507,60.2,14.6,67.59825512,2.320975429,27.28017165,0,23.44233139,94.94325002,1.143,4.111179251
11,22,7,61.83098592,124.6,30.4,142.5900694,5.157723175,27.31975709,0,23.82485693,94.94325002,1.304,4.093429949
11,22,7.5,114.5774648,197.4,49.2,222.8629973,8.252357079,27.53747698,0,24.03625263,94.64342923,1.254,4.075441329
11,22,8,147.3943662,237.4,59.2,269.3367977,10.05756019,27.79478231,0,24.40871172,94.34360844,1.288,4.057207964
11,22,8.5,219.5774648,294.2,72.8,330.3336608,12.37853562,28.15105122,0,24.8617025,94.04378766,0.95,4.038724253
11,22,9,205.6338028,268,67.2,306.0405378,11.34699098,28.42814926,0,25.17376281,93.34420581,1.139,4.019984414
11,22,9.5,193.6619718,284,71.8,320.0354891,12.12064946,28.74483274,0,25.43549082,92.64462397,1.632,4.000982477
11,22,10,248.5915493,316.2,79,363.0765656,13.1521941,29.00213807,0,25.71735175,91.44534081,2.42,3.981712275
11,22,10.5,165.915493,221.4,56.6,251.1169555,9.541787873,29.19016888,0,25.81801637,89.8462966,2.866,3.981712275
11,22,11,230.7042254,325.6,82.4,367.0374008,13.41008025,29.33861427,0,26.0998773,88.84689397,3.037,3.962167436
11,22,11.5,450.4225352,581.8,142.8,648.5207601,22.95186813,29.56623052,0,26.50253577,87.34779002,2.55,3.942341374
11,22,12,600,715.2,171.6,795.8638318,28.1095913,30.38762829,0,27.20718809,85.04916397,1.748,3.922227279
11,22,12.5,462.1830986,568,140.4,636.1101429,22.69398197,30.53607367,0,27.88164103,81.65119502,1.859,3.901818108
11,22,13,524.2957746,615.4,150.4,688.657224,24.49918508,30.75379356,0,28.6265592,79.17267649,1.598,3.901818108
11,22,13.5,352.2535211,438.8,109.8,492.9919621,17.79414495,30.99130617,0.1,29.25067983,76.33437302,1.326,3.881106577
11,22,14,571.8309859,683,165.6,758.6319803,26.82016051,31.25850786,0,29.88486693,74.29559165,1.289,3.860085144
11,22,14.5,475.1408451,560,136.6,631.885252,22.69398197,31.85228938,0,30.56938633,70.22802294,1.304,3.838746003
11,22,15,575.3521127,685.6,169.2,754.4070894,27.59381898,33.2377796,0,30.88144664,67.0998927,1.576,3.817081071
11,22,15.5,391.971831,478.6,122.4,536.56115,20.37300654,33.97011014,0,31.63643128,62.66254502,1.715,3.817081071
11,22,16,283.3802817,376.4,101.4,433.0513219,17.02048648,33.78207933,0,31.71696297,61.18342912,1.386,3.795081971
11,22,16.5,133.7323944,203.8,58.2,241.3468952,10.31544635,33.4060177,0.1,31.59616543,62.39270631,1.85,3.772740025
11,22,17,6.690140845,47.6,12.4,65.22175396,2.578861587,32.614309,0,30.84118079,66.17044825,2.404,3.772740025
11,22,17.5,-12.53521127,23.6,6.2,30.36640367,1.547316952,31.74342943,0,29.95533216,70.22802294,2.411,3.772740025
11,22,18,-25.84507042,5.2,1.2,7.12950347,0,31.10016612,0,29.36141091,74.06572904,2.275,3.750046232
11,22,18.5,-23.94366197,0,0,0,0,30.59545182,0,28.77755613,76.11450444,2.795,3.750046232
11,22,19,-12.18309859,0,0,0,0,30.20949383,0.1,28.01250503,77.13389512,4.27,3.750046232
11,22,19.5,-24.08450704,0,0,0,0,30.01156666,0,25.35495912,79.0627422,6.864,3.750046232
11,22,20,-45,0,0,0,0,29.84332856,0,23.92552155,84.64940292,5.042,3.726991262
11,22,20.5,-23.45070423,0,0,0,0,29.52664508,0,23.2007363,88.74695371,3.968,3.772740025
11,22,21,-19.08450704,0,0,0,0,29.10110166,0.1,22.96920768,90.44593818,1.905,3.901818108
11,22,21.5,-18.38028169,0,0,0,0,28.74483274,0,23.00947353,90.9456395,0.995,4.000982477
11,22,22,-18.8028169,0,0,0,0,28.51721649,0,22.99940707,91.14552002,0.839,4.038724253
11,22,22.5,-18.73239437,0,0,0,0,28.39846019,0,23.04973938,91.14552002,1.596,4.057207964
11,22,23,-25.21126761,0,0,0,0,28.27970388,0.1,23.00947353,91.24546029,1.117,4.075441329
11,22,23.5,-26.83098592,0,0,0,0,28.15105122,0,22.99940707,91.54528108,1.9,4.057207964
11,23,0,-28.8028169,0,0,0,0,28.05208763,0,22.94907476,91.84510187,1.532,4.038724253
11,23,0.5,-32.32394366,0,0,0,0,27.9630204,0.1,22.86854307,92.04498239,1.661,4.038724253
11,23,1,-31.1971831,0,0,0,0,27.89374589,0,22.87860953,92.34480318,1.84,4.019984414
11,23,1.5,-29.22535211,0,0,0,0,27.82447138,0.1,22.94907476,92.64462397,2.601,4.000982477
11,23,2,-24.36619718,0,0,0,0,27.75519687,0,22.91887537,92.94444476,2.176,4.000982477
11,23,2.5,-17.95774648,0,0,0,0,27.69581872,0,22.94907476,93.14432529,1.43,3.981712275
11,23,3,-15.98591549,0,0,0,0,27.63644057,0.1,22.96920768,93.34420581,2.005,3.981712275
11,23,3.5,-13.16901408,0,0,0,0,27.58695877,0,22.98934061,93.54408634,2.114,3.962167436
11,23,4,-17.04225352,0,0,0,0,27.53747698,0.1,22.99940707,93.74396687,2.339,3.962167436
11,23,4.5,-19.71830986,0,0,0,0,27.5077879,0,22.94907476,93.94384739,2.036,3.942341374
11,23,5,-21.33802817,0.2,0,0.264055684,0,27.46820247,0,22.99940707,94.14372792,1.699,3.942341374
11,23,5.5,-5.633802817,6,1.4,6.865447786,0,27.41872068,0.1,23.00947353,94.44354871,2.315,3.922227279
11,23,6,12.25352113,28.2,7.2,31.4226264,1.289430794,27.37913524,0,23.01953999,94.64342923,2.158,3.922227279
11,23,6.5,23.45070423,56,13.4,65.22175396,2.06308927,27.37913524,0.1,23.150404,94.7433695,1.923,3.922227279
11,23,7,16.54929577,53.6,12.8,63.10930849,1.805203111,27.3890316,0,23.32153385,94.7433695,2.01,3.901818108
11,23,7.5,13.73239437,50.2,11.6,61.2609187,1.805203111,27.36923888,0,23.412132,94.7433695,1.653,3.901818108
11,23,8,48.8028169,110.8,25.8,135.4605659,4.384064698,27.3890316,0,23.31146738,94.84330976,1.338,3.962167436
11,23,8.5,124.4366197,211.6,51,248.212343,7.994470921,27.43851339,0.1,23.68392647,94.94325002,1.363,4.128694494
11,23,9,282.7464789,377,91,438.3324355,14.18373873,27.7255078,0,24.13691725,94.44354871,1.422,4.128694494
11,23,9.5,285.4225352,336.4,83.2,381.8245192,13.1521941,28.0125022,0,24.84156957,93.84390713,2.186,4.128694494
11,23,10,276.2676056,332.6,82.8,382.0885748,12.89430794,28.20053301,0,24.9925665,93.44414608,2.827,4.111179251
11,23,10.5,412.6760563,485.4,118.4,566.1353866,18.82568959,28.44794198,0,25.36502559,92.74456423,2.858,4.093429949
11,23,11,336.971831,387.8,96.4,448.1024959,14.95739721,28.67555823,0,25.81801637,91.04557976,3.669,4.075441329
11,23,11.5,223.4507042,371.8,93.4,430.1467093,14.44162489,28.86358905,0,25.50595605,89.94623686,3.215,4.057207964
11,23,12,556.9014085,666.2,160.2,752.5586996,24.49918508,29.41778514,0,25.93881391,88.94683423,2.993,4.038724253
11,23,12.5,452.5352113,546.2,134.8,618.1543564,20.37300654,29.57612687,0,26.573001,86.74814844,3.322,4.019984414
11,23,13,400.2112676,493.2,123.8,557.9496604,18.82568959,29.91260307,0.1,27.01592532,84.1497016,2.947,4.000982477
11,23,13.5,328.943662,414,105.6,468.1707278,15.73105568,29.98187758,0,27.30785271,81.55125476,1.993,4.000982477
11,23,14,450.5633803,548,136.4,618.6824678,20.6308927,30.1204266,0,27.8111758,79.12270636,1.408,3.981712275
11,23,14.5,447.6056338,563.6,140.4,633.4695861,21.40455117,30.53607367,0,28.24403366,75.50486883,1.39,3.962167436
11,23,15,486.4084507,603.8,150.4,668.3249364,22.95186813,31.54550226,0,29.0493506,71.6171926,1.287,3.942341374
11,23,15.5,334.0140845,429.6,110.4,484.2781246,17.02048648,31.91166753,0,29.49227492,70.53783775,2.106,3.922227279
11,23,16,250.915493,340.2,90.8,387.6337442,14.18373873,32.04032019,0.1,29.28087922,69.92820215,1.987,3.901818108
11,23,16.5,121.056338,183,48.8,214.6772711,8.252357079,31.88197845,0,29.32114507,69.62838136,1.869,3.901818108
11,23,17,75.42253521,136.4,38.4,157.9052991,6.447153968,31.33767873,0,29.21041399,70.20803489,1.677,3.881106577
11,23,17.5,31.83098592,80.2,22,90.57109963,3.610406222,30.86265351,0,29.09968291,70.94759283,1.645,3.881106577
11,23,18,-16.69014085,24.2,6.8,27.46179114,1.031544635,30.43711008,0,28.74735674,73.79589033,2.266,3.860085144
11,23,18.5,-37.74647887,0.8,0.2,0.792167052,0,30.07094481,0,27.8111758,78.48308868,2.957,3.860085144
11,23,19,-37.32394366,0,0,0,0,29.78395041,0,26.90519424,81.95101581,2.811,3.860085144
11,23,19.5,-38.38028169,0,0,0,0,29.496956,0,26.42200407,84.34958213,2.789,3.838746003
11,23,20,-38.38028169,0,0,0,0,29.24954704,0,26.0193456,85.94862634,2.388,3.838746003
11,23,20.5,-38.87323944,0,0,0,0,29.05161986,0,25.82808283,86.94802897,1.872,3.838746003
11,23,21,-38.38028169,0,0,0,0,28.86358905,0,25.63682005,87.34779002,1.396,3.817081071
11,23,21.5,-36.05633803,0,0,0,0,28.71514367,0,25.35495912,87.84749134,0.996,3.817081071
11,23,22,-36.33802817,0,0,0,0,28.59638736,0.1,25.1234305,88.54707318,1.106,3.817081071
11,23,22.5,-34.78873239,0,0,0,0,28.47763106,0,25.04289881,89.24665502,0.492,3.795081971
11,23,23,-33.66197183,0,0,0,0,28.36877111,0,24.7811708,89.8462966,0.256,3.795081971
11,23,23.5,-24.85915493,0,0,0,0,28.25991117,0,24.79123727,90.44593818,1.007,3.795081971
11,24,0,-30.70422535,0,0,0,0,28.19063665,0,24.87176896,90.64581871,1.803,3.795081971
11,24,0.5,-33.8028169,0,0,0,0,28.09167307,0,24.71070557,90.64581871,1.649,3.772740025
11,24,1,-34.01408451,0,0,0,0,28.02239856,0,24.6503068,90.74575897,1.578,3.772740025
11,24,1.5,-33.16901408,0,0,0,0,27.9630204,0,24.48924341,90.74575897,1.394,3.772740025
11,24,2,-32.32394366,0,0,0,0,27.90364225,0,24.31811356,91.14552002,0.969,3.772740025
11,24,2.5,-32.67605634,0,0,0,0,27.86405682,0,24.10671786,91.44534081,1.551,3.772740025
11,24,3,-30.70422535,0,0,0,0,27.79478231,0,24.00605325,91.54528108,2.072,3.750046232
11,24,3.5,-29.71830986,0,0,0,0,27.71561144,0.1,24.07651848,91.7451616,1.92,3.750046232
11,24,4,-22.25352113,0,0,0,0,27.64633693,0,24.19731602,91.84510187,2.384,3.750046232
11,24,4.5,-29.50704225,0,0,0,0,27.56716606,0,24.23758187,91.7451616,2.191,3.750046232
11,24,5,-41.33802817,0.2,0,0.264055684,0,27.53747698,0,24.31811356,91.64522134,1.751,3.750046232
11,24,5.5,-30.98591549,7.4,2,8.185726206,0,27.51768426,0,24.26778125,91.44534081,1.62,3.750046232
11,24,6,11.33802817,46.4,12,52.28302544,1.805203111,27.49789154,0,24.34831295,91.44534081,1.721,3.726991262
11,24,6.5,79.36619718,127.4,33.4,139.6854569,5.157723175,27.51768426,0,24.53957572,91.14552002,2.439,3.726991262
11,24,7,100.7746479,147.4,38.2,164.5066912,5.931381651,27.5572697,0,24.91203481,90.34599792,2.939,3.726991262
11,24,7.5,113.3098592,162,41.8,184.3108675,6.705040127,27.63644057,0,25.3348262,89.14671476,2.971,3.726991262
11,24,8,143.5211268,198.6,50.6,233.6892804,8.252357079,27.7255078,0.1,25.57642128,87.64761081,3.379,3.726991262
11,24,8.5,372.0422535,473,111.4,525.9989227,17.27837264,27.91353861,0,26.3616053,85.54886528,4.599,3.703565429
11,24,9,476.6197183,610.4,142.2,665.1562682,20.88877886,28.11146579,0,27.52931487,80.95161318,4.952,3.703565429
11,24,9.5,651.4084507,688.2,171.8,741.9964722,25.53072971,28.14115486,0,28.30443243,76.32437899,5.702,3.679758684
11,24,10,685.915493,844.2,184.2,919.4418919,27.07804667,28.32918568,0,28.74735674,75.02515557,5.042,3.679758684
11,24,10.5,635.915493,772.4,178,843.1297992,26.30438819,29.11099802,0,29.06948352,73.72593215,4.958,3.65556059
11,24,11,760.5633803,873.8,196.4,928.9478965,28.88324978,30.2886647,0.1,29.70367061,71.32736583,4.457,3.65556059
11,24,11.5,831.6901408,932.6,208,1059.127349,30.94633905,31.32778237,0,30.33785771,68.9987577,4.214,3.630960307
11,24,12,784.5070423,879.6,196.2,973.8373628,29.3990221,31.9908384,0,30.82104787,67.27978517,4.557,3.605946568
11,24,12.5,779.5774648,886.2,202.6,974.3654742,29.91479441,32.42627818,0,31.47536789,65.04112328,3.909,3.605946568
11,24,13,685.2112676,758,175.6,849.7311913,26.56227435,32.63410172,0,31.85789343,62.51263462,3.745,3.580507661
11,24,13.5,545.9859155,626,148.8,713.2144027,22.95186813,32.23824737,0,32.20015313,60.85362625,4.016,3.580507661
11,24,14,678.8732394,784.2,187.6,872.7040358,28.36747746,31.66425856,0,32.6833433,59.23459399,3.884,3.554631403
11,24,14.5,618.3098592,717.2,175.4,797.7122216,26.56227435,32.16897286,0,33.17659993,57.61556173,4.214,3.528305116
11,24,15,528.3802817,625.4,156.2,696.5788946,23.98341276,32.86171797,0,33.38799562,55.65673257,4.539,3.528305116
11,24,15.5,427.9577465,522.6,135.4,586.4676743,20.88877886,33.19819416,0,33.47859378,55.47684009,3.781,3.501515604
11,24,16,328.6619718,418.8,114,471.8675074,17.53625879,33.12891965,0,33.25713162,53.86780186,3.855,3.501515604
11,24,16.5,176.4084507,243.8,69.2,280.9552478,11.08910483,32.81223617,0,33.25713162,54.04769433,3.278,3.501515604
11,24,17,102.6056338,177.4,54.8,201.7385426,9.026015556,32.3273146,0,33.06586885,56.15643388,2.882,3.501515604
11,24,17.5,27.32394366,78.6,23.2,92.68354511,4.12617854,31.80280759,0.1,32.77394146,57.00592612,2.707,3.474249121
11,24,18,-25.42253521,15,4.2,18.2198422,0.515772317,31.31788601,0,31.88809282,59.02471944,2.671,3.474249121
11,24,18.5,-32.11267606,0.2,0,0.264055684,0,30.99130617,0,31.11297526,62.12286759,1.615,3.474249121
11,24,19,-29.36619718,0,0,0,0,30.75379356,0,29.73387,67.89941481,1.627,3.474249121
11,24,19.5,-30.42253521,0,0,0,0,30.42721372,0,29.38154384,71.98697157,2.513,3.474249121
11,24,20,-31.90140845,0,0,0,0,30.08084117,0,29.10974937,74.96519141,3.039,3.474249121
11,24,20.5,-21.90140845,0,0,0,0,29.84332856,0,28.66682505,73.84586047,2.568,3.474249121
11,24,21,-15.70422535,0,0,0,0,29.67509046,0,28.65675859,73.29618902,3.13,3.474249121
11,24,21.5,-37.81690141,0,0,0,0,29.59591959,0,26.95552655,76.44430731,6.751,3.474249121
11,24,22,-20.28169014,0,0,0,0,29.59591959,0,25.05296527,82.75053792,3.516,3.528305116
11,24,22.5,-13.52112676,0,0,0,0,29.22975432,0,25.10329758,86.0485666,1.277,3.726991262
11,24,23,-12.3943662,0,0,0,0,28.96255263,0,25.34489266,87.9474316,0.992,3.772740025
11,24,23.5,-11.54929577,0,0,0,0,28.77452182,0,25.55628836,88.44713292,0.079,3.795081971
11,25,0,-15.28169014,0,0,0,0,28.67555823,0.1,25.8079499,89.34659529,1.362,3.817081071
11,25,0.5,-19.22535211,0,0,0,0,28.61618008,0,25.87841514,89.8462966,1.368,3.860085144
11,25,1,-20.49295775,0,0,0,0,28.59638736,0,25.74755113,90.34599792,0.922,3.860085144
11,25,1.5,-17.11267606,0,0,0,0,28.55680193,0,25.72741821,90.74575897,1.363,3.881106577
11,25,2,-21.61971831,0,0,0,0,28.52711285,0,25.53615544,91.24546029,3.517,3.881106577
11,25,2.5,-24.01408451,0,0,0,0,28.44794198,0,25.24422805,91.7451616,3.903,3.881106577
11,25,3,-32.46478873,0,0,0,0,28.38856383,0,24.9925665,91.84510187,3.196,3.860085144
11,25,3.5,-26.83098592,0,0,0,0,28.32918568,0,24.66037326,92.04498239,2.917,3.860085144
11,25,4,-27.04225352,0,0,0,0,28.28960024,0,24.39864526,92.34480318,2.98,3.860085144
11,25,4.5,-22.88732394,0,0,0,0,28.23022209,0,24.32818002,92.64462397,3.368,3.881106577
11,25,5,-29.01408451,0,0,0,0,28.14115486,0,24.0966514,92.8445045,3.36,3.881106577
11,25,5.5,-26.4084507,1.8,0.4,1.848389788,0,28.07188035,0,23.98592032,93.04438502,3.35,3.881106577
11,25,6,-20.91549296,8.4,2,10.03411599,0,28.00260584,0,23.8349234,93.24426555,2.761,3.881106577
11,25,6.5,-12.88732394,15.8,4,19.27606494,0.515772317,27.93333133,0,23.88525571,93.34420581,2.472,3.881106577
11,25,7,-6.338028169,24.8,6,30.89451504,1.289430794,27.88384953,0.1,24.03625263,93.6440266,2.582,3.901818108
11,25,7.5,-0.211267606,42,10,51.22680271,1.805203111,27.87395318,0,24.02618617,93.74396687,2.622,3.922227279
11,25,8,14.22535211,70.6,16.8,84.23376322,2.578861587,27.86405682,0,24.05638556,93.84390713,2.552,3.942341374
11,25,8.5,27.95774648,102.6,25.2,119.0891135,3.610406222,27.87395318,0,24.21744894,93.94384739,2.767,3.942341374
11,25,9,59.85915493,160.4,40,181.406255,5.931381651,27.87395318,0,24.38857879,93.94384739,3.213,3.942341374
11,25,9.5,86.26760563,226.6,57.4,252.1731783,8.768129397,27.93333133,0,24.45904403,93.44414608,3.636,3.942341374
11,25,10,179.3661972,305.8,77.8,336.1428858,11.8627633,28.07188035,0,24.83150311,93.04438502,3.131,3.942341374
11,25,10.5,299.5070423,396.6,100.4,438.8605469,14.69951105,28.28960024,0,25.36502559,92.34480318,3.197,3.942341374
11,25,11,448.5211268,547.6,136,608.9124074,20.11512038,28.61618008,0,26.06967791,90.74575897,3.719,3.922227279
11,25,11.5,364.0140845,451.6,115.2,504.6104122,17.02048648,28.74483274,0,26.45220346,88.04737186,5.136,3.922227279
11,25,12,590.1408451,698.2,171.4,768.6660963,25.0149574,29.0912053,0,27.31791917,85.14910423,4.819,3.901818108
11,25,12.5,336.6197183,414.8,107.2,461.8333914,15.73105568,29.21985796,0,27.90177396,79.75233002,5.268,3.901818108
11,25,13,373.8732394,454.6,116.6,507.7790805,17.02048648,29.31882155,0,28.43529643,75.85465976,4.752,3.881106577
11,25,13.5,327.7464789,409.6,106.8,454.4398323,15.47316952,29.3781997,0.1,29.03928414,74.59541244,3.66,3.881106577
11,25,14,482.4647887,571.8,142,647.4645373,21.66243733,29.53654144,0,29.1802146,69.86823799,4.98,3.860085144
11,25,14.5,528.8732394,623.8,154.6,706.0848992,23.7255266,29.88291399,0,29.79426877,65.17104562,4.9,3.838746003
11,25,15,507.8169014,603.4,152.2,681.5277206,23.46764044,31.00120253,0,30.18686078,64.03172662,3.808,3.838746003
11,25,15.5,441.4788732,536,139.8,600.7266812,21.14666502,31.67415492,0,30.67005094,64.6313682,2.503,3.817081071
11,25,16,307.1830986,388.6,106.8,447.0462731,16.76260032,31.92156389,0,30.79084849,63.71191778,2.965,3.817081071
11,25,16.5,199.3661972,273.2,80.6,317.9230436,12.89430794,31.79291123,0,30.83111433,62.74249723,2.799,3.795081971
11,25,17,129.7887324,198.6,62.8,226.0316656,10.57333251,31.46633139,0,30.99217772,63.46206712,2.53,3.795081971
11,25,17.5,38.02816901,82,24.8,96.64438037,4.384064698,30.85275715,0,30.65998448,63.71191778,3.046,3.772740025
11,25,18,-23.52112676,14.2,4.2,19.01200925,0.773658476,30.26887198,0,29.85466754,65.21102173,3.098,3.772740025
11,25,18.5,-36.54929577,0.4,0,0.528111368,0,29.93239579,0,29.20034752,67.63957012,2.407,3.772740025
11,25,19,-35.63380282,0,0,0,0,29.58602323,0,28.65675859,69.86823799,2.085,3.772740025
11,25,19.5,-33.23943662,0,0,0,0,29.32871791,0,28.03263796,74.06572904,1.641,3.750046232
11,25,20,-30.77464789,0,0,0,0,29.16047981,0,27.44878318,76.86405641,2.074,3.750046232
11,25,20.5,-29.71830986,0,0,0,0,28.95265628,0,27.3380521,78.28320815,2.264,3.750046232
11,25,21,-23.73239437,0,0,0,0,28.77452182,0,27.14678932,79.55244949,2.26,3.750046232
11,25,21.5,-14.85915493,0,0,0,0,28.65576551,0,27.23738748,80.55185213,1.473,3.750046232
11,25,22,-13.94366197,0,0,0,0,28.61618008,0,27.13672286,81.55125476,1.331,3.726991262
11,25,22.5,-15.70422535,0,0,0,0,28.59638736,0,27.29778625,82.55065739,1.923,3.726991262
11,25,23,-12.81690141,0,0,0,0,28.53700921,0,27.02599178,82.55065739,2.517,3.726991262
11,25,23.5,-13.8028169,0,0,0,0,28.4677347,0,26.90519424,82.05095607,2.004,3.726991262
11,26,0,-12.88732394,0,0,0,0,28.42814926,0,26.82466254,82.35077686,1.784,3.726991262
11,26,0.5,-12.88732394,0,0,0,0,28.39846019,0,26.68373208,82.2508366,2.091,3.726991262
11,26,1,-13.23943662,0,0,0,0,28.33908204,0,26.71393147,81.55125476,2.37,3.726991262
11,26,1.5,-12.04225352,0,0,0,0,28.2994966,0,26.67366562,81.25143397,2.057,3.703565429
11,26,2,-20.91549296,0,0,0,0,28.26980752,0,26.63339977,81.55125476,1.254,3.703565429
11,26,2.5,-18.8028169,0,0,0,0,28.26980752,0,26.52266869,84.04976134,1.081,3.703565429
11,26,3,-20.70422535,0,0,0,0,28.32918568,0,26.12001022,86.0485666,1.954,3.703565429
11,26,3.5,-24.85915493,0,0,0,0,28.28960024,0,25.92874745,86.44832765,2.127,3.703565429
11,26,4,-21.76056338,0,0,0,0,28.21042937,0,25.97907976,86.94802897,2.169,3.703565429
11,26,4.5,-23.5915493,0,0,0,0,28.17084394,0,25.97907976,87.44773029,2.114,3.703565429
11,26,5,-19.78873239,0,0,0,0,28.14115486,0.1,25.90861452,87.54767055,1.012,3.703565429
11,26,5.5,-18.5915493,7.4,1.8,8.185726206,0,28.09167307,0,25.95894683,88.14731213,1.714,3.703565429
11,26,6,-4.507042254,36.2,9.4,40.92863103,1.547316952,28.06198399,0,25.81801637,88.64701344,1.986,3.703565429
11,26,6.5,25.14084507,85,22.4,95.32410195,3.352520064,28.05208763,0,26.03947853,88.84689397,1.932,3.679758684
11,26,7,83.52112676,170.6,45.4,188.5357584,7.220812445,28.09167307,0,26.41193761,88.44713292,2.446,3.703565429
11,26,7.5,125.8450704,168.8,44.6,188.5357584,6.962926286,28.20053301,0,26.75419731,87.24784976,1.933,3.679758684
11,26,8,54.01408451,116.2,30.8,133.0840648,5.157723175,28.25001481,0,27.11658994,86.14850686,1.627,3.679758684
11,26,8.5,21.4084507,124.2,31.8,143.9103478,4.899837016,28.16094758,0,27.44878318,85.64880555,1.221,3.679758684
11,26,9,18.30985915,88.8,21.8,107.4706634,3.352520064,28.31928932,0,27.36825148,85.84868607,1.746,3.679758684
11,26,9.5,38.73239437,110.4,27.2,131.7637863,4.384064698,28.56669829,0,27.20718809,87.1479095,1.453,3.679758684
11,26,10,7.535211268,93.4,22.4,115.1282783,3.610406222,28.52711285,0,26.98572593,87.74755107,3.219,3.703565429
11,26,10.5,13.73239437,100.8,24.2,123.0499488,4.12617854,28.56669829,0,25.97907976,88.64701344,3.794,3.772740025
11,26,11,174.5774648,288.6,72.2,325.0525471,10.83121867,28.60628372,0,25.86834868,89.14671476,2.898,3.860085144
11,26,11.5,409.9295775,507.8,127.6,557.6856047,18.56780343,28.72504003,0,26.75419731,88.74695371,3.091,3.881106577
11,26,12,391.6901408,470.4,119.4,528.6394795,17.79414495,28.85369269,0,27.50918195,86.44832765,4.051,3.901818108
11,26,12.5,404.8591549,472.4,121.6,527.5832568,17.53625879,29.13079073,0,28.17356842,84.1497016,2.878,3.881106577
11,26,13,469.6478873,552.6,140.6,621.3230246,20.88877886,29.51674872,0,28.35476474,79.15268844,3.565,3.881106577
11,26,13.5,407.6056338,483.2,124.8,539.7298182,18.30991727,29.69488318,0,29.08961645,72.65657133,3.703,3.881106577
11,26,14,478.5915493,579,147.6,638.2225884,21.40455117,29.77405405,0,29.81440169,67.02993452,4.482,3.860085144
11,26,14.5,324.3661972,399.2,104.2,451.5352197,15.73105568,29.89281035,0,30.12646201,66.8700301,3.287,3.860085144
11,26,15,359.3661972,434.2,113.6,489.0311269,16.76260032,30.11053025,0,30.2069937,67.52963583,2.526,3.838746003
11,26,15.5,305.3521127,384.2,101.4,429.8826537,14.95739721,30.24907927,0,30.50898756,65.94058565,1.525,3.838746003
11,26,16,254.7887324,328.2,88.4,363.0765656,13.1521941,30.49648823,0,30.52912048,65.45087836,1.261,3.817081071
11,26,16.5,82.88732394,112,29.6,128.0670068,4.641950857,30.58555546,0,30.61971864,64.6313682,0.959,3.817081071
11,26,17,49.57746479,76.4,19.8,88.19459848,3.094633905,30.53607367,0.1,28.9688189,72.10689989,4.02,3.817081071
11,26,17.5,12.3943662,31.6,8.6,35.38346166,1.805203111,30.60534818,0,26.28107361,85.84868607,4.92,3.795081971
11,26,18,-1.549295775,14,4.2,13.73089557,0.515772317,30.1204266,0,25.79788344,87.1479095,3.482,3.795081971
11,26,18.5,-19.43661972,0.2,0,0.264055684,0,29.57612687,0,25.71735175,87.44773029,2.465,3.795081971
11,26,19,-19.57746479,0,0,0,0,29.24954704,0,25.5462219,88.54707318,1.969,3.795081971
11,26,19.5,-25.28169014,0,0,0,0,29.03182715,0,25.38515851,89.34659529,1.7,3.795081971
11,26,20,-24.43661972,0,0,0,0,28.87348541,0,25.18382927,89.8462966,1.761,3.772740025
11,26,20.5,-28.5915493,0,0,0,0,28.70524731,0,24.89190188,89.94623686,1.967,3.772740025
11,26,21,-30.21126761,0,0,0,0,28.55680193,0,24.74090496,89.94623686,1.306,3.772740025
11,26,21.5,-27.3943662,0,0,0,0,28.44794198,0,24.73083849,90.04617713,0.924,3.772740025
11,26,22,-29.01408451,0,0,0,0,28.34897839,0,24.69057265,90.44593818,0.72,3.772740025
11,26,22.5,-19.92957746,0,0,0,0,28.25991117,0,24.75097142,90.64581871,0.176,3.772740025
11,26,23,-12.6056338,0,0,0,0,28.21042937,0,24.91203481,91.04557976,0.657,3.750046232
11,26,23.5,-22.18309859,0,0,0,0,28.15105122,0,25.01269942,91.14552002,1.894,3.750046232
11,27,0,-26.26760563,0,0,0,0,28.08177671,0,24.9925665,91.24546029,2.168,3.750046232
11,27,0.5,-29.92957746,0,0,0,0,28.0125022,0,24.73083849,91.04557976,2.236,3.750046232
11,27,1,-29.78873239,0,0,0,0,27.95312405,0,24.52950926,90.84569923,1.873,3.750046232
11,27,1.5,-30.56338028,0,0,0,0,27.90364225,0,24.48924341,90.74575897,1.579,3.750046232
11,27,2,-34.43661972,0,0,0,0,27.8442641,0,24.16711663,90.64581871,2.39,3.726991262
11,27,2.5,-35.14084507,0,0,0,0,27.78488595,0,24.01611971,90.84569923,1.998,3.726991262
11,27,3,-32.95774648,0,0,0,0,27.73540415,0,23.98592032,91.04557976,1.59,3.726991262
11,27,3.5,-28.45070423,0,0,0,0,27.66612964,0,23.81479047,91.24546029,1.348,3.726991262
11,27,4,-28.5915493,0,0,0,0,27.57706241,0,23.76445816,91.64522134,0.733,3.726991262
11,27,4.5,-29.71830986,0,0,0,0,27.52758062,0,23.70405939,92.04498239,0.225,3.726991262
11,27,5,-18.94366197,0.2,0,0.264055684,0,27.47809883,0,23.70405939,92.24486292,0.495,3.726991262
11,27,5.5,-9.014084507,17,4.8,17.69173083,0.515772317,27.44840975,0,23.84498986,92.44474344,0.7,3.703565429
11,27,6,30.63380282,74,20,78.68859385,2.578861587,27.43851339,0,24.14698371,92.74456423,0.82,3.703565429
11,27,6.5,83.73239437,120.2,32.8,127.010784,4.899837016,27.49789154,0,24.47917695,92.54468371,1.731,3.703565429
11,27,7,98.5915493,138.2,37.6,150.7757956,5.673495492,27.58695877,0,24.7811708,92.14492265,1.015,3.703565429
11,27,7.5,249.084507,341.6,98.2,353.3065053,14.95739721,27.75519687,0,25.61668713,91.54528108,0.962,3.703565429
11,27,8,312.3239437,416.6,125,528.9035352,18.56780343,27.95312405,0,26.13007668,89.24665502,2.57,3.703565429
11,27,8.5,253.2394366,313.8,82.6,349.8737814,12.37853562,28.19063665,0,26.68373208,87.04796923,2.58,3.679758684
11,27,9,293.8732394,362.4,94.8,406.3816978,13.92585257,28.55680193,0,26.92532716,84.04976134,3.784,3.679758684
11,27,9.5,457.5352113,539,140.2,613.6654098,20.88877886,28.70524731,0,27.75077703,81.35137423,3.288,3.679758684
11,27,10,463.8732394,556.6,140,616.0419109,20.88877886,28.91307084,0,28.4956952,78.78290947,2.871,3.65556059
11,27,10.5,294.8591549,362,97.6,394.499192,14.18373873,29.01203443,0,28.58629336,76.71414602,3.106,3.65556059
11,27,11,762.6760563,866.4,211.6,883.2662632,30.94633905,29.7146759,0,29.2607463,74.3155797,3.719,3.65556059
11,27,11.5,850.7042254,945.2,229.6,1057.543015,33.78308679,30.55586639,0,29.73387,71.25740765,3.402,3.630960307
11,27,12,519.9295775,602.8,148,648.5207601,21.40455117,31.34757508,0,30.4183894,68.81886523,3.122,3.605946568
11,27,12.5,382.8169014,460.6,118.6,507.2509691,17.53625879,30.75379356,0,29.96539862,69.50845304,3.318,3.605946568
11,27,13,1014.788732,1179.8,285.2,1252.152054,40.48812692,31.50591682,0,31.01231064,66.65016152,3.153,3.605946568
11,27,13.5,334.5070423,389.8,101.8,415.6236467,14.44162489,31.55539862,0.1,30.95191187,65.59079473,3.344,3.580507661
11,27,14,250.5633803,331.6,87.6,371.2622918,12.89430794,31.44653867,0,29.00908475,77.10391305,2.956,3.580507661
11,27,14.5,214.5070423,353.6,93.2,400.308417,13.92585257,31.33767873,0,28.69702444,80.45191186,2.867,3.554631403
11,27,15,132.1126761,185.8,48.4,217.317828,7.736584762,31.07047704,0,28.6265592,80.25203134,3.159,3.554631403
11,27,15.5,-38.66197183,22.8,6,28.25395819,1.031544635,30.793379,0,25.96901329,81.65119502,5.911,3.554631403
11,27,16,0.14084507,41.8,10.4,49.90652429,1.805203111,30.48659188,0,25.15362989,85.44892502,2.918,3.554631403
11,27,16.5,14.78873239,66.8,17.2,74.46370291,2.320975429,29.82353584,0,25.77775052,87.54767055,1.295,3.554631403
11,27,17,18.8028169,75.6,19.4,84.4978189,3.094633905,29.36830334,0,26.00927914,88.94683423,1.026,3.580507661
11,27,17.5,-7.112676056,43.4,11.4,48.32219018,1.805203111,29.14068709,0,26.15020961,89.44653555,2.025,3.580507661
11,27,18,-25.84507042,11.2,3,12.14656147,0.257886159,29.00213807,0,26.02941206,89.8462966,1.162,3.580507661
11,27,18.5,-28.8028169,0.4,0,0.528111368,0,28.93286356,0,25.98914622,90.64581871,0.237,3.580507661
11,27,19,-30.28169014,0,0,0,0,28.84379633,0,26.00927914,91.14552002,0.032,3.580507661
11,27,19.5,-30.07042254,0,0,0,0,28.74483274,0,25.8884816,91.44534081,0.472,3.580507661
11,27,20,-30.63380282,0,0,0,0,28.64586916,0,25.90861452,91.64522134,1.038,3.605946568
11,27,20.5,-29.78873239,0,0,0,0,28.55680193,0,25.87841514,91.94504213,0.748,3.605946568
11,27,21,-30.42253521,0,0,0,0,28.4677347,0,25.8884816,92.24486292,1.473,3.605946568
11,27,21.5,-27.3943662,0,0,0,0,28.39846019,0,25.7576176,92.34480318,0.927,3.605946568
11,27,22,-22.88732394,0,0,0,0,28.35887475,0,25.66701944,92.54468371,1.196,3.605946568
11,27,22.5,-24.78873239,0,0,0,0,28.30939296,0,25.82808283,92.74456423,1.804,3.605946568
11,27,23,-24.50704225,0,0,0,0,28.26980752,0,25.7576176,92.74456423,1.546,3.605946568
11,27,23.5,-22.3943662,0,0,0,0,28.23022209,0,25.72741821,93.04438502,0.32,3.605946568
11,28,0,-22.95774648,0,0,0,0,28.20053301,0,25.57642128,93.04438502,1.92,3.605946568
11,28,0.5,-21.12676056,0,0,0,0,28.16094758,0,25.42542436,93.14432529,1.453,3.605946568
11,28,1,-18.66197183,0,0,0,0,28.12136214,0,25.38515851,93.24426555,2.158,3.605946568
11,28,1.5,-17.67605634,0,0,0,0,28.06198399,0,25.23416158,93.24426555,2.371,3.605946568
11,28,2,-16.26760563,0,0,0,0,28.0125022,0,25.19389574,93.34420581,1.977,3.605946568
11,28,2.5,-15,0,0,0,0,27.98281312,0,25.18382927,93.34420581,1.811,3.605946568
11,28,3,-19.15492958,0,0,0,0,27.95312405,0,25.17376281,93.34420581,2.066,3.605946568
11,28,3.5,-23.30985915,0,0,0,0,27.92343497,0,25.15362989,93.34420581,2.214,3.580507661
11,28,4,-32.11267606,0,0,0,0,27.88384953,0,25.03283235,93.24426555,2.514,3.580507661
11,28,4.5,-28.5915493,0,0,0,0,27.86405682,0,24.9925665,93.24426555,2.083,3.580507661
11,28,5,-27.3943662,0.2,0,0,0,27.8442641,0,25.04289881,93.24426555,2.221,3.580507661
11,28,5.5,-22.04225352,9.2,2.4,9.77006031,0.257886159,27.79478231,0,25.00263296,93.14432529,1.693,3.580507661
11,28,6,8.028169014,50.8,13.4,55.18763797,2.06308927,27.76509323,0,25.18382927,93.14432529,1.485,3.580507661
11,28,6.5,43.8028169,90.8,23.8,103.2457725,3.868292381,27.76509323,0,25.48582313,93.04438502,2.038,3.580507661
11,28,7,81.1971831,126.4,32.6,146.286849,5.415609333,27.76509323,0,25.69721883,92.54468371,2.923,3.580507661
11,28,7.5,150.2816901,203,53.6,233.6892804,8.510243238,27.8442641,0.1,25.89854806,91.54528108,2.862,3.580507661
11,28,8,231.8309859,303.2,80.8,359.6438417,12.63642178,27.9630204,0,26.30120653,89.74635634,3.355,3.580507661
11,28,8.5,292.9577465,369.8,95.4,420.376649,14.44162489,28.09167307,0,26.71393147,87.54767055,3.805,3.580507661
11,28,9,381.3380282,489.4,122,547.3874331,18.05203111,28.25991117,0,27.37831794,84.54946265,3.658,3.580507661
11,28,9.5,418.3802817,513.4,129.6,573.7930015,19.34146191,28.51721649,0,28.10310319,79.46250326,4.53,3.580507661
11,28,10,451.9014085,542.4,135.2,610.7607972,20.11512038,28.76462546,0,28.68695797,76.05454028,4.016,3.554631403
11,28,10.5,435.6338028,524.8,134.6,576.4335583,19.59934806,29.07141258,0,29.30101214,73.73592618,3.219,3.554631403
11,28,11,442.9577465,496.8,132.6,507.7790805,18.82568959,29.45737057,0,29.96539862,71.40731804,3.071,3.554631403
11,28,11.5,382.7464789,435.6,117.2,497.7449645,16.76260032,29.76415769,0,30.27745894,68.31916391,3.969,3.554631403
11,28,12,642.9577465,732,178.4,813.5555626,25.78861587,29.92249943,0,30.73044972,65.07110536,4.314,3.528305116
11,28,12.5,556.2676056,637.2,155.6,719.0236277,22.95186813,30.37773193,0,31.4451685,62.65255099,4.155,3.528305116
11,28,13,523.5211268,602.6,150.2,676.2466069,21.92032349,30.71420813,0,31.77736174,62.48265254,3.592,3.501515604
11,28,13.5,84.01408451,250.8,67.4,282.5395819,10.05756019,30.44700644,0,31.11297526,64.11167883,3.989,3.501515604
11,28,14,492.6056338,593,150.4,663.0438227,21.92032349,30.46679916,0,30.94184541,66.22041839,2.795,3.501515604
11,28,14.5,258.5211268,300,80.8,340.3677768,12.12064946,30.2886647,0,31.75722882,59.91418778,4.031,3.501515604
11,28,15,130.5633803,260.6,70.2,291.5174752,10.31544635,30.24907927,0,30.40832294,66.22041839,4.756,3.528305116
11,28,15.5,185,282.4,72.8,316.6027652,10.57333251,30.39752465,0,27.30785271,83.25023923,2.575,3.922227279
11,28,16,170.5633803,215.4,57.8,239.7625611,8.510243238,30.40742101,0,28.14336904,84.94922371,1.991,4.000982477
11,28,16.5,-22.53521127,21,4.8,26.66962409,1.547316952,29.46726693,0,25.81801637,85.44892502,6.28,4.704529498
11,28,17,3.309859155,37.4,8.8,43.0410765,2.578861587,28.97244899,0,24.98250004,90.64581871,2.498,4.893919507
11,28,17.5,-7.183098592,16.6,4,17.95578652,0.515772317,28.60628372,0,25.02276589,92.34480318,2.921,4.778148925
11,28,18,-17.53521127,7.6,1.8,7.657614838,0,28.34897839,0,25.23416158,92.94444476,2.321,4.682578795
11,28,18.5,-23.87323944,0.2,0,-0.528111368,0,28.17084394,0,25.34489266,93.14432529,1.451,4.578243453
11,28,19,-14.22535211,0,0,-0.792167052,0,28.12136214,0,25.28449389,93.44414608,2.091,4.503125352
11,28,19.5,-19.50704225,0,0,0,0,28.10156943,0,24.90196834,93.44414608,3.956,4.436710259
11,28,20,-20.98591549,0,0,0,0,28.06198399,0,24.05638556,93.34420581,3.243,4.395048566
11,28,20.5,-14.92957746,0,0,0,0,28.05208763,0,23.86512278,93.54408634,1.506,4.36647031
11,28,21,-14.85915493,0,0,0,0,27.97291676,0,23.81479047,93.6440266,1.374,4.351930654
11,28,21.5,-15.14084507,0,0,0,0,27.88384953,0,23.88525571,93.94384739,1.453,4.351930654
11,28,22,-15.42253521,0,0,0,0,27.78488595,0,23.89532217,94.24366818,1.27,4.351930654
11,28,22.5,-15.07042254,0,0,0,0,27.71561144,0,23.89532217,94.34360844,0.861,4.337219607
11,28,23,-12.46478873,0,0,0,0,27.65623328,0,24.05638556,94.44354871,1.456,4.322333774
11,28,23.5,-14.43661972,0,0,0,0,27.61664785,0,24.02618617,94.54348897,0.89,4.307269667
11,29,0,-6.126760563,0,0,0,0,27.57706241,0,24.11678433,94.7433695,1.225,4.292023697
11,29,0.5,-6.267605634,0,0,0,0,27.51768426,0,24.29798064,95.04319029,1.87,4.351930654
11,29,1,-17.46478873,0,0,0,0,27.41872068,0,24.36844587,95.34301108,1.681,4.463715554
11,29,1.5,-18.16901408,0,0,0,0,27.39892796,0,24.39864526,95.34301108,1.491,4.436710259
11,29,2,-16.26760563,0,0,0,0,27.39892796,0,24.27784771,95.44295134,2.114,4.409093509
11,29,2.5,-18.8028169,0,0,0,0,27.42861703,0,24.13691725,95.5428916,2.268,4.36647031
11,29,3,-22.67605634,0,0,0,0,27.42861703,0,24.07651848,95.64283187,2.007,4.337219607
11,29,3.5,-21.83098592,0,0,0,0,27.40882432,0,24.04631909,95.74277213,1.764,4.307269667
11,29,4,-20.28169014,0,0,0,0,27.37913524,0,24.14698371,95.84271239,1.577,4.276592177
11,29,4.5,-21.4084507,0,0,0,0,27.33954981,0,24.15705017,95.74277213,1.314,4.260971312
11,29,5,-27.53521127,0.2,0,0,0,27.31975709,0,24.10671786,95.84271239,1.47,4.229145817
11,29,5.5,-23.73239437,10.8,2.8,11.88250578,0.773658476,27.28017165,0.1,24.12685079,95.84271239,1.308,4.212933033
11,29,6,13.87323944,76.6,19.4,75.78398133,4.641950857,27.24058622,0,24.29798064,96.04259292,1.178,4.196514589
11,29,6.5,129.5774648,213.2,54.4,206.2274893,10.31544635,27.29996437,0,24.94223419,95.74277213,1.701,4.163043047
11,29,7,215.4929577,310,76,302.0797026,11.34699098,27.58695877,0,25.59655421,95.44295134,1.895,4.145980777
11,29,7.5,251.056338,373.6,103.2,317.6589879,14.18373873,27.83436774,0,25.90861452,94.7433695,2.623,4.128694494
11,29,8,269.3661972,408.4,122.2,513.8523612,16.76260032,28.00260584,0,26.3616053,93.34420581,3.159,4.111179251
11,29,8.5,455.7042254,622,146.2,637.4304213,20.11512038,28.24011845,0,26.9152607,90.34599792,4.297,4.093429949
11,29,9,501.056338,631.4,145.6,659.3470431,20.11512038,28.33908204,0,27.62997949,85.74874581,4.962,4.075441329
11,29,9.5,577.4647887,667.8,169.4,680.4714978,22.69398197,28.41825291,0,28.50576166,79.79230613,4.988,4.057207964
11,29,10,681.6901408,831.8,185.4,843.3938549,24.75707124,28.61618008,0,29.73387,73.35615318,4.793,4.038724253
11,29,10.5,650,850.6,194.4,827.5505139,25.53072971,29.58602323,0,30.67005094,68.35914002,4.533,4.019984414
11,29,11,728.8732394,787,208.4,765.7614838,27.33593283,30.73400084,0,31.47536789,63.10228217,5.401,4.000982477
11,29,11.5,751.4084507,745.8,207.4,858.7090846,27.33593283,31.30798965,0,32.15988729,60.39390104,4.565,3.981712275
11,29,12,695.0704225,842.8,200.8,862.9339755,26.56227435,31.69394764,0,32.77394146,58.11526304,4.309,3.962167436
11,29,12.5,738.7323944,901.4,217.8,919.9700033,28.36747746,31.86218574,0,33.41819501,55.59676841,4.592,3.942341374
11,29,13,522.1830986,625.4,155.8,646.936426,20.88877886,31.77311851,0,33.4483944,54.80724033,4.407,3.922227279
11,29,13.5,551.8309859,631.4,159.8,644.8239805,21.14666502,31.10016612,0,33.70005594,54.62734786,4.372,3.901818108
11,29,14,317.0422535,397.4,104.4,404.2692523,14.18373873,30.46679916,0,33.50879317,55.06708501,3.965,3.881106577
11,29,14.5,515.1408451,635,166.6,645.6161475,21.92032349,30.65482997,0,34.12284733,52.35870388,4.702,3.860085144
11,29,15,545.6338028,685.2,183.6,680.9996092,23.98341276,31.12985519,0,34.80736674,49.74026899,4.939,3.838746003
11,29,15.5,327.1126761,415.4,115.4,416.1517581,15.47316952,31.26840421,0,34.55570519,50.15002407,4.334,3.838746003
11,29,16,255.4225352,338.2,97.6,348.8175586,13.41008025,31.04078796,0,34.37450888,51.08946254,4.465,3.817081071
11,29,16.5,100.8450704,153.6,44.4,168.2034707,6.962926286,30.84286079,0,33.98191687,52.37869193,3.29,3.817081071
11,29,17,33.45070423,77.6,21.8,87.40243142,3.610406222,30.44700644,0,33.2369987,54.65732993,3.022,3.795081971
11,29,17.5,6.971830986,45,12.4,48.85030155,2.06308927,30.15011568,0,32.91487192,57.18581859,1.697,3.795081971
11,29,18,-12.67605634,12.4,3.6,12.93872852,0.257886159,29.93239579,0,32.46188114,62.45267046,1.692,3.795081971
11,29,18.5,-29.57746479,0.4,0,0.528111368,0,29.86312128,0,31.38476973,66.50025112,1.8,3.772740025
11,29,19,-23.87323944,0,0,0,0,29.79384677,0.1,30.01573093,70.94759283,1.316,3.772740025
11,29,19.5,-24.57746479,0,0,0,0,29.61571231,0,29.40167676,73.80588436,1.702,3.772740025
11,29,20,-22.32394366,0,0,0,0,29.41778514,0,29.44194261,78.12330373,1.568,3.772740025
11,29,20.5,-23.38028169,0,0,0,0,29.24954704,0,28.53596105,79.56244352,1.84,3.772740025
11,29,21,-26.4084507,0,0,0,0,29.11099802,0,28.47556228,80.95161318,1.837,3.750046232
11,29,21.5,-30.14084507,0,0,0,0,28.96255263,0,28.41516351,82.55065739,1.442,3.750046232
11,29,22,-26.1971831,0,0,0,0,28.83389997,0,28.01250503,84.1497016,1.036,3.750046232
11,29,22.5,-27.04225352,0,0,0,0,28.74483274,0,27.65011241,85.2490445,1.534,3.750046232
11,29,23,-16.90140845,0,0,0,0,28.68545459,0,27.16692225,85.54886528,1.942,3.750046232
11,29,23.5,-8.309859155,0,0,0,0,28.60628372,0,27.36825148,85.44892502,1.18,3.750046232
11,30,0,-9.507042254,0,0,0,0,28.56669829,0,27.4689161,85.04916397,1.205,3.726991262
11,30,0.5,-13.94366197,0,0,0,0,28.55680193,0,27.61991303,84.74934318,1.304,3.726991262
11,30,1,-19.15492958,0,0,0,0,28.55680193,0,27.48904902,84.84928344,1.173,3.726991262
11,30,1.5,-14.22535211,0,0,0,0,28.53700921,0,27.58971364,85.54886528,1.812,3.726991262
11,30,2,-21.33802817,0,0,0,0,28.50732013,0,27.43871671,85.94862634,1.752,3.726991262
11,30,2.5,-28.52112676,0,0,0,0,28.44794198,0,27.2575204,86.74814844,1.442,3.726991262
11,30,3,-22.25352113,0,0,0,0,28.40835655,0,26.92532716,87.9474316,1.249,3.703565429
11,30,3.5,-12.25352113,0,0,0,0,28.36877111,0,26.80452962,88.74695371,1.051,3.703565429
11,30,4,-11.12676056,0,0,0,0,28.32918568,0,26.89512778,89.24665502,1.003,3.703565429
11,30,4.5,-14.50704225,0,0,0,0,28.2994966,0,26.89512778,89.34659529,1.976,3.703565429
11,30,5,-15.56338028,0,0,0,0,28.25991117,0,26.55286808,88.74695371,2.635,3.703565429
11,30,5.5,-2.535211268,12.4,3.8,10.56222736,0.257886159,28.17084394,0,26.56293454,87.54767055,1.965,3.703565429
11,30,6,24.64788732,57.4,17.8,44.88946629,1.805203111,28.14115486,0,27.14678932,86.84808871,0.961,3.703565429
11,30,6.5,55.70422535,89.2,24.4,87.66648711,3.610406222,28.1807403,0.1,27.56958072,85.94862634,0.838,3.703565429
11,30,7,120.8450704,177.2,49.2,173.2205287,7.220812445,28.30939296,0,27.75077703,84.54946265,1.948,3.703565429
11,30,7.5,167.7464789,237.2,70.8,231.3127792,9.541787873,28.43804562,0,28.44536289,82.65059765,1.696,3.679758684
11,30,8,223.0985915,290.2,83.4,296.7985889,11.34699098,28.586491,0,29.05941706,79.18267052,2.642,3.679758684
11,30,8.5,309.2957746,405.6,105.4,394.499192,14.18373873,28.72504003,0,29.57280661,75.02515557,2.763,3.679758684
11,30,9,358.943662,456,121,441.2370481,15.73105568,29.0912053,0,30.42845586,71.26740168,2.225,3.679758684
11,30,9.5,274.084507,355,97,340.8958881,12.37853562,29.16047981,0,30.98211126,68.45908028,2.584,3.65556059
11,30,10,315.5633803,401,108.6,386.0494101,13.92585257,29.29902883,0,31.28410511,66.98995841,3.083,3.65556059
11,30,10.5,434.2253521,542.2,143.2,516.7569737,18.56780343,29.47716329,0,31.7874282,65.3509381,2.903,3.65556059
11,30,11,447.3943662,545.6,144,529.4316465,18.82568959,29.73446861,0,32.41154883,63.98175649,2.728,3.630960307
11,30,11.5,402.6056338,493.4,130.8,484.5421803,17.02048648,30.03135938,0,32.72360915,62.67253904,2.603,3.630960307
11,30,12,520.8450704,650.6,165.6,620.5308575,20.88877886,30.34804285,0,32.86453961,61.73310057,2.928,3.605946568
11,30,12.5,490.6338028,603,155.4,587.7879527,19.59934806,31.23871514,0,33.30746393,60.10407428,3.281,3.605946568
11,30,13,288.4507042,384,103.8,368.0936236,13.41008025,30.97151345,0,33.025603,62.88241359,2.648,3.580507661
11,30,13.5,204.7183099,287.4,79.8,275.4100785,10.83121867,30.83296443,0,31.98875744,69.84824994,2.948,3.580507661
11,30,14,290.8450704,386.8,105.6,367.5655122,13.92585257,30.81317171,0,31.25390573,72.42670873,2.253,3.580507661
11,30,14.5,553.3802817,697.8,185.6,660.9313772,23.98341276,31.18923334,0,32.25048544,68.6189847,2.556,3.580507661
11,30,15,401.3380282,510.2,137.6,495.632519,18.30991727,32.04032019,0,33.33766332,61.75308862,2.398,3.554631403
11,30,15.5,305.9859155,403.2,112.4,388.6899669,14.95739721,31.57519133,0,33.7101224,59.79425946,2.729,3.554631403
11,30,16,261.7605634,350.4,100.4,335.8788301,13.1521941,31.34757508,0,33.94165102,56.91597988,2.756,3.528305116
11,30,16.5,281.9014085,388.6,117,362.5484542,15.21528337,31.39705688,0,34.48523996,55.68671465,2.763,3.528305116
11,30,17,68.52112676,116.4,32.6,116.7126124,4.899837016,31.11995883,0.1,34.08258149,56.39629051,2.433,3.528305116
11,30,17.5,0.845070423,38,10.6,36.96779577,1.547316952,30.76368992,0,33.58932486,61.2533873,0.974,3.528305116
11,30,18,-21.61971831,6.8,1.8,6.865447786,0,30.5756591,0,32.30081775,68.7688951,2.06,3.528305116
11,30,18.5,-20.84507042,0.2,0,0,0,30.34804285,0,31.03244357,71.51725233,2.862,3.528305116
11,30,19,-24.01408451,0,0,0,0,30.03135938,0,30.30765832,73.14627862,2.882,3.528305116
11,30,19.5,-24.71830986,0,0,0,0,29.86312128,0,29.03928414,77.25382344,2.364,3.528305116
11,30,20,-23.87323944,0,0,0,0,29.7146759,0,28.20376781,78.58302894,2.784,3.528305116
11,30,20.5,-24.71830986,0,0,0,0,29.52664508,0,27.54944779,78.57303491,2.171,3.528305116
11,30,21,-25.84507042,0,0,0,0,29.35840698,0,27.19712163,80.15209107,1.532,3.501515604
11,30,21.5,-26.1971831,0,0,0,0,29.2099616,0,27.03605824,81.45131449,1.195,3.501515604
11,30,22,-26.90140845,0,0,0,0,29.05161986,0,26.79446316,82.85047818,2.048,3.501515604
11,30,22.5,-26.90140845,0,0,0,0,28.93286356,0,26.52266869,83.94982107,1.167,3.501515604
11,30,23,-26.90140845,0,0,0,0,28.82400361,0,26.34147238,84.84928344,2.6,3.501515604
11,30,23.5,-23.5915493,0,0,0,0,28.72504003,0,26.05961145,86.0485666,1.993,3.501515604
12,1,0,-22.88732394,0,0,0,0,28.64586916,0,26.00927914,86.84808871,1.778,3.501515604
12,1,0.5,-22.46478873,0,0,0,0,28.54690557,0,25.91868098,86.44832765,2.012,3.501515604
12,1,1,-20.49295775,0,0,0,0,28.47763106,0,26.00927914,86.44832765,0.914,3.501515604
12,1,1.5,-19.71830986,0,0,0,0,28.42814926,0,26.05961145,87.04796923,0.679,3.501515604
12,1,2,-20.28169014,0,0,0,0,28.39846019,0,25.89854806,87.54767055,1.379,3.501515604
12,1,2.5,-22.53521127,0,0,0,0,28.34897839,0,25.71735175,87.74755107,1.322,3.501515604
12,1,3,-23.94366197,0,0,0,0,28.30939296,0,25.77775052,88.24725239,0.281,3.501515604
12,1,3.5,-25.98591549,0,0,0,0,28.25991117,0,25.73748467,89.24665502,0.144,3.501515604
12,1,4,-27.11267606,0,0,0,0,28.19063665,0,25.6770859,89.94623686,0.68,3.501515604
12,1,4.5,-28.52112676,0,0,0,0,28.14115486,0,25.48582313,90.04617713,0.872,3.501515604
12,1,5,-29.50704225,0.2,0,0.264055684,0,28.07188035,0,25.38515851,90.34599792,1.373,3.501515604
12,1,5.5,-17.6056338,4.8,1,6.601392102,0,28.0125022,0,25.3348262,90.74575897,1.358,3.501515604
12,1,6,3.169014085,29.8,8,31.68668209,1.289430794,27.97291676,0.1,25.40529143,91.14552002,0.809,3.501515604
12,1,6.5,52.67605634,100.8,27.6,96.116269,4.12617854,27.95312405,0,25.72741821,91.04557976,1.006,3.501515604
12,1,7,82.32394366,121.4,33.6,114.6001669,4.899837016,28.03229492,0,26.22067484,90.54587844,1.31,3.501515604
12,1,7.5,118.3802817,169.4,48.6,162.13019,6.705040127,28.15105122,0,26.85486193,89.94623686,1.502,3.501515604
12,1,8,200.4225352,272.4,76.6,257.7183476,10.31544635,28.38856383,0,27.53938133,88.94683423,1.534,3.474249121
12,1,8.5,247.4647887,330.4,89,308.1529833,12.12064946,28.6359728,0,28.14336904,87.34779002,1.751,3.474249121
12,1,9,407.8169014,518,129.4,483.4859575,17.27837264,28.9229672,0,28.74735674,84.74934318,2.073,3.474249121
12,1,9.5,581.6901408,677.2,176,588.3160641,23.20975429,29.11099802,0,29.83453462,80.55185213,2.201,3.474249121
12,1,10,673.943662,793,186.6,753.6149223,24.49918508,29.29902883,0,31.17337403,73.40612331,2.208,3.446491342
12,1,10.5,677.4647887,788.6,193,759.688203,25.0149574,30.24907927,0,32.33101714,66.25040046,2.471,3.446491342
12,1,11,697.1830986,794,192.4,744.6370291,25.27284356,31.57519133,0,33.46852732,60.67373378,2.408,3.418227335
12,1,11.5,691.5492958,715.6,198.6,717.4392936,25.78861587,32.2778328,0,34.18324611,57.89539446,2.107,3.389441522
12,1,12,576.7605634,698.6,174.6,657.762709,22.95186813,32.21845465,0,34.32417657,58.12525707,1.653,3.389441522
12,1,12.5,406.3380282,480.4,122,466.0582824,15.98894184,32.97057791,0,33.81078702,56.77606351,3.848,3.360117648
12,1,13,-20.35211268,96.6,26.6,96.38032468,3.610406222,32.18876557,0,30.05599678,69.76829773,4.033,3.360117648
12,1,13.5,45.42253521,114,30.4,116.976668,4.899837016,31.66425856,0,28.58629336,78.44311257,3.486,3.360117648
12,1,14,48.66197183,73,18.8,78.95264953,2.836747746,30.85275715,0,27.89170749,80.55185213,3.186,3.360117648
12,1,14.5,28.45070423,53.4,13.6,57.56413913,2.06308927,30.26887198,0,27.24745394,81.45131449,2.829,3.360117648
12,1,15,12.46478873,33.6,9,35.91157303,1.805203111,29.87301764,0,27.2575204,82.65059765,2.178,3.360117648
12,1,15.5,-5,37.8,9.8,40.40051966,1.805203111,29.61571231,0,27.22732102,84.1497016,2.076,3.360117648
12,1,16,-4.154929577,24.6,6.6,26.93367977,1.547316952,29.42768149,0,26.88506132,86.14850686,2.619,3.360117648
12,1,16.5,-28.30985915,19.4,5.4,19.8041763,0.773658476,29.30892519,0,26.703865,87.9474316,2.336,3.360117648
12,1,17,-23.38028169,15,4,15.05117399,0,29.21985796,0,26.22067484,89.0467745,2.292,3.360117648
12,1,17.5,-15.91549296,11.6,3.4,11.6184501,0,29.10110166,0,26.12001022,89.94623686,1.519,3.360117648
12,1,18,-21.83098592,4.8,1.2,4.224890945,0,29.00213807,0,26.06967791,90.9456395,2.549,3.360117648
12,1,18.5,-23.16901408,0.2,0,0,0,28.94275992,0,25.87841514,91.44534081,1.786,3.360117648
12,1,19,-22.95774648,0,0,0,0,28.83389997,0,25.76768406,91.84510187,2.348,3.360117648
12,1,19.5,-17.67605634,0,0,0,0,28.74483274,0.1,25.65695298,92.44474344,2.463,3.360117648
12,1,20,-15.49295775,0,0,0,0,28.72504003,0,25.64688652,92.8445045,2.696,3.360117648
12,1,20.5,-13.8028169,0,0,0,0,28.70524731,0,25.60662067,93.14432529,1.627,3.360117648
12,1,21,-17.04225352,0,0,0,0,28.6359728,0,25.52608898,93.44414608,2.469,3.360117648
12,1,21.5,-15.56338028,0,0,0,0,28.56669829,0,25.35495912,93.74396687,2.617,3.360117648
12,1,22,-14.22535211,0,0,0,0,28.49742377,0,25.27442743,94.14372792,2.561,3.360117648
12,1,22.5,-13.45070423,0,0,0,0,28.44794198,0,25.2039622,94.34360844,2.425,3.360117648
12,1,23,-18.30985915,0,0,0,0,28.40835655,0,25.16369635,94.34360844,2.17,3.360117648
12,1,23.5,-13.5915493,0,0,0,0,28.34897839,0,25.10329758,94.54348897,2.088,3.360117648
12,2,0,-14.15492958,0,0,0,0,28.30939296,0,25.11336404,94.64342923,1.946,3.360117648
12,2,0.5,-19.50704225,0,0,0,0,28.27970388,0,24.83150311,94.44354871,1.955,3.360117648
12,2,1,-22.04225352,0,0,0,0,28.26980752,0,24.37851233,94.34360844,1.935,3.360117648
12,2,1.5,-18.52112676,0,0,0,0,28.24011845,0,24.31811356,94.54348897,0.366,3.360117648
12,2,2,-19.15492958,0,0,0,0,28.1807403,0,24.27784771,94.54348897,0,3.360117648
12,2,2.5,-19.01408451,0,0,0,0,28.10156943,0,24.33824649,94.54348897,0.694,3.360117648
12,2,3,-20.21126761,0,0,0,0,28.04219127,0,24.40871172,94.54348897,0.722,3.360117648
12,2,3.5,-11.76056338,0,0,0,0,27.98281312,0,24.55970864,94.84330976,0.12,3.360117648
12,2,4,-14.43661972,0,0,0,0,27.95312405,0,24.54964218,94.84330976,0,3.360117648
12,2,4.5,-23.66197183,0,0,0,0,27.90364225,0,24.6503068,94.84330976,0.275,3.360117648
12,2,5,-19.92957746,0,0,0,0,27.86405682,0,24.6503068,94.94325002,0.392,3.360117648
12,2,5.5,-14.43661972,6.4,1.6,5.809225049,0,27.83436774,0,24.62010741,94.94325002,0.298,3.360117648
12,2,6,4.85915493,29.2,8,26.66962409,1.289430794,27.80467867,0,24.76103788,95.04319029,0.806,3.360117648
12,2,6.5,20.63380282,64.6,17,61.2609187,2.06308927,27.75519687,0,24.40871172,94.7433695,2.546,3.360117648
12,2,7,54.71830986,99.2,26.6,93.21165647,3.868292381,27.77498959,0,24.02618617,94.64342923,2.173,3.360117648
12,2,7.5,146.9014085,219.6,60.6,207.5477677,8.768129397,27.91353861,0,24.26778125,94.44354871,2.492,3.360117648
12,2,8,222.3943662,298.4,82.2,306.3045935,12.12064946,28.05208763,0.1,24.61004095,93.74396687,2.693,3.360117648
12,2,8.5,348.8028169,454.8,116.2,439.3886583,15.47316952,28.19063665,0,25.10329758,92.74456423,2.521,3.360117648
12,2,9,322.9577465,407,107,414.0393126,14.44162489,28.45783834,0,25.65695298,91.44534081,2.093,3.360117648
12,2,9.5,351.1971831,441,117.2,443.3494935,15.47316952,28.77452182,0,26.20054191,90.04617713,1.845,3.330238739
12,2,10,316.8309859,392.2,105.8,391.0664681,13.66796641,28.98234535,0,26.55286808,88.34719265,1.804,3.330238739
12,2,10.5,444.2253521,544.6,146.4,543.1625421,18.56780343,29.29902883,0,27.03605824,86.54826792,1.582,3.330238739
12,2,11,545.9859155,647.8,168.8,635.8460872,21.40455117,29.97198122,0,27.65011241,83.15029897,1.882,3.330238739
12,2,11.5,443.1690141,540.8,143.6,541.8422637,18.56780343,30.10063389,0,27.9420398,79.75233002,1.837,3.299787062
12,2,12,462.3943662,569.6,149.8,567.1916094,19.59934806,30.24907927,0,28.55609397,76.12449847,1.59,3.299787062
12,2,12.5,332.8169014,421.6,113.6,421.6969274,14.44162489,30.35793921,0,29.07954998,72.40672068,1.455,3.299787062
12,2,13,341.7605634,433.6,116.2,430.1467093,14.95739721,30.41731737,0,29.51240784,71.2773957,1.446,3.26874408
12,2,13.5,208.0985915,317.8,87.4,322.9401016,11.8627633,30.5756591,0,29.83453462,69.67835149,1.578,3.26874408
12,2,14,126.1267606,256.2,68.6,260.3589045,9.799674032,30.19959747,0,29.58287307,70.63777802,1.445,3.26874408
12,2,14.5,3.591549296,96.2,24.4,105.8863293,4.12617854,30.21939019,0,27.20718809,77.7335367,5.7,3.26874408
12,2,15,-8.661971831,41.2,9,53.86735955,1.805203111,30.17980476,0,24.89190188,86.44832765,5.73,3.26874408
12,2,15.5,31.26760563,99.4,24.8,101.6614384,3.352520064,29.55633416,0,24.6503068,90.04617713,2.647,3.501515604
12,2,16,64.29577465,153,40,148.3992944,5.157723175,28.95265628,0,24.89190188,90.64581871,2.956,3.65556059
12,2,16.5,56.54929577,145.2,40,135.7246216,4.899837016,28.73493638,0.1,24.90196834,90.54587844,2.679,3.679758684
12,2,17,20,117,33.6,105.0941623,3.868292381,28.50732013,0,24.92210127,90.34599792,1.557,3.679758684
12,2,17.5,12.04225352,80,21.8,71.55909038,2.578861587,28.43804562,0,25.18382927,90.24605765,0.779,3.703565429
12,2,18,-9.85915493,13.2,3.6,12.41061715,0.257886159,28.39846019,0,25.1234305,90.54587844,1.167,3.703565429
12,2,18.5,-22.3943662,0.6,0,0.528111368,0,28.37866747,0,25.08316466,90.9456395,1.4,3.726991262
12,2,19,-35.21126761,0,0,0,0,28.2994966,0,24.81137019,91.34540055,2.048,3.726991262
12,2,19.5,-34.64788732,0,0,0,0,28.20053301,0,24.55970864,91.7451616,1.703,3.726991262
12,2,20,-30.07042254,0,0,0,0,28.10156943,0,24.42884464,92.34480318,2.23,3.726991262
12,2,20.5,-30.35211268,0,0,0,0,28.0125022,0,24.31811356,92.74456423,1.943,3.726991262
12,2,21,-35.77464789,0,0,0,0,27.91353861,0,24.18724956,93.04438502,1.327,3.726991262
12,2,21.5,-35.70422535,0,0,0,0,27.82447138,0,24.16711663,93.44414608,0.835,3.726991262
12,2,22,-30.84507042,0,0,0,0,27.7255078,0,24.04631909,93.44414608,0.163,3.726991262
12,2,22.5,-23.66197183,0,0,0,0,27.64633693,0,24.01611971,93.74396687,1.518,3.726991262
12,2,23,-19.78873239,0,0,0,0,27.61664785,0,23.99598678,93.74396687,0.085,3.726991262
12,2,23.5,-16.76056338,0,0,0,0,27.57706241,0,24.11678433,94.04378766,1.49,3.726991262
12,3,0,-12.18309859,0,0,0,0,27.54737334,0,24.13691725,94.34360844,1.197,3.726991262
12,3,0.5,-14.85915493,0,0,0,0,27.53747698,0,24.15705017,94.24366818,0.703,3.726991262
12,3,1,-14.15492958,0,0,0,0,27.5077879,0,24.23758187,94.34360844,1.394,3.726991262
12,3,1.5,-10.35211268,0,0,0,0,27.5077879,0,24.26778125,94.54348897,1.594,3.726991262
12,3,2,-16.97183099,0,0,0,0,27.49789154,0,24.18724956,94.7433695,1.843,3.726991262
12,3,2.5,-19.71830986,0,0,0,0,27.47809883,0,24.08658494,94.94325002,1.953,3.726991262
12,3,3,-16.47887324,0,0,0,0,27.44840975,0,24.08658494,95.14313055,1.882,3.703565429
12,3,3.5,-15.63380282,0,0,0,0,27.41872068,0.1,24.1771831,95.34301108,1.743,3.703565429
12,3,4,-21.4084507,0,0,0,0,27.3890316,0,24.15705017,95.34301108,0.839,3.703565429
12,3,4.5,-26.54929577,0,0,0,0,27.35934252,0,24.13691725,95.44295134,1.111,3.703565429
12,3,5,-17.67605634,0.2,0,0,0,27.32965345,0,24.07651848,95.64283187,1.503,3.703565429
12,3,5.5,-7.887323944,3.4,0.8,3.696779577,0,27.31975709,0,24.06645202,95.64283187,1.668,3.703565429
12,3,6,3.098591549,17.4,4.6,16.89956378,0.515772317,27.31975709,0,24.01611971,95.5428916,1.6,3.703565429
12,3,6.5,42.81690141,77.2,20,76.57614838,2.836747746,27.31975709,0,24.12685079,95.5428916,1.194,3.703565429
12,3,7,77.25352113,113.4,29.4,113.2798885,4.12617854,27.34944616,0,24.32818002,95.24307081,1.555,3.703565429
12,3,7.5,107.0422535,149.6,38.8,147.8711831,5.673495492,27.5077879,0,24.27784771,94.64342923,1.673,3.679758684
12,3,8,196.056338,265.6,71.8,265.6400182,9.541787873,27.68592236,0,24.57984157,93.94384739,2.09,3.679758684
12,3,8.5,197.0422535,254.8,66.6,238.9703941,9.283901714,27.93333133,0,24.73083849,92.14492265,2.365,3.679758684
12,3,9,211.971831,283.8,75.2,273.5616887,10.05756019,28.14115486,0,24.88183542,90.24605765,2.11,3.679758684
12,3,9.5,269.3661972,365.4,96.6,353.0424496,12.63642178,28.31928932,0,25.25429451,88.34719265,2.232,3.679758684
12,3,10,435.2816901,560.4,143.4,542.3703751,18.05203111,28.586491,0,25.90861452,85.64880555,2.423,3.65556059
12,3,10.5,494.4366197,637.2,162.2,613.9294654,19.85723422,29.05161986,0,26.67366562,82.2508366,2.548,3.65556059
12,3,11,303.8028169,404,108,385.7853544,12.89430794,29.31882155,0.1,26.84479547,81.25143397,3.043,3.65556059
12,3,11.5,422.3239437,547.6,142,526.7910897,17.53625879,29.57612687,0,27.1266564,79.7823121,2.535,3.630960307
12,3,12,615.4929577,772,190.4,757.0476462,23.46764044,30.01156666,0,28.00243857,76.41432523,2.677,3.630960307
12,3,12.5,691.5492958,856.8,205.8,839.4330196,25.27284356,31.21892242,0,28.74735674,72.55663107,2.803,3.605946568
12,3,13,590.8450704,727.2,180.6,705.0286764,22.17820965,31.90177117,0,29.27081276,70.99756297,3.109,3.580507661
12,3,13.5,658.4507042,824.2,203.8,811.1790614,25.0149574,31.45643503,0,29.71373708,69.47847096,3.395,3.580507661
12,3,14,528.2394366,661.4,167.8,655.6502635,20.88877886,30.70431177,0,29.93519923,68.51904444,3.446,3.554631403
12,3,14.5,291.1267606,380.2,100.6,385.5212987,13.41008025,30.63503726,0,29.6533383,68.41910418,3.193,3.554631403
12,3,15,420.2112676,545.2,143.8,537.3533171,18.30991727,31.33767873,0,30.2069937,66.93998828,3.447,3.528305116
12,3,15.5,117.1830986,200.6,54.2,204.1150438,7.220812445,31.04078796,0,28.76748967,73.65597397,4.307,3.528305116
12,3,16,-2.183098592,75.2,19.2,79.4807609,2.578861587,30.70431177,0,26.68373208,82.65059765,4.327,3.554631403
12,3,16.5,-25.56338028,20,5.2,21.91662178,0.515772317,30.20949383,0,25.44555728,86.84808871,5.265,3.772740025
12,3,17,-7.957746479,27.6,7.2,30.36640367,1.547316952,29.61571231,0,24.63017388,89.14671476,3.834,3.838746003
12,3,17.5,-16.33802817,24.4,6.4,25.87745704,1.031544635,29.12089437,0,24.45904403,90.24605765,4.396,3.838746003
12,3,18,-23.45070423,5.6,1.4,6.337336418,0,28.79431454,0,24.18724956,90.84569923,2.707,3.838746003
12,3,18.5,-34.50704225,0.4,0,0.528111368,0,28.54690557,0,24.0966514,91.04557976,2.658,3.838746003
12,3,19,-36.90140845,0,0,0,0,28.34897839,0,23.94565448,91.14552002,1.839,3.838746003
12,3,19.5,-38.23943662,0,0,0,0,28.19063665,0,23.88525571,91.34540055,1.821,3.838746003
12,3,20,-37.81690141,0,0,0,0,28.07188035,0,23.77452463,91.44534081,1.179,3.838746003
12,3,20.5,-38.09859155,0,0,0,0,27.93333133,0,23.77452463,91.84510187,0.182,3.838746003
12,3,21,-37.74647887,0,0,0,0,27.81457502,0,23.72419232,92.14492265,0.338,3.838746003
12,3,21.5,-36.83098592,0,0,0,0,27.68592236,0,23.6235277,92.54468371,1.04,3.838746003
12,3,22,-30.84507042,0,0,0,0,27.61664785,0,23.58326185,92.94444476,1.513,3.838746003
12,3,22.5,-24.36619718,0,0,0,0,27.56716606,0,23.61346124,93.34420581,1.163,3.838746003
12,3,23,-24.08450704,0,0,0,0,27.52758062,0,23.63359416,93.54408634,0.697,3.838746003
12,3,23.5,-27.32394366,0,0,0,0,27.48799519,0,23.65372708,93.74396687,0.399,3.817081071
12,4,0,-23.5915493,0,0,0,0,27.42861703,0,23.71412585,93.94384739,1.094,3.817081071
12,4,0.5,-22.04225352,0,0,0,0,27.40882432,0,23.60339478,94.04378766,0.54,3.817081071
12,4,1,-20.98591549,0,0,0,0,27.37913524,0,23.66379355,94.24366818,0.582,3.817081071
12,4,1.5,-20.28169014,0,0,0,0,27.33954981,0,23.58326185,94.24366818,1.02,3.817081071
12,4,2,-9.718309859,0,0,0,0,27.31975709,0.1,23.65372708,94.54348897,0.965,3.817081071
12,4,2.5,-18.16901408,0,0,0,0,27.29006801,0,23.68392647,94.7433695,1.674,3.817081071
12,4,3,-21.97183099,0,0,0,0,27.25048258,0,23.52286308,94.7433695,1.432,3.817081071
12,4,3.5,-23.94366197,0,0,0,0,27.23068986,0,23.44233139,94.84330976,1.285,3.817081071
12,4,4,-22.88732394,0,0,0,0,27.19110442,0,23.42219846,94.84330976,1.404,3.795081971
12,4,4.5,-23.16901408,0,0,0,0,27.15151899,0,23.38193262,95.04319029,0.187,3.795081971
12,4,5,-12.95774648,0.8,0.2,0,0,27.11193356,0,23.43226492,95.24307081,0.671,3.795081971
12,4,5.5,4.295774648,25,7.6,15.84334104,0.515772317,27.09214084,0,23.52286308,95.34301108,0.546,3.795081971
12,4,6,40.42253521,69.2,19,58.09225049,1.805203111,27.11193356,0,23.68392647,95.24307081,0.08,3.795081971
12,4,6.5,119.5070423,153.8,43.2,132.8200091,5.415609333,27.18120807,0,23.98592032,95.14313055,0.615,3.795081971
12,4,7,104.6478873,157.2,43,142.8541251,5.415609333,27.23068986,0,24.12685079,94.84330976,0.543,3.795081971
12,4,7.5,192.2535211,255.6,70.8,231.5768349,9.026015556,27.37913524,0,24.24764833,94.54348897,1.107,3.795081971
12,4,8,210.4225352,280,77.4,284.1239161,10.31544635,27.5572697,0,24.55970864,93.74396687,1.345,3.772740025
12,4,8.5,326.8309859,417.4,106.4,395.5554147,13.41008025,27.82447138,0,25.0730982,93.04438502,0.971,3.772740025
12,4,9,543.6619718,680.4,168.4,635.0539202,19.85723422,28.32918568,0,25.53615544,90.44593818,1.732,3.772740025
12,4,9.5,366.6197183,458,122,434.8997117,14.44162489,28.64586916,0,25.92874745,86.94802897,1.763,3.772740025
12,4,10,561.4788732,684.2,169.2,643.7677577,19.85723422,29.02193079,0,26.69379854,84.04976134,1.923,3.750046232
12,4,10.5,376.9014085,469,123.2,432.2591548,14.44162489,29.43757785,0,27.20718809,78.93281986,2.056,3.750046232
12,4,11,277.8873239,344.2,93.8,324.7884914,11.60487714,29.43757785,0,27.76084349,76.96399668,1.608,3.726991262
12,4,11.5,528.4507042,641.4,161.8,603.3672381,18.82568959,29.48705965,0,28.23396719,74.56543036,1.813,3.726991262
12,4,12,627.4647887,743.2,182.8,701.5959526,21.40455117,30.4569028,0,28.85808782,70.83765854,1.723,3.703565429
12,4,12.5,645.0704225,752.6,181.6,726.6812425,21.92032349,31.45643503,0,29.66340477,68.53903249,1.578,3.703565429
12,4,13,823.2394366,960.4,232.4,923.4027272,27.33593283,32.29762552,0.1,30.71031679,65.94058565,1.435,3.679758684
12,4,13.5,758.4507042,879.4,217,859.5012516,26.04650203,31.62467313,0,31.02237711,62.11287357,1.715,3.65556059
12,4,14,650,762,190.4,750.1821984,22.95186813,30.43711008,0,31.51563373,59.29455815,1.668,3.65556059
12,4,14.5,230.8450704,282.6,73.2,292.5736979,10.05756019,30.2886647,0,31.58609897,57.63554978,1.256,3.630960307
12,4,15,458.3802817,566.4,150.4,538.9376512,18.56780343,31.09026976,0,32.09948852,57.44566328,1.409,3.630960307
12,4,15.5,435.8450704,545.4,148.6,525.9989227,18.56780343,32.21845465,0,32.54241284,55.68671465,1.899,3.630960307
12,4,16,318.0985915,414.2,119.8,400.5724727,15.21528337,32.03042384,0,32.72360915,54.08767043,2.344,3.605946568
12,4,16.5,222.6056338,313,95.6,301.0234798,12.12064946,31.64446585,0,32.76387499,53.90777796,1.954,3.605946568
12,4,17,118.8028169,198.8,65.8,190.6482039,9.026015556,31.34757508,0,33.03566946,53.29814236,1.641,3.580507661
12,4,17.5,41.1971831,103.2,35.2,99.54899289,5.157723175,30.97151345,0,32.66321038,54.40747928,1.432,3.580507661
12,4,18,-6.126760563,31.4,10.8,30.89451504,1.547316952,30.36783557,0,31.69683005,59.05470151,2.32,3.580507661
12,4,18.5,-30.07042254,3.6,1.2,2.376501157,0,29.96208486,0,30.44858879,65.29097394,2.323,3.580507661
12,4,19,-30.21126761,0,0,0,0,29.69488318,0,29.73387,70.31796918,1.542,3.580507661
12,4,19.5,-30,0,0,0,0,29.38809606,0,29.08961645,74.47548412,0.514,3.580507661
12,4,20,-29.85915493,0,0,0,0,29.10110166,0,28.43529643,77.89344112,1.523,3.580507661
12,4,20.5,-29.92957746,0,0,0,0,28.86358905,0,27.86150811,79.75233002,1.958,3.580507661
12,4,21,-30.14084507,0,0,0,0,28.65576551,0,27.67024533,81.45131449,1.599,3.580507661
12,4,21.5,-29.57746479,0,0,0,0,28.52711285,0,27.42865025,82.85047818,0.897,3.580507661
12,4,22,-30.84507042,0,0,0,0,28.43804562,0,27.0461247,84.54946265,0.218,3.580507661
12,4,22.5,-30.98591549,0,0,0,0,28.34897839,0,26.61326685,86.14850686,0.081,3.580507661
12,4,23,-31.47887324,0,0,0,0,28.25991117,0,26.53273515,87.64761081,0,3.580507661
12,4,23.5,-32.88732394,0,0,0,0,28.16094758,0,26.39180469,88.34719265,0.959,3.580507661
12,5,0,-32.81690141,0,0,0,0,28.05208763,0,26.05961145,88.94683423,1.309,3.554631403
12,5,0.5,-32.6056338,0,0,0,0,27.97291676,0,25.79788344,89.44653555,0.821,3.554631403
12,5,1,-33.16901408,0,0,0,0,27.91353861,0,25.69721883,89.8462966,0.827,3.554631403
12,5,1.5,-33.23943662,0,0,0,0,27.85416046,0,25.49588959,90.44593818,0.919,3.554631403
12,5,2,-31.54929577,0,0,0,0,27.78488595,0,25.38515851,91.14552002,1.365,3.554631403
12,5,2.5,-28.45070423,0,0,0,0,27.71561144,0,25.39522497,91.24546029,1.291,3.554631403
12,5,3,-31.69014085,0,0,0,0,27.68592236,0,25.18382927,91.44534081,0.718,3.554631403
12,5,3.5,-32.25352113,0,0,0,0,27.64633693,0,25.15362989,91.84510187,0.769,3.554631403
12,5,4,-33.94366197,0,0,0,0,27.60675149,0,25.01269942,92.04498239,0.771,3.554631403
12,5,4.5,-33.73239437,0,0,0,0,27.59685513,0,24.8617025,92.44474344,0.588,3.554631403
12,5,5,-33.38028169,0.2,0,0.264055684,0,27.5572697,0,24.76103788,92.74456423,0.359,3.554631403
12,5,5.5,-22.74647887,17.8,5.8,13.73089557,0.515772317,27.51768426,0,24.59997449,93.14432529,0.053,3.554631403
12,5,6,2.253521127,42.4,11.8,39.34429693,1.805203111,27.42861703,0,25.13349697,93.34420581,0.373,3.554631403
12,5,6.5,47.81690141,93.4,25.6,87.93054279,3.352520064,27.43851339,0.1,25.44555728,93.44414608,1.139,3.554631403
12,5,7,84.01408451,138.6,37.8,130.7075636,5.157723175,27.57706241,0,25.81801637,93.54408634,0.87,3.554631403
12,5,7.5,204.8591549,338.8,92.6,287.0285286,11.8627633,27.7255078,0,26.51260223,93.34420581,1.288,3.554631403
12,5,8,198.3802817,267.4,72.6,243.4593407,9.799674032,27.8442641,0,26.94546009,92.54468371,1.716,3.554631403
12,5,8.5,410,542.8,136.8,496.6887417,17.02048648,28.19063665,0,27.54944779,91.44534081,2.114,3.554631403
12,5,9,334.7887324,433.6,105.2,416.6798695,13.66796641,28.34897839,0,28.00243857,89.54647581,1.792,3.528305116
12,5,9.5,398.1690141,503.6,126.2,470.8112847,15.47316952,28.59638736,0,28.58629336,86.84808871,2.056,3.528305116
12,5,10,634.5070423,777.6,183.6,736.4513029,21.92032349,28.96255263,0,29.27081276,82.45071713,1.82,3.528305116
12,5,10.5,665.4929577,809.6,198.2,764.9693167,23.46764044,29.92249943,0,30.11639555,75.66477326,1.819,3.501515604
12,5,11,633.0985915,724.4,184.4,590.6925652,22.17820965,31.16944063,0,31.06264295,70.02814241,2.127,3.501515604
12,5,11.5,642.9577465,581.2,181,668.3249364,21.92032349,32.13928378,0,31.72702943,66.45028099,1.915,3.474249121
12,5,12,738.7323944,853.8,201.2,813.2915069,23.98341276,32.30752188,0,32.4719476,63.72191181,2.128,3.474249121
12,5,12.5,555.8450704,678.8,165.8,658.5548761,20.37300654,32.71327259,0,33.00547008,59.95416388,2.07,3.446491342
12,5,13,642.2535211,772,192.4,732.4904676,22.95186813,32.19866193,0,33.31753039,57.99533473,1.859,3.446491342
12,5,13.5,537.3239437,645,164.8,620.0027462,19.85723422,31.80280759,0,34.34430949,53.47803483,2.155,3.418227335
12,5,14,41.1971831,116,32.2,113.2798885,4.384064698,31.04078796,0,33.86111933,53.81783172,1.773,3.418227335
12,5,14.5,-59.36619718,34.8,8.4,38.02401851,1.289430794,31.06058068,0,30.38819001,66.85004204,3.092,3.418227335
12,5,15,-34.50704225,18.2,4.4,21.91662178,0.515772317,30.76368992,0,26.62333331,77.55364423,4.28,3.795081971
12,5,15.5,-21.26760563,22.4,5.4,26.66962409,1.031544635,29.65529774,0,25.11336404,83.84988081,3.877,4.307269667
12,5,16,-4.85915493,34.2,8.8,35.38346166,1.547316952,28.89327812,0,24.81137019,85.94862634,1.884,4.409093509
12,5,16.5,-2.323943662,44.6,11.4,43.0410765,1.805203111,28.45783834,0,25.05296527,88.14731213,1.822,4.380841875
12,5,17,-13.52112676,30.2,8.4,27.19773546,1.289430794,28.24011845,0,25.26436097,89.64641608,2.797,4.337219607
12,5,17.5,-20.91549296,29.6,8.8,25.34934567,1.031544635,28.1807403,0,24.92210127,90.74575897,5.403,4.307269667
12,5,18,-22.25352113,16.4,5,12.67467284,0.257886159,28.14115486,0,24.5194428,91.44534081,4.428,4.276592177
12,5,18.5,-19.08450704,2.8,1,1.056222736,0,28.07188035,0,24.46911049,91.54528108,3.193,4.260971312
12,5,19,-19.92957746,0,0,0,0,28.0125022,0,24.55970864,91.84510187,2.602,4.229145817
12,5,19.5,-19.36619718,0,0,0,0,27.95312405,0.1,24.57984157,92.04498239,1.774,4.212933033
12,5,20,-24.85915493,0,0,0,0,27.90364225,0,24.49930987,92.24486292,2.257,4.196514589
12,5,20.5,-27.81690141,0,0,0,0,27.85416046,0,24.11678433,92.24486292,3.143,4.1798861
12,5,21,-23.09859155,0,0,0,0,27.81457502,0,23.66379355,92.04498239,2.136,4.163043047
12,5,21.5,-20.98591549,0,0,0,0,27.74530051,0,23.73425878,92.14492265,1.231,4.145980777
12,5,22,-20.98591549,0,0,0,0,27.676026,0,23.81479047,92.44474344,1.961,4.145980777
12,5,22.5,-19.08450704,0,0,0,0,27.60675149,0,23.80472401,92.64462397,2.992,4.128694494
12,5,23,-16.61971831,0,0,0,0,27.56716606,0,23.99598678,92.94444476,1.609,4.111179251
12,5,23.5,-20.49295775,0,0,0,0,27.5077879,0,24.0966514,93.14432529,1.589,4.111179251
12,6,0,-24.08450704,0,0,0,0,27.45830611,0,24.14698371,93.34420581,1.039,4.093429949
12,6,0.5,-19.01408451,0,0,0,0,27.42861703,0,24.11678433,93.44414608,1.263,4.075441329
12,6,1,-18.38028169,0,0,0,0,27.40882432,0,24.26778125,93.84390713,1.229,4.075441329
12,6,1.5,-19.71830986,0,0,0,0,27.3890316,0,24.36844587,93.94384739,1.527,4.057207964
12,6,2,-26.97183099,0,0,0,0,27.36923888,0,24.28791418,94.14372792,1.172,4.057207964
12,6,2.5,-23.45070423,0,0,0,0,27.36923888,0,24.10671786,94.34360844,1.936,4.038724253
12,6,3,-17.04225352,0,0,0,0,27.36923888,0,24.11678433,94.64342923,1.973,4.038724253
12,6,3.5,-15.07042254,0,0,0,0,27.37913524,0,24.00605325,94.84330976,2.408,4.019984414
12,6,4,-17.3943662,0,0,0,0,27.35934252,0,23.94565448,94.94325002,1.067,4.019984414
12,6,4.5,-14.43661972,0,0,0,0,27.34944616,0,23.88525571,95.04319029,1.577,4.019984414
12,6,5,-15,0.2,0,0,0,27.32965345,0,23.87518924,95.04319029,1.542,4.000982477
12,6,5.5,-13.30985915,7.8,2.2,6.865447786,0,27.29996437,0,23.74432524,95.04319029,1.394,4.000982477
12,6,6,-6.76056338,38,10.4,32.74290482,1.289430794,27.29006801,0,23.90538863,95.14313055,1.208,4.000982477
12,6,6.5,70.35211268,121.6,34.6,105.3582179,4.384064698,27.26037894,0.1,24.28791418,95.04319029,0.998,3.981712275
12,6,7,222.8873239,308.2,88,266.1681295,10.83121867,27.36923888,0,24.79123727,94.7433695,2.141,3.981712275
12,6,7.5,167.1830986,229.4,62.4,203.5869324,7.994470921,27.43851339,0,25.19389574,93.84390713,3.066,3.981712275
12,6,8,263.1690141,348.8,97.4,316.8668209,11.8627633,27.68592236,0,25.53615544,92.8445045,3.641,3.962167436
12,6,8.5,141.3380282,192,52.2,169.7878049,6.705040127,27.74530051,0,25.53615544,91.94504213,3.405,3.962167436
12,6,9,327.6056338,424.4,109.8,377.0715168,13.66796641,27.87395318,0,25.6770859,90.74575897,3.445,3.942341374
12,6,9.5,313.0985915,404.8,106.4,361.4922315,13.1521941,27.92343497,0,26.14014314,88.14731213,4.194,3.942341374
12,6,10,171.3380282,240,65,212.8288814,8.252357079,27.86405682,0,25.94888037,85.34898476,4.353,3.942341374
12,6,10.5,183.2394366,256,69.8,225.5035542,9.026015556,28.00260584,0,25.92874745,83.15029897,4.336,3.922227279
12,6,11,202.0422535,276.6,74.6,247.1561203,10.05756019,28.0125022,0,26.07974437,82.55065739,4.604,3.922227279
12,6,11.5,159.9295775,222.6,60.6,199.6260972,8.252357079,27.92343497,0,25.95894683,81.95101581,4.995,3.901818108
12,6,12,109.0140845,155.4,41.8,142.8541251,5.931381651,27.81457502,0,25.90861452,82.15089634,5.826,3.901818108
12,6,12.5,-7.183098592,140.6,37.6,124.8983386,4.641950857,27.7255078,0,25.45562374,84.1497016,6.169,3.901818108
12,6,13,139.3661972,299.4,80,259.3026818,9.799674032,27.69581872,0,24.79123727,86.64820818,5.441,3.901818108
12,6,13.5,219.3661972,305.4,82.8,264.5837954,10.31544635,27.59685513,0,24.54964218,85.94862634,5.001,3.881106577
12,6,14,215.8450704,309.8,84.6,266.9602966,10.83121867,27.53747698,0,24.71070557,83.84988081,4.791,3.881106577
12,6,14.5,206.6197183,299.2,83,253.229401,9.799674032,27.52758062,0.1,24.92210127,82.05095607,3.835,3.881106577
12,6,15,217.7464789,302.8,83,262.7354056,10.31544635,27.62654421,0,25.35495912,80.75173265,3.22,3.881106577
12,6,15.5,191.6901408,266.8,73,234.7455031,9.799674032,27.62654421,0,25.79788344,79.42252715,3.69,3.860085144
12,6,16,162.1830986,236.8,66.4,208.8680461,9.026015556,27.78488595,0,26.27100715,78.44311257,2.502,3.860085144
12,6,16.5,89.92957746,156,44.4,137.8370671,5.673495492,27.81457502,0,26.40187115,77.44370994,1.944,3.860085144
12,6,17,128.5211268,211.8,64.8,180.0859765,8.510243238,28.04219127,0,26.92532716,75.87464781,1.564,3.860085144
12,6,17.5,62.25352113,128.2,41,105.8863293,5.157723175,28.14115486,0,27.36825148,73.7059441,1.124,3.838746003
12,6,18,-0.422535211,31.6,10,24.8212343,1.031544635,28.00260584,0,27.47898256,72.90642199,0.98,3.838746003
12,6,18.5,-23.02816901,2.4,0.8,1.32027842,0,27.93333133,0,27.08639055,76.73413407,0.564,3.838746003
12,6,19,-30.98591549,0,0,0,0,27.87395318,0,26.55286808,80.45191186,1.003,3.838746003
12,6,19.5,-33.02816901,0,0,0,0,27.69581872,0,25.95894683,83.35017949,1.466,3.838746003
12,6,20,-28.52112676,0,0,0,0,27.51768426,0,25.51602251,84.74934318,1.361,3.838746003
12,6,20.5,-23.45070423,0,0,0,0,27.36923888,0,25.42542436,85.64880555,0.946,3.817081071
12,6,21,-25.63380282,0,0,0,0,27.27027529,0,25.45562374,86.74814844,2.173,3.817081071
12,6,21.5,-30.42253521,0,0,0,0,27.17131171,0,25.05296527,86.84808871,2.459,3.817081071
12,6,22,-42.18309859,0,0,0,0,27.09214084,0.1,24.88183542,86.74814844,2.966,3.817081071
12,6,22.5,-41.4084507,0,0,0,0,27.0525554,0,24.74090496,87.1479095,2.187,3.817081071
12,6,23,-42.32394366,0,0,0,0,27.03276269,0,24.58990803,87.74755107,2.616,3.817081071
12,6,23.5,-42.95774648,0,0,0,0,26.98328089,0,24.46911049,88.44713292,3.417,3.817081071
12,7,0,-40.70422535,0,0,0,0,26.91400638,0,24.3080471,88.74695371,2.794,3.817081071
12,7,0.5,-39.29577465,0,0,0,0,26.8843173,0,24.14698371,89.0467745,1.751,3.795081971
12,7,1,-37.11267606,0,0,0,0,26.85462823,0,23.85505632,89.64641608,0.812,3.795081971
12,7,1.5,-37.25352113,0,0,0,0,26.82493915,0,23.60339478,90.64581871,1.848,3.795081971
12,7,2,-38.5915493,0,0,0,0,26.75566464,0,23.35173323,90.9456395,1.268,3.795081971
12,7,2.5,-36.69014085,0,0,0,0,26.66659741,0,23.2007363,91.44534081,2.261,3.795081971
12,7,3,-32.25352113,0,0,0,0,26.5973229,0,23.02960645,91.84510187,1.232,3.795081971
12,7,3.5,-20.56338028,0,0,0,0,26.55773747,0,23.03967292,92.14492265,1.53,3.795081971
12,7,4,-34.64788732,0,0,0,0,26.50825567,0.1,23.12020461,92.34480318,1.089,3.772740025
12,7,4.5,-22.32394366,0,0,0,0,26.4785666,0,23.07993876,92.54468371,1.115,3.772740025
12,7,5,-26.1971831,0.2,0,0,0,26.45877388,0,23.11013815,92.74456423,0.523,3.772740025
12,7,5.5,-17.6056338,14.2,4.2,10.82628305,0.515772317,26.40929209,0,23.14033753,92.94444476,0.932,3.772740025
12,7,6,46.26760563,121.2,37.6,77.63237111,3.868292381,26.34991393,0,23.73425878,93.14432529,1.376,3.772740025
12,7,6.5,89.57746479,152.4,43.4,130.4435079,5.415609333,26.21136491,0,24.0966514,92.44474344,2.006,3.772740025
12,7,7,93.5915493,165.4,44.2,148.9274058,6.962926286,26.30043214,0,24.23758187,91.7451616,2.361,3.772740025
12,7,7.5,222.8169014,334.6,93.6,198.041763,12.12064946,26.38949937,0,24.59997449,90.34599792,2.54,3.772740025
12,7,8,283.028169,420.8,139,476.356454,17.02048648,26.49835931,0,25.39522497,85.64880555,3.88,3.750046232
12,7,8.5,475.3521127,606.6,151.8,541.0500966,18.30991727,26.6468047,0.1,26.40187115,78.55304686,4.783,3.750046232
12,7,9,307.6760563,394.6,100.8,360.1719531,13.1521941,26.78535372,0,27.05619117,74.73532881,4.638,3.750046232
12,7,9.5,518.028169,634,169.6,576.9616697,20.37300654,27.04265904,0,27.67024533,72.07691781,4.595,3.726991262
12,7,10,633.0985915,773.2,175.4,686.8088342,21.14666502,27.01296997,0,28.60642628,69.11868602,4.67,3.726991262
12,7,10.5,683.8028169,832.6,206.8,723.2485186,23.98341276,27.85416046,0,29.38154384,66.73011373,4.212,3.703565429
12,7,11,628.8732394,752,187.6,648.5207601,22.17820965,28.8042109,0,29.88486693,65.7307111,4.217,3.703565429
12,7,11.5,485.1408451,558.8,156.2,520.1896976,18.56780343,29.0417235,0,29.69360415,65.80066928,3.99,3.679758684
12,7,12,747.8873239,881.8,213,774.4753214,25.0149574,29.28913247,0.1,30.26739247,64.4414817,4.782,3.679758684
12,7,12.5,868.3098592,1030.2,248.6,919.7059476,28.88324978,29.99177394,0,30.73044972,62.82244944,4.592,3.65556059
12,7,13,780.9859155,910.4,222,824.11779,26.56227435,30.42721372,0,30.55931986,63.09228815,5.038,3.630960307
12,7,13.5,719.7183099,839.2,208,761.0084815,25.0149574,29.86312128,0,30.64991802,62.86242554,5.115,3.630960307
12,7,14,577.4647887,700.6,176.8,634.5258088,21.66243733,29.22975432,0,30.45865525,62.71251515,4.666,3.605946568
12,7,14.5,578.1690141,697.6,179.2,632.677419,21.92032349,29.40788878,0,30.96197834,61.17343509,4.36,3.605946568
12,7,15,502.3943662,617.6,163,557.1574934,20.37300654,30.31835378,0.1,31.28410511,58.79485683,4.124,3.580507661
12,7,15.5,441.1267606,548,149.6,485.3343473,18.82568959,30.65482997,0,31.72702943,56.68611728,3.795,3.580507661
12,7,16,365.6338028,471.4,135.6,420.6407047,17.02048648,30.64493362,0,32.01895682,55.85661309,3.394,3.554631403
12,7,16.5,90.91549296,136.8,39.8,133.8762318,5.673495492,30.29856106,0,31.55589958,57.92537654,4.457,3.554631403
12,7,17,50.91549296,108.2,34.4,100.6052156,5.415609333,29.80374313,0,29.50234138,68.14926546,4.258,3.554631403
12,7,17.5,6.126760563,54.8,17.8,52.54708113,2.836747746,29.43757785,0,28.61649274,71.57721649,2.79,3.554631403
12,7,18,-17.18309859,23.6,7.8,22.18067746,1.031544635,28.98234535,0.1,28.46549581,72.97638018,1.815,3.554631403
12,7,18.5,-24.36619718,1.2,0.2,1.32027842,0,28.68545459,0,27.98230565,74.5054662,2.258,3.554631403
12,7,19,-25.07042254,0,0,0,0,28.42814926,0,27.76084349,71.40731804,2.604,3.554631403
12,7,19.5,-21.47887324,0,0,0,0,28.17084394,0,28.01250503,69.82826189,2.18,3.554631403
12,7,20,-24.43661972,0,0,0,0,28.03229492,0,27.98230565,72.01695365,3.115,3.554631403
12,7,20.5,-25.77464789,0,0,0,0,27.97291676,0,27.36825148,75.66477326,2.385,3.554631403
12,7,21,-27.53521127,0,0,0,0,27.91353861,0,26.87499485,76.49427744,3.025,3.554631403
12,7,21.5,-30.77464789,0,0,0,0,27.80467867,0.1,26.55286808,76.18446262,3.213,3.554631403
12,7,22,-34.92957746,0,0,0,0,27.71561144,0,26.22067484,76.19445665,3.347,3.554631403
12,7,22.5,-28.09859155,0,0,0,0,27.62654421,0,26.14014314,76.05454028,2.364,3.554631403
12,7,23,-23.8028169,0,0,0,0,27.56716606,0,25.94888037,76.84406836,2.476,3.528305116
12,7,23.5,-25.91549296,0,0,0,0,27.5077879,0.1,25.78781698,77.20385331,2.427,3.528305116
12,8,0,-27.04225352,0,0,0,0,27.45830611,0,25.66701944,78.46310062,2.892,3.528305116
12,8,0.5,-32.46478873,0,0,0,0,27.3890316,0,25.48582313,79.55244949,2.646,3.528305116
12,8,1,-31.90140845,0,0,0,0,27.30986073,0,25.34489266,80.15209107,1.286,3.528305116
12,8,1.5,-30.07042254,0,0,0,0,27.29006801,0.1,25.1234305,81.95101581,1.291,3.528305116
12,8,2,-24.01408451,0,0,0,0,27.27027529,0,24.95230065,83.35017949,1.275,3.528305116
12,8,2.5,-22.95774648,0,0,0,0,27.21089714,0,24.83150311,84.44952239,1.518,3.528305116
12,8,3,-19.36619718,0,0,0,0,27.16141535,0.1,24.92210127,85.34898476,2.087,3.528305116
12,8,3.5,-25.42253521,0,0,0,0,27.12182991,0,24.85163604,86.0485666,1.939,3.528305116
12,8,4,-32.6056338,0,0,0,0,27.08224448,0,24.74090496,86.64820818,1.202,3.528305116
12,8,4.5,-33.66197183,0,0,0,0,27.0525554,0.1,24.55970864,87.34779002,1.86,3.528305116
12,8,5,-31.69014085,0.2,0,0,0,27.01296997,0,24.42884464,87.84749134,2.217,3.528305116
12,8,5.5,-16.12676056,7.4,2,7.393559154,0,26.94369546,0,24.41877818,88.24725239,2.158,3.528305116
12,8,6,18.38028169,46.4,12.8,42.24890945,1.805203111,26.9337991,0.1,24.63017388,88.54707318,2.494,3.528305116
12,8,6.5,53.30985915,87.8,24,80.27292796,3.352520064,26.95359182,0,25.02276589,88.54707318,2.288,3.528305116
12,8,7,79.78873239,136.6,38.2,128.3310625,5.673495492,26.94369546,0,25.2039622,87.24784976,3.057,3.528305116
12,8,7.5,148.7323944,218,61.2,184.8389788,8.768129397,26.95359182,0,25.56635482,85.04916397,3.545,3.528305116
12,8,8,140.5633803,195,56.4,182.198422,7.736584762,27.08224448,0.1,26.07974437,81.55125476,4.244,3.528305116
12,8,8.5,182.6056338,238.4,67.2,199.6260972,8.510243238,27.21089714,0,26.573001,79.20265857,3.672,3.501515604
12,8,9,218.8028169,279,77.4,241.0828395,10.05756019,27.31975709,0,27.02599178,77.07393097,4.032,3.501515604
12,8,9.5,181.1267606,231.4,65.8,195.6652619,8.510243238,27.35934252,0.1,27.31791917,74.26560957,4.731,3.501515604
12,8,10,288.2394366,362.6,98.8,312.9059856,12.37853562,27.45830611,0,27.72057764,72.78649368,4.678,3.501515604
12,8,10.5,418.8732394,517.6,137.2,443.6135492,16.50471416,27.59685513,0,28.27423304,70.18804683,4.907,3.501515604
12,8,11,276.4084507,326.4,90.6,254.2856238,11.34699098,27.61664785,0,28.6265592,67.40970752,4.505,3.474249121
12,8,11.5,619.0140845,683.4,190.4,683.1120547,23.20975429,28.06198399,0.1,29.13994875,65.36093212,5.568,3.474249121
12,8,12,654.9295775,767.4,184,683.1120547,22.69398197,28.48752742,0,29.55267369,64.31155936,5.051,3.446491342
12,8,12.5,764.084507,872,210.2,787.1499942,25.78861587,29.12089437,0,30.01573093,63.10228217,5.418,3.446491342
12,8,13,682.3943662,780.4,193.6,701.3318969,23.7255266,29.52664508,0,30.35799063,62.50264059,4.758,3.418227335
12,8,13.5,642.9577465,748.8,190.2,665.9484352,23.46764044,29.20006524,0.1,30.52912048,62.62256891,4.818,3.418227335
12,8,14,607.0422535,713,184.2,637.1663656,22.95186813,28.72504003,0,30.78078202,61.91299304,4.222,3.389441522
12,8,14.5,445.6338028,538,143,480.3172893,18.05203111,28.77452182,0,30.87138018,62.17283773,4.535,3.389441522
12,8,15,42.53521127,167.8,45.2,149.9836285,5.673495492,29.11099802,0,28.61649274,70.68774815,6.227,3.389441522
12,8,15.5,358.5211268,503.6,137.4,435.9559344,17.02048648,29.65529774,0.1,26.88506132,81.95101581,4.751,3.501515604
12,8,16,338.943662,445,129.4,397.9319159,17.02048648,29.62560867,0,27.18705517,79.10271831,4.652,3.605946568
12,8,16.5,242.6056338,332.4,102.8,298.9110344,13.66796641,29.58602323,0,27.45884964,76.75412212,4.417,3.630960307
12,8,17,121.1971831,194.6,64.6,176.6532526,9.283901714,29.29902883,0,27.6803118,75.21504207,4.588,3.630960307
12,8,17.5,28.23943662,79,26.2,74.72775859,4.12617854,28.93286356,0,27.66017887,74.64538257,4.349,3.630960307
12,8,18,-20.14084507,17,5.6,17.69173083,1.031544635,28.52711285,0,27.22732102,75.55483897,3.358,3.630960307
12,8,18.5,-38.16901408,1.2,0.2,1.32027842,0,28.24011845,0,26.97565947,77.68356657,2.346,3.605946568
12,8,19,-38.52112676,0,0,0,0,28.00260584,0,26.59313392,79.41253313,2.613,3.605946568
12,8,19.5,-25.42253521,0,0,0,0,27.82447138,0.1,26.34147238,80.65179239,1.925,3.605946568
12,8,20,-21.26760563,0,0,0,0,27.71561144,0,26.17034253,82.05095607,2.329,3.605946568
12,8,20.5,-21.4084507,0,0,0,0,27.60675149,0,25.96901329,81.85107555,3.15,3.605946568
12,8,21,-21.05633803,0,0,0,0,27.5077879,0,25.94888037,81.45131449,3.221,3.605946568
12,8,21.5,-20.70422535,0,0,0,0,27.43851339,0,25.8884816,81.65119502,2.424,3.605946568
12,8,22,-19.71830986,0,0,0,0,27.40882432,0,25.82808283,82.2508366,2.421,3.580507661
12,8,22.5,-19.64788732,0,0,0,0,27.36923888,0,25.69721883,82.55065739,2.459,3.580507661
12,8,23,-19.71830986,0,0,0,0,27.31975709,0,25.58648775,82.05095607,1.945,3.580507661
12,8,23.5,-22.81690141,0,0,0,0,27.27027529,0.1,25.61668713,81.75113528,1.647,3.580507661
12,9,0,-15.56338028,0,0,0,0,27.26037894,0,25.52608898,82.2508366,2.006,3.580507661
12,9,0.5,-15.77464789,0,0,0,0,27.23068986,0,25.50595605,82.45071713,2.571,3.580507661
12,9,1,-16.83098592,0,0,0,0,27.17131171,0,25.5462219,82.55065739,2.495,3.580507661
12,9,1.5,-20.98591549,0,0,0,0,27.13172627,0,25.48582313,82.65059765,2.928,3.580507661
12,9,2,-23.87323944,0,0,0,0,27.07234812,0,25.38515851,82.95041844,2.707,3.580507661
12,9,2.5,-18.45070423,0,0,0,0,27.03276269,0,25.30462682,83.45011976,2.349,3.580507661
12,9,3,-19.43661972,0,0,0,0,27.04265904,0.1,25.17376281,84.44952239,2.194,3.580507661
12,9,3.5,-24.15492958,0,0,0,0,27.04265904,0,24.95230065,85.34898476,2.033,3.580507661
12,9,4,-22.53521127,0,0,0,0,27.00307361,0,24.80130373,85.74874581,1.417,3.580507661
12,9,4.5,-22.88732394,0,0,0,0,26.96348817,0,24.67043972,86.24844713,2.154,3.554631403
12,9,5,-27.25352113,0.2,0,0,0,26.9337991,0,24.55970864,86.74814844,3.044,3.554631403
12,9,5.5,-16.90140845,8.6,2.4,7.921670522,0.257886159,26.8843173,0,24.56977511,87.04796923,3.403,3.554631403
12,9,6,-5.563380282,35.2,10.2,28.25395819,1.547316952,26.80514644,0.1,24.66037326,86.54826792,3.582,3.554631403
12,9,6.5,37.3943662,62,17.2,53.60330386,2.320975429,26.765561,0,24.79123727,86.24844713,3.381,3.554631403
12,9,7,57.74647887,86.6,24,76.31209269,3.352520064,26.82493915,0,24.89190188,85.74874581,4.142,3.554631403
12,9,7.5,86.12676056,124.6,35,109.8471646,4.899837016,26.84473187,0,25.05296527,84.44952239,4.198,3.554631403
12,9,8,123.0985915,165.6,46.2,144.7025149,6.18926781,26.87442095,0,25.23416158,83.65000028,4.729,3.554631403
12,9,8.5,133.028169,182,51.4,156.320965,6.705040127,26.96348817,0.1,25.24422805,84.24964186,3.664,3.554631403
12,9,9,236.4788732,302.4,82,269.8649091,11.34699098,27.09214084,0,25.44555728,84.24964186,3.561,3.554631403
12,9,9.5,234.0140845,297.6,82,265.1119068,11.34699098,27.16141535,0,25.78781698,82.65059765,4.1,3.554631403
12,9,10,142.9577465,241,66.6,217.5818837,9.026015556,27.19110442,0,26.0193456,81.75113528,3.624,3.554631403
12,9,10.5,56.54929577,260,73.2,221.5427189,9.283901714,27.18120807,0,26.00927914,83.15029897,3.524,3.554631403
12,9,11,413.1690141,537.6,145.8,470.547229,17.79414495,27.44840975,0.1,26.18040899,85.44892502,3.672,3.528305116
12,9,11.5,360.7746479,442.6,121.8,372.3185145,14.69951105,27.66612964,0,26.48240284,83.74994055,4.483,3.528305116
12,9,12,688.028169,813.2,204.6,728.793688,25.0149574,28.07188035,0,27.24745394,79.60241963,5.554,3.528305116
12,9,12.5,748.5915493,862,217.6,778.964268,26.56227435,28.4677347,0.1,28.11316965,76.18446262,5.254,3.528305116
12,9,13,691.5492958,850,216.8,768.4020406,26.56227435,28.95265628,0,28.8379549,72.14687599,5.705,3.501515604
12,9,13.5,665.4929577,802.2,206,741.4683608,26.04650203,28.7547291,0,28.95875244,70.26799904,5.48,3.474249121
12,9,14,441.6901408,538,142.4,503.5541895,18.05203111,28.49742377,0,28.92855306,70.96758089,4.735,3.474249121
12,9,14.5,285.4929577,355.4,96,335.6147744,12.89430794,28.6359728,0,28.72722382,70.82766452,4.745,3.474249121
12,9,15,185.5633803,253,70.4,232.369002,9.799674032,28.66566187,0,28.71715736,71.24741362,3.585,3.446491342
12,9,15.5,172.4647887,235,66.4,212.30077,9.026015556,28.56669829,0.1,28.68695797,70.37793333,4.134,3.446491342
12,9,16,199.4366197,269,76.4,245.3077305,10.57333251,28.55680193,0,28.86815429,69.72832162,4.182,3.446491342
12,9,16.5,111.8309859,167.8,48,156.0569093,6.705040127,28.40835655,0,28.71715736,69.89822007,3.464,3.446491342
12,9,17,75.35211268,123.8,35.6,113.0158328,4.899837016,28.2994966,0,28.54602751,69.86823799,3.271,3.446491342
12,9,17.5,39.08450704,94.6,30,82.38537343,3.868292381,28.20053301,0,28.52589459,70.11808865,2.861,3.446491342
12,9,18,-17.53521127,22.2,6.6,20.33228767,0.773658476,28.07188035,0,28.20376781,70.48786762,2.115,3.446491342
12,9,18.5,-32.6056338,1.2,0.2,1.32027842,0,27.99270948,0.1,27.64004595,72.47667886,1.805,3.446491342
12,9,19,-25.49295775,0,0,0,0,27.87395318,0,27.14678932,74.73532881,1.637,3.446491342
12,9,19.5,-26.4084507,0,0,0,0,27.71561144,0,26.93539362,76.04454626,2.906,3.446491342
12,9,20,-34.43661972,0,0,0,0,27.52758062,0,26.87499485,75.59481507,3.38,3.446491342
12,9,20.5,-38.09859155,0,0,0,0,27.39892796,0,26.76426377,76.18446262,3.179,3.446491342
12,9,21,-39.43661972,0,0,0,0,27.32965345,0,26.58306746,76.67416991,3.891,3.446491342
12,9,21.5,-38.8028169,0,0,0,0,27.25048258,0,26.45220346,76.95400265,3.398,3.446491342
12,9,22,-35.63380282,0,0,0,0,27.2207935,0,26.07974437,78.21324997,2.361,3.446491342
12,9,22.5,-32.95774648,0,0,0,0,27.2207935,0,25.66701944,79.2126526,2.24,3.446491342
12,9,23,-32.74647887,0,0,0,0,27.16141535,0,25.32475974,80.15209107,1.672,3.446491342
12,9,23.5,-32.04225352,0,0,0,0,27.11193356,0,25.00263296,80.95161318,1.666,3.446491342
12,10,0,-31.61971831,0,0,0,0,27.0525554,0.1,24.70063911,81.95101581,1.208,3.446491342
12,10,0.5,-32.04225352,0,0,0,0,26.99317725,0,24.5194428,83.15029897,1.297,3.446491342
12,10,1,-35.49295775,0,0,0,0,26.92390274,0,24.23758187,84.24964186,2.143,3.446491342
12,10,1.5,-34.43661972,0,0,0,0,26.81504279,0,24.19731602,85.04916397,2.655,3.446491342
12,10,2,-31.12676056,0,0,0,0,26.71607921,0,24.49930987,84.64940292,2.794,3.446491342
12,10,2.5,-16.1971831,0,0,0,0,26.68639013,0,24.58990803,84.34958213,2.756,3.446491342
12,10,3,-15,0,0,0,0,26.67649377,0,24.70063911,83.84988081,3.015,3.446491342
12,10,3.5,-31.05633803,0,0,0,0,26.65670105,0,24.83150311,83.55006002,2.862,3.446491342
12,10,4,-33.73239437,0,0,0,0,26.6468047,0.1,24.73083849,83.45011976,1.657,3.446491342
12,10,4.5,-16.83098592,0,0,0,0,26.66659741,0,24.39864526,84.1497016,1.5,3.446491342
12,10,5,-23.87323944,0.2,0,0,0,26.68639013,0,24.42884464,85.04916397,1.868,3.418227335
12,10,5.5,-16.90140845,9.8,3,8.977893258,0.257886159,26.63690834,0,24.28791418,85.74874581,1.874,3.418227335
12,10,6,10.84507042,30.2,8.8,26.93367977,1.547316952,26.62701198,0,24.36844587,86.64820818,1.958,3.418227335
12,10,6.5,55.63380282,85.8,24.6,73.93559154,3.094633905,26.62701198,0,24.69057265,87.04796923,2.256,3.418227335
12,10,7,109.8591549,150.6,42.8,132.2918977,5.673495492,26.67649377,0.1,25.25429451,86.74814844,2.551,3.418227335
12,10,7.5,140.6338028,188.4,53.2,166.0910253,7.478698603,26.71607921,0,25.63682005,85.54886528,3.013,3.418227335
12,10,8,164.8591549,217,61.2,189.0638698,8.510243238,26.83483551,0,26.24080776,83.84988081,3.383,3.418227335
12,10,8.5,327.1830986,419.8,109.4,368.0936236,14.44162489,27.01296997,0,27.16692225,81.35137423,3.279,3.418227335
12,10,9,481.3380282,604.4,150.6,533.1284261,19.34146191,27.16141535,0.1,28.13330258,76.90403252,4.018,3.418227335
12,10,9.5,585.2112676,736.6,191.4,661.9875999,24.24129892,27.21089714,0,29.27081276,72.54663704,3.967,3.389441522
12,10,10,600,727.4,176.8,656.7064863,22.43609581,27.23068986,0,29.91506631,69.48846499,4.569,3.389441522
12,10,10.5,600,736.2,185.6,632.4133633,23.20975429,27.94322769,0.1,30.48885463,66.90001217,4.42,3.389441522
12,10,11,593.6619718,694.2,182.2,597.0299017,22.69398197,28.37866747,0,30.61971864,66.19043631,4.629,3.360117648
12,10,11.5,614.084507,720.6,182.6,656.7064863,23.46764044,28.82400361,0,30.68011741,66.41030489,4.822,3.360117648
12,10,12,252.8873239,419.8,112,380.2401851,14.18373873,28.90317448,0,29.78420231,69.92820215,3.841,3.330238739
12,10,12.5,315.6338028,411.6,106.6,380.7682964,14.18373873,29.21985796,0,29.5224743,70.8976227,3.298,3.330238739
12,10,13,125.8450704,228.2,62,219.4302735,9.026015556,28.81410725,0.1,29.30101214,74.39553191,1.761,3.330238739
12,10,13.5,281.1267606,355.4,95,326.3728255,12.63642178,28.77452182,0,29.88486693,72.97638018,1.346,3.330238739
12,10,14,185.2816901,403.4,109.2,362.5484542,13.41008025,28.64586916,0,29.99559801,70.81767049,4.1,3.330238739
12,10,14.5,601.4084507,721.8,193,631.885252,24.49918508,28.93286356,0,29.9452657,70.15806475,4.808,3.299787062
12,10,15,125.7042254,169.2,47.2,161.0739673,6.705040127,29.14068709,0,30.05599678,65.74070512,3.292,3.299787062
12,10,15.5,85.77464789,134.6,38.2,123.8421158,5.157723175,28.76462546,0,29.84460108,66.04052591,2.585,3.299787062
12,10,16,78.09859155,124.6,35.4,113.5439441,5.157723175,28.61618008,0,29.96539862,67.04992257,2.466,3.299787062
12,10,16.5,62.74647887,103.2,30,92.15543374,3.868292381,28.45783834,0,29.91506631,67.11988075,2.159,3.299787062
12,10,17,51.33802817,89,24.8,80.27292796,3.352520064,28.37866747,0,29.59293953,68.33915196,2.337,3.299787062
12,10,17.5,12.88732394,42.4,11.8,38.28807419,1.805203111,28.31928932,0,29.24061337,70.86764062,2.079,3.299787062
12,10,18,-13.66197183,13.6,4,12.41061715,0,28.25991117,0,28.94868598,72.76650562,2.295,3.299787062
12,10,18.5,-30.98591549,0.8,0.2,0.792167052,0,28.15105122,0,28.48562874,74.35555581,3.103,3.299787062
12,10,19,-28.45070423,0,0,0,0,28.00260584,0.1,28.00243857,74.06572904,3.309,3.299787062
12,10,19.5,-15.49295775,0,0,0,0,27.90364225,0,27.45884964,74.53544828,2.02,3.299787062
12,10,20,-23.73239437,0,0,0,0,27.82447138,0,26.98572593,76.2144447,2.939,3.299787062
12,10,20.5,-24.29577465,0,0,0,0,27.73540415,0,26.52266869,77.98338736,2.404,3.299787062
12,10,21,-11.12676056,0,0,0,0,27.676026,0,26.37167176,79.6324017,0.697,3.299787062
12,10,21.5,-17.04225352,0,0,0,0,27.62654421,0,26.3616053,82.15089634,1.681,3.299787062
12,10,22,-17.18309859,0,0,0,0,27.57706241,0,26.00927914,83.45011976,1.722,3.299787062
12,10,22.5,-14.15492958,0,0,0,0,27.53747698,0,25.8884816,84.44952239,2.036,3.299787062
12,10,23,-12.74647887,0,0,0,0,27.49789154,0,25.83814929,85.54886528,1.781,3.299787062
12,10,23.5,-12.11267606,0,0,0,0,27.45830611,0,25.76768406,86.14850686,1.744,3.299787062
12,11,0,-28.73239437,0,0,0,0,27.42861703,0.1,25.70728529,86.74814844,1.763,3.299787062
12,11,0.5,-25.07042254,0,0,0,0,27.35934252,0,25.64688652,87.44773029,1.352,3.299787062
12,11,1,-18.09859155,0,0,0,0,27.37913524,0,25.51602251,88.14731213,0.638,3.299787062
12,11,1.5,-15.77464789,0,0,0,0,27.36923888,0,25.51602251,88.64701344,1.801,3.299787062
12,11,2,-16.83098592,0,0,0,0,27.32965345,0,25.45562374,89.44653555,2.351,3.299787062
12,11,2.5,-29.78873239,0,0,0,0,27.29006801,0,24.82143665,89.64641608,3.609,3.299787062
12,11,3,-23.23943662,0,0,0,0,27.27027529,0,24.00605325,90.04617713,2.483,3.299787062
12,11,3.5,-16.05633803,0,0,0,0,27.17131171,0,24.07651848,90.74575897,0.679,3.330238739
12,11,4,-19.78873239,0,0,0,0,27.0525554,0,24.39864526,91.24546029,2.168,3.389441522
12,11,4.5,-19.36619718,0,0,0,0,26.97338453,0,24.68050619,91.54528108,2.219,3.418227335
12,11,5,-17.53521127,0.2,0,0,0,26.9337991,0,24.92210127,91.94504213,2.268,3.418227335
12,11,5.5,-26.4084507,10.6,3.2,8.44978189,0.257886159,26.90411002,0,25.00263296,92.14492265,2.238,3.446491342
12,11,6,-12.67605634,58.8,17,46.4738004,2.320975429,26.86452459,0.1,25.06303173,92.34480318,2.157,3.446491342
12,11,6.5,9.295774648,82.6,22.8,74.72775859,3.352520064,26.81504279,0,25.23416158,92.34480318,1.638,3.446491342
12,11,7,55.56338028,149,42.2,131.235675,6.18926781,26.89421366,0,25.51602251,92.14492265,2.163,3.446491342
12,11,7.5,228.6619718,346,96.4,260.6229602,12.89430794,26.99317725,0,26.04954499,91.44534081,2.947,3.446491342
12,11,8,223.5915493,303.2,86,273.5616887,12.12064946,27.09214084,0,26.37167176,89.44653555,3.196,3.446491342
12,11,8.5,332.9577465,430.2,114.2,380.7682964,15.21528337,27.27027529,0,26.72399793,86.24844713,4.273,3.446491342
12,11,9,496.2676056,623.4,158,550.0279899,20.11512038,27.44840975,0.1,27.5997801,81.35137423,4.027,3.446491342
12,11,9.5,460.7042254,604.2,160.4,537.0892614,20.37300654,27.58695877,0,28.53596105,76.7841042,4.249,3.418227335
12,11,10,547.1126761,668.6,171,603.1031824,21.40455117,27.70571508,0,29.01915121,73.49606954,4.623,3.418227335
12,11,10.5,413.0985915,498.2,133.2,452.8554982,16.76260032,28.02239856,0,29.36141091,70.74771231,4.729,3.418227335
12,11,11,576.056338,668.4,178,540.786041,22.17820965,28.37866747,0,29.69360415,70.20803489,4.849,3.418227335
12,11,11.5,515.3521127,577.2,166.8,548.1796001,20.88877886,28.93286356,0,30.13652847,68.37912807,4.227,3.389441522
12,11,12,352.3239437,442,117.8,398.9881386,15.21528337,29.12089437,0,30.16672786,67.37972544,4.389,3.389441522
12,11,12.5,461.1971831,776.6,199,720.8720175,24.75707124,28.88338176,0,29.89493339,70.38792736,4.371,3.360117648
12,11,13,703.5211268,815.2,207.8,746.4854188,26.82016051,29.7146759,0,30.51905402,67.12987478,4.208,3.360117648
12,11,13.5,747.8873239,874.2,226.4,805.6338921,28.88324978,29.39799242,0,31.39483619,63.55201336,4.586,3.360117648
12,11,14,655.6338028,779.2,204.8,725.3609641,26.56227435,28.90317448,0,31.59616543,60.46385923,4.824,3.330238739
12,11,14.5,456.4788732,546.2,147.6,512.2680271,19.59934806,29.07141258,0,31.70689651,59.46445659,4.033,3.330238739
12,11,15,195.7746479,254,71,240.5547282,10.05756019,29.33861427,0,31.60623189,61.91299304,3.139,3.299787062
12,11,15.5,106.4084507,145.8,43.2,127.2748397,5.673495492,29.2594434,0,31.11297526,63.90180428,2.57,3.299787062
12,11,16,88.5915493,122,35.8,106.6784964,4.641950857,29.19016888,0.1,30.37812355,67.58959999,3.842,3.299787062
12,11,16.5,152.0422535,206.2,58.8,183.5187004,8.252357079,29.23965068,0,29.55267369,71.74711494,2.884,3.299787062
12,11,17,-13.16901408,98.4,28,88.45865416,3.610406222,29.02193079,0,29.54260723,72.71653549,2.839,3.299787062
12,11,17.5,7.957746479,113,31.6,95.58815763,3.868292381,28.89327812,0,28.05277088,78.80289752,2.638,3.299787062
12,11,18,-8.943661972,44,12.2,35.11940598,1.289430794,28.91307084,0,27.26758686,84.1497016,2.46,3.299787062
12,11,18.5,-27.32394366,0.4,0,0.264055684,0,28.68545459,0,26.30120653,86.74814844,3.792,3.605946568
12,11,19,-19.57746479,0,0,0,0,28.19063665,0,24.61004095,89.54647581,2.857,4.578243453
12,11,19.5,-12.81690141,0,0,0,0,28.00260584,0,24.70063911,90.74575897,1.551,4.515979605
12,11,20,-12.74647887,0,0,0,0,27.78488595,0,24.7811708,91.44534081,1.285,4.515979605
12,11,20.5,-14.50704225,0,0,0,0,27.65623328,0,24.7811708,91.84510187,0.292,4.476995899
12,11,21,-12.95774648,0,0,0,0,27.56716606,0,24.85163604,92.24486292,1.395,4.436710259
12,11,21.5,-12.32394366,0,0,0,0,27.5077879,0,24.87176896,92.44474344,1.575,4.436710259
12,11,22,-13.66197183,0,0,0,0,27.45830611,0.1,24.82143665,92.8445045,0.753,4.436710259
12,11,22.5,-14.71830986,0,0,0,0,27.43851339,0,24.7811708,93.04438502,0.532,4.436710259
12,11,23,-15.91549296,0,0,0,0,27.39892796,0,24.8617025,93.14432529,1.428,4.409093509
12,11,23.5,-23.16901408,0,0,0,0,27.36923888,0,24.77110434,93.44414608,0.868,4.395048566
12,12,0,-25.84507042,0,0,0,0,27.32965345,0,24.8617025,93.6440266,1.886,4.36647031
12,12,0.5,-27.6056338,0,0,0,0,27.29996437,0,24.93216773,93.74396687,1.285,4.351930654
12,12,1,-29.15492958,0,0,0,0,27.27027529,0,24.90196834,93.94384739,1.194,4.322333774
12,12,1.5,-26.76056338,0,0,0,0,27.24058622,0,24.87176896,94.04378766,1.263,4.307269667
12,12,2,-23.45070423,0,0,0,0,27.2207935,0.1,24.89190188,94.24366818,0.806,4.276592177
12,12,2.5,-20.91549296,0,0,0,0,27.20100078,0,24.91203481,94.24366818,0.543,4.260971312
12,12,3,-15.49295775,0,0,0,0,27.20100078,0,24.91203481,94.34360844,0.702,4.245157198
12,12,3.5,-15.84507042,0,0,0,0,27.2207935,0,25.01269942,94.54348897,0.135,4.229145817
12,12,4,-23.16901408,0,0,0,0,27.2207935,0,25.02276589,94.54348897,0.161,4.212933033
12,12,4.5,-20,0,0,0,0,27.2207935,0,24.89190188,94.54348897,1.426,4.196514589
12,12,5,-12.81690141,0,0,0,0,27.24058622,0,24.75097142,94.64342923,0.971,4.1798861
12,12,5.5,-8.521126761,6.2,1.6,5.281113681,0,27.27027529,0.1,24.70063911,94.64342923,1.685,4.163043047
12,12,6,11.83098592,40.8,11.4,34.8553503,1.547316952,27.25048258,0,24.81137019,94.84330976,2.244,4.163043047
12,12,6.5,25.63380282,75.2,20.4,69.18258922,3.094633905,27.21089714,0,24.93216773,94.7433695,2.035,4.145980777
12,12,7,70.70422535,128,35.2,114.3361112,4.641950857,27.28017165,0,25.2039622,94.7433695,1.717,4.128694494
12,12,7.5,150.1408451,197,54.4,174.5408072,6.962926286,27.3890316,0,25.55628836,94.54348897,1.659,4.128694494
12,12,8,192.6056338,246.2,67.8,248.4763987,8.768129397,27.54737334,0,26.03947853,93.94384739,1.885,4.111179251
12,12,8.5,208.8028169,262,71.8,229.9925008,9.283901714,27.58695877,0.1,25.82808283,92.54468371,3.576,4.111179251
12,12,9,225.4225352,278.6,76.4,247.9482873,10.05756019,27.69581872,0,26.2307413,90.84569923,3.616,4.093429949
12,12,9.5,208.7323944,260.6,72.4,235.2736145,9.283901714,27.68592236,0,26.64346623,88.84689397,3.1,4.075441329
12,12,10,214.0140845,273.6,77.2,246.0998975,9.541787873,27.7255078,0,27.08639055,86.0485666,3.325,4.075441329
12,12,10.5,398.1690141,485.6,131,445.7259947,15.98894184,27.85416046,0,27.65011241,82.95041844,3.469,4.057207964
12,12,11,484.2957746,575.8,153.8,539.7298182,18.56780343,28.06198399,0,28.4956952,77.71354865,4.309,4.038724253
12,12,11.5,403.7323944,586.8,161.8,575.3773356,19.34146191,28.22032573,0,29.28087922,74.72533478,4.089,4.038724253
12,12,12,743.6619718,870.4,221.2,815.9320638,26.82016051,28.586491,0,29.42180968,76.49427744,4.809,4.019984414
12,12,12.5,262.4647887,319.8,86,313.9622084,11.34699098,28.93286356,0,27.78097641,78.1133097,4.573,4.000982477
12,12,13,56.90140845,187.8,50.2,186.6873686,6.962926286,28.95265628,0,26.67366562,80.75173265,1.471,4.000982477
12,12,13.5,27.11267606,52.8,13.6,55.45169365,1.805203111,28.69535095,0,26.703865,83.25023923,2.627,3.981712275
12,12,14,26.4084507,45.2,11,50.17057997,1.805203111,28.6359728,0.1,25.84821575,87.84749134,4.566,3.981712275
12,12,14.5,12.74647887,38.8,10,41.98485377,1.805203111,28.42814926,0,25.42542436,89.8462966,2.638,3.981712275
12,12,15,16.33802817,38.8,10,39.87240829,1.805203111,28.1807403,0,25.26436097,90.44593818,2.675,3.962167436
12,12,15.5,23.8028169,46.8,12.4,46.20974471,1.805203111,28.06198399,0,24.8617025,91.14552002,2.194,3.962167436
12,12,16,-4.85915493,27.8,8.4,24.8212343,1.289430794,27.97291676,0,24.95230065,91.44534081,2.042,3.962167436
12,12,16.5,7.676056338,50.2,14,43.56918787,1.805203111,27.85416046,0,24.97243358,91.7451616,1.807,3.942341374
12,12,17,10.98591549,50.8,14.2,43.56918787,1.805203111,27.81457502,0,24.96236712,92.14492265,2.531,3.942341374
12,12,17.5,-4.85915493,37.8,10.6,32.47884914,1.547316952,27.76509323,0,24.82143665,92.44474344,3.01,3.942341374
12,12,18,-17.6056338,14,4,11.88250578,0.257886159,27.65623328,0,24.83150311,92.74456423,2.955,3.942341374
12,12,18.5,-25.77464789,1,0.2,0.792167052,0,27.58695877,0,24.77110434,92.94444476,3.82,3.942341374
12,12,19,-27.04225352,0,0,0,0,27.48799519,0,24.8617025,93.04438502,2.775,3.942341374
12,12,19.5,-30.07042254,0,0,0,0,27.40882432,0,24.87176896,93.04438502,3.047,3.922227279
12,12,20,-34.50704225,0,0,0,0,27.33954981,0,24.70063911,92.94444476,1.209,3.922227279
12,12,20.5,-32.74647887,0,0,0,0,27.29996437,0.1,24.55970864,93.14432529,0.822,3.922227279
12,12,21,-32.3943662,0,0,0,0,27.24058622,0,24.41877818,93.24426555,0.557,3.922227279
12,12,21.5,-31.97183099,0,0,0,0,27.17131171,0,24.35837941,93.44414608,1.215,3.922227279
12,12,22,-29.85915493,0,0,0,0,27.1020372,0,24.18724956,93.6440266,0.707,3.901818108
12,12,22.5,-13.8028169,0,0,0,0,27.07234812,0,24.08658494,93.84390713,2.008,3.901818108
12,12,23,-17.6056338,0,0,0,0,27.03276269,0,24.01611971,93.84390713,1.211,3.901818108
12,12,23.5,-19.01408451,0,0,0,0,27.00307361,0,24.05638556,93.84390713,1.236,3.901818108
12,13,0,-24.43661972,0,0,0,0,26.99317725,0,24.00605325,93.94384739,1.394,3.901818108
12,13,0.5,-31.33802817,0,0,0,0,26.95359182,0,23.79465755,93.94384739,1.632,3.901818108
12,13,1,-20.49295775,0,0,0,0,26.8843173,0.1,23.59332831,93.94384739,0.867,3.881106577
12,13,1.5,-23.5915493,0,0,0,0,26.85462823,0,23.67386001,94.14372792,1.769,3.881106577
12,13,2,-25.14084507,0,0,0,0,26.81504279,0,23.46246431,94.14372792,1.731,3.881106577
12,13,2.5,-20.28169014,0,0,0,0,26.79525008,0,23.47253077,94.24366818,2.073,3.881106577
12,13,3,-18.38028169,0,0,0,0,26.765561,0,23.47253077,94.34360844,1.234,3.881106577
12,13,3.5,-20.91549296,0,0,0,0,26.74576828,0,23.47253077,94.34360844,0.967,3.881106577
12,13,4,-20.70422535,0,0,0,0,26.70618285,0,23.50273016,94.44354871,1.235,3.860085144
12,13,4.5,-23.09859155,0,0,0,0,26.68639013,0,23.48259723,94.54348897,1.613,3.860085144
12,13,5,-19.22535211,0,0,0,0,26.66659741,0,23.50273016,94.64342923,1.702,3.860085144
12,13,5.5,-15.21126761,5.4,1.4,5.017057997,0,26.63690834,0.1,23.56312893,94.7433695,1.744,3.860085144
12,13,6,-4.577464789,34.2,10.6,25.87745704,1.289430794,26.58742654,0,23.77452463,94.7433695,2.399,3.860085144
12,13,6.5,0.070422535,57,15.8,49.37841292,1.805203111,26.52804839,0,24.00605325,94.64342923,1.941,3.860085144
12,13,7,34.57746479,85.6,23.8,75.25586996,2.836747746,26.55773747,0,24.19731602,94.54348897,2.22,3.860085144
12,13,7.5,127.1830986,173.8,48,166.0910253,5.931381651,26.63690834,0,24.45904403,94.24366818,2.717,3.838746003
12,13,8,308.7323944,417.8,118.2,391.8586351,14.18373873,26.82493915,0,24.92210127,93.44414608,3.459,3.838746003
12,13,8.5,296.1971831,374.6,100.8,340.3677768,12.37853562,26.9337991,0,25.50595605,91.84510187,3.593,3.838746003
12,13,9,372.6056338,454.4,118.8,405.5895307,14.18373873,27.04265904,0.1,25.84821575,90.04617713,3.85,3.838746003
12,13,9.5,366.4788732,469.2,128.2,410.0784773,14.95739721,27.20100078,0,26.55286808,87.74755107,3.805,3.817081071
12,13,10,536.056338,637.8,160.8,571.4165003,18.30991727,27.24058622,0,27.1266564,84.44952239,4.06,3.817081071
12,13,10.5,622.5352113,781.4,189.2,696.0507832,21.40455117,27.87395318,0,27.96217273,80.95161318,3.494,3.795081971
12,13,11,547.7464789,543.8,159.8,487.4467928,18.30991727,28.54690557,0,28.66682505,77.36375773,3.658,3.795081971
12,13,11.5,616.9014085,681.8,187.2,659.0829874,21.40455117,29.23965068,0,29.29094568,74.22563347,2.598,3.772740025
12,13,12,833.8028169,957,232.4,875.3445927,26.04650203,30.06104845,0,30.06606324,70.55782581,2.358,3.772740025
12,13,12.5,802.8169014,945.2,233,879.3054279,26.04650203,31.02099525,0,30.81098141,66.76009581,2.376,3.750046232
12,13,13,678.8732394,790.4,200.4,754.9352007,22.69398197,31.48612411,0,31.41496912,63.44207907,2.117,3.726991262
12,13,13.5,559.3661972,645.8,166.6,636.6382543,19.08357575,30.80327536,0,31.60623189,62.48265254,1.584,3.703565429
12,13,14,308.8732394,388.2,105.6,379.1839623,12.89430794,30.03135938,0,31.69683005,61.45326783,1.182,3.703565429
12,13,14.5,551.2676056,663,179.8,618.1543564,20.11512038,30.08084117,0.1,32.30081775,59.53441478,1.467,3.703565429
12,13,15,266.056338,328,93.6,311.8497629,11.08910483,30.34804285,0,32.19008667,59.23459399,1.605,3.679758684
12,13,15.5,301.2676056,381.2,108,377.8636839,12.63642178,30.56576275,0,32.42161529,58.89479709,1.562,3.679758684
12,13,16,188.2394366,250.2,70.8,252.9653453,9.026015556,30.36783557,0,32.03908975,58.77486878,1.959,3.679758684
12,13,16.5,83.02816901,117.8,33.2,113.5439441,4.384064698,29.92249943,0,31.97869098,59.80425349,0.968,3.65556059
12,13,17,13.52112676,25.6,7.8,21.91662178,1.031544635,29.56623052,0,29.89493339,68.74890704,5.948,3.65556059
12,13,17.5,3.521126761,16.4,5,13.73089557,0.257886159,29.40788878,0,27.82124226,76.16447457,4.371,3.65556059
12,13,18,-11.61971831,6.6,2,5.809225049,0,28.98234535,0,26.88506132,79.64239573,3.828,3.65556059
12,13,18.5,-24.71830986,0.4,0,0.528111368,0,28.57659464,0,26.42200407,81.65119502,3.086,3.65556059
12,13,19,-18.87323944,0,0,0,0,28.2994966,0.1,25.93881391,82.95041844,2.49,3.65556059
12,13,19.5,-15.28169014,0,0,0,0,28.10156943,0,25.89854806,83.84988081,1.683,3.65556059
12,13,20,-22.95774648,0,0,0,0,27.94322769,0,25.91868098,84.64940292,1.708,3.65556059
12,13,20.5,-24.92957746,0,0,0,0,27.8442641,0,25.92874745,85.94862634,1.503,3.65556059
12,13,21,-31.47887324,0,0,0,0,27.75519687,0,25.73748467,86.54826792,2.179,3.65556059
12,13,21.5,-35.49295775,0,0,0,0,27.65623328,0,25.51602251,86.94802897,1.819,3.65556059
12,13,22,-34.92957746,0,0,0,0,27.56716606,0,25.42542436,87.34779002,1.528,3.65556059
12,13,22.5,-26.05633803,0,0,0,0,27.51768426,0,25.30462682,87.9474316,2.089,3.65556059
12,13,23,-29.92957746,0,0,0,0,27.45830611,0,25.23416158,88.54707318,2.526,3.630960307
12,13,23.5,-36.61971831,0,0,0,0,27.39892796,0.1,25.11336404,88.94683423,2.344,3.630960307
12,14,0,-33.23943662,0,0,0,0,27.36923888,0,24.96236712,89.24665502,1.888,3.630960307
12,14,0.5,-26.90140845,0,0,0,0,27.33954981,0,24.88183542,89.64641608,2.012,3.630960307
12,14,1,-25.21126761,0,0,0,0,27.29996437,0,24.80130373,89.8462966,1.489,3.630960307
12,14,1.5,-26.05633803,0,0,0,0,27.25048258,0,24.73083849,90.04617713,2.249,3.630960307
12,14,2,-35.91549296,0,0,0,0,27.19110442,0,24.5194428,90.04617713,2.164,3.630960307
12,14,2.5,-34.43661972,0,0,0,0,27.14162263,0,24.3080471,90.14611739,1.488,3.630960307
12,14,3,-33.23943662,0,0,0,0,27.12182991,0,24.18724956,90.44593818,1.817,3.630960307
12,14,3.5,-34.57746479,0,0,0,0,27.06245176,0.1,24.14698371,90.74575897,2.057,3.630960307
12,14,4,-32.04225352,0,0,0,0,27.01296997,0,24.06645202,90.84569923,1.462,3.630960307
12,14,4.5,-30.98591549,0,0,0,0,26.94369546,0,23.99598678,91.14552002,1.812,3.630960307
12,14,5,-31.1971831,0,0,0,0,26.89421366,0,23.82485693,91.34540055,1.417,3.630960307
12,14,5.5,-23.8028169,8.8,2.6,7.921670522,0,26.84473187,0,23.7543917,91.44534081,1.096,3.630960307
12,14,6,-0.845070423,56,16.2,48.58624587,1.805203111,26.79525008,0,23.89532217,91.7451616,1.396,3.630960307
12,14,6.5,72.3943662,144.8,41.8,129.3872852,4.899837016,26.72597557,0,24.29798064,91.7451616,1.858,3.630960307
12,14,7,185.5633803,296.8,83.8,255.3418465,10.31544635,26.74576828,0,24.83150311,90.84569923,2.804,3.630960307
12,14,7.5,251.971831,362.6,101.6,294.6861434,12.37853562,26.78535372,0.1,25.27442743,88.74695371,3.32,3.605946568
12,14,8,290.915493,423.6,136,488.2389598,15.73105568,26.95359182,0,26.0193456,85.94862634,3.699,3.605946568
12,14,8.5,457.6056338,594.4,144.8,566.9275537,16.76260032,27.23068986,0,26.67366562,82.35077686,3.695,3.605946568
12,14,9,544.6478873,698.2,163,666.4765466,18.56780343,27.44840975,0,27.40851733,79.53246144,3.081,3.580507661
12,14,9.5,496.4788732,761.8,180.6,695.5226718,19.85723422,27.62654421,0,28.20376781,76.76411615,2.657,3.580507661
12,14,10,697.1830986,789.2,194.8,804.3136137,21.66243733,27.76509323,0,29.00908475,74.03574697,2.17,3.554631403
12,14,10.5,713.3802817,929.2,213.2,858.4450289,23.46764044,29.16047981,0,29.85466754,71.03753907,2.008,3.554631403
12,14,11,863.3802817,873,237.2,771.5707088,25.53072971,30.6251409,0,30.8915131,68.43909223,1.579,3.528305116
12,14,11.5,576.056338,650.8,188.2,640.0709782,20.88877886,31.51581318,0.1,31.20357342,65.42089628,1.875,3.501515604
12,14,12,611.971831,730.6,183.2,692.882115,20.6308927,31.13975155,0,31.4451685,63.8718222,1.562,3.501515604
12,14,12.5,611.2676056,729.4,183.2,718.759572,20.6308927,31.79291123,0,31.92835867,61.10347691,1.92,3.474249121
12,14,13,573.2394366,697.2,182,663.8359897,20.37300654,31.38716052,0,32.20015313,61.47325588,1.888,3.446491342
12,14,13.5,474.2957746,586.6,156.8,560.5902173,18.05203111,31.26840421,0,32.03908975,60.6437517,1.789,3.446491342
12,14,14,505.9859155,604,161.4,600.4626256,18.05203111,30.60534818,0,32.40148237,59.71430725,1.731,3.418227335
12,14,14.5,212.7464789,262.8,73.8,258.7745704,8.768129397,30.3381465,0,32.32095068,60.21400857,1.86,3.418227335
12,14,15,38.5915493,151.2,42.2,144.1744035,5.157723175,30.19959747,0,31.01231064,69.1486681,3.905,3.418227335
12,14,15.5,102.2535211,168.6,47.4,153.4163524,5.673495492,30.04125573,0,28.59635982,80.75173265,3.097,3.418227335
12,14,16,136.2676056,180.2,50.2,163.1864128,6.705040127,29.67509046,0,28.55609397,81.1514937,2.507,3.418227335
12,14,16.5,240.4225352,337,104.6,311.8497629,13.1521941,29.76415769,0.1,29.09968291,76.9739907,1.79,3.418227335
12,14,17,139.7183099,225.8,76.2,229.9925008,10.31544635,30.19959747,0,30.00566447,70.10809462,2,3.418227335
12,14,17.5,54.64788732,123.2,44.6,122.2577817,6.18926781,30.02146302,0,30.77071556,68.28918183,1.035,3.389441522
12,14,18,-14.08450704,21,7,26.40556841,1.289430794,29.57612687,0,30.75058264,67.86943273,0.732,3.389441522
12,14,18.5,-34.50704225,2.2,0.4,2.640556841,0,29.31882155,0,29.99559801,72.62658926,1.641,3.389441522
12,14,19,-35.49295775,0,0,0,0,29.10110166,0,28.69702444,77.78350684,3.194,3.389441522
12,14,19.5,-35.63380282,0,0,0,0,28.82400361,0,27.31791917,80.85167292,2.14,3.389441522
12,14,20,-34.43661972,0,0,0,0,28.54690557,0.1,26.82466254,82.75053792,1.468,3.389441522
12,14,20.5,-35.07042254,0,0,0,0,28.30939296,0,26.49246931,83.74994055,1.329,3.389441522
12,14,21,-33.8028169,0,0,0,0,28.1312585,0,26.29114007,85.04916397,1.356,3.389441522
12,14,21.5,-31.69014085,0,0,0,0,27.99270948,0,26.22067484,86.44832765,0.696,3.389441522
12,14,22,-24.71830986,0,0,0,0,27.87395318,0,26.10994376,87.34779002,1.258,3.389441522
12,14,22.5,-25.07042254,0,0,0,0,27.80467867,0,26.17034253,87.9474316,1.38,3.389441522
12,14,23,-29.15492958,0,0,0,0,27.73540415,0,26.0998773,88.84689397,0.751,3.389441522
12,14,23.5,-31.26760563,0,0,0,0,27.676026,0.1,25.97907976,89.44653555,1.309,3.389441522
12,15,0,-31.90140845,0,0,0,0,27.63644057,0,25.71735175,89.64641608,1.344,3.389441522
12,15,0.5,-32.6056338,0,0,0,0,27.59685513,0,25.51602251,90.04617713,2.323,3.389441522
12,15,1,-32.53521127,0,0,0,0,27.5572697,0,25.30462682,90.34599792,1.386,3.389441522
12,15,1.5,-28.02816901,0,0,0,0,27.5077879,0,25.17376281,90.74575897,0.844,3.389441522
12,15,2,-30.91549296,0,0,0,0,27.46820247,0,25.14356343,91.24546029,1.062,3.389441522
12,15,2.5,-30.49295775,0,0,0,0,27.41872068,0,25.11336404,91.44534081,1.681,3.389441522
12,15,3,-29.43661972,0,0,0,0,27.36923888,0.1,24.95230065,91.64522134,1.507,3.389441522
12,15,3.5,-28.02816901,0,0,0,0,27.32965345,0,24.94223419,91.94504213,1.017,3.389441522
12,15,4,-26.76056338,0,0,0,0,27.29996437,0,24.95230065,92.24486292,0.778,3.389441522
12,15,4.5,-29.64788732,0,0,0,0,27.27027529,0,24.87176896,92.44474344,0.864,3.389441522
12,15,5,-29.92957746,0.2,0,0,0,27.23068986,0,24.7811708,92.64462397,1.022,3.389441522
12,15,5.5,-25,5.6,1.4,5.545169365,0,27.19110442,0,24.74090496,92.94444476,1.293,3.389441522
12,15,6,-1.056338028,33.6,9.6,30.10234798,1.289430794,27.14162263,0,24.94223419,93.24426555,1.17,3.389441522
12,15,6.5,44.50704225,90.4,25.8,80.53698364,3.352520064,27.15151899,0.1,25.57642128,93.44414608,1.43,3.389441522
12,15,7,90.42253521,220.8,64,216.7897166,8.510243238,27.14162263,0,26.12001022,93.04438502,2.15,3.389441522
12,15,7.5,238.5915493,344.8,93.6,268.0165193,11.8627633,27.16141535,0,26.65353269,92.04498239,2.498,3.389441522
12,15,8,236.1971831,361.6,121,424.3374843,14.18373873,27.31975709,0,27.0461247,89.64641608,3.365,3.389441522
12,15,8.5,397.5352113,502.8,129.6,464.2098926,15.21528337,27.60675149,0,27.72057764,85.84868607,4.263,3.389441522
12,15,9,324.4366197,406.4,102.8,386.5775215,12.37853562,27.78488595,0,28.23396719,81.95101581,4.692,3.360117648
12,15,9.5,405.8450704,611.2,148.4,538.1454841,17.27837264,27.90364225,0.1,28.4956952,78.37315439,5.233,3.360117648
12,15,10,654.9295775,760.4,185.4,757.8398133,21.14666502,27.95312405,0,29.3110786,74.6953527,5.037,3.360117648
12,15,10.5,709.1549296,859.4,196.2,799.824667,22.17820965,28.64586916,0,30.06606324,71.91701339,4.931,3.330238739
12,15,11,739.4366197,741.4,202.2,671.2295489,22.95186813,29.69488318,0,30.71031679,69.51844707,4.098,3.299787062
12,15,11.5,588.7323944,658.2,191.8,679.1512194,21.92032349,30.43711008,0,31.15324111,66.94998231,3.728,3.299787062
12,15,12,664.084507,766.4,189,695.5226718,21.40455117,30.54597003,0,31.59616543,65.12107549,3.515,3.26874408
12,15,12.5,638.028169,765.6,189.2,706.0848992,21.40455117,30.59545182,0,31.92835867,63.13226425,3.731,3.237090405
12,15,13,684.5070423,798.6,199,738.827804,22.69398197,31.0803734,0,32.5524793,60.89360236,3.075,3.204805749
12,15,13.5,598.5915493,679.8,174,620.2668019,19.85723422,30.6251409,0,32.75380853,59.03471346,2.842,3.204805749
12,15,14,628.1690141,764,199.2,705.2927321,22.43609581,29.96208486,0,33.48866024,55.95655336,2.535,3.171868865
12,15,14.5,630.9859155,750.6,196.4,751.2384212,22.95186813,30.11053025,0,34.12284733,53.81783172,2.838,3.138257493
12,15,15,536.1267606,664.4,178.8,666.2124909,21.14666502,31.32778237,0,34.3946418,52.83841714,3.097,3.138257493
12,15,15.5,459.6478873,577.4,160.4,564.0229412,19.34146191,31.91166753,0.1,34.38457534,52.23877557,2.655,3.103948293
12,15,16,215.1408451,290.6,84.8,289.9331411,10.83121867,31.51581318,0,34.11278087,52.55858441,1.901,3.103948293
12,15,16.5,261.9014085,356.6,109.4,346.7051132,13.1521941,31.43664231,0,34.67650273,51.5291997,1.817,3.068916779
12,15,17,135.7042254,207,66.8,198.5698744,8.768129397,31.00120253,0,34.2637778,51.74906828,1.459,3.068916779
12,15,17.5,50.07042254,82.8,25.8,78.16048248,3.352520064,30.69441541,0,34.38457534,52.5186083,1.109,3.068916779
12,15,18,1.338028169,22.6,7,20.06823199,0.773658476,30.31835378,0,32.62294453,64.93118899,3.237,3.068916779
12,15,18.5,-14.92957746,2,0.6,1.584334104,0,30.11053025,0,31.07270942,71.53724039,3.384,3.068916779
12,15,19,-18.38028169,0,0,0,0,29.69488318,0,30.32779124,73.39612928,2.72,3.068916779
12,15,19.5,-21.69014085,0,0,0,0,29.28913247,0,30.09626262,71.38732999,2.294,3.068916779
12,15,20,-12.6056338,0,0,0,0,29.05161986,0,29.51240784,73.07632044,1.796,3.068916779
12,15,20.5,-29.92957746,0,0,0,0,28.95265628,0,28.86815429,76.92402057,2.663,3.068916779
12,15,21,-24.92957746,0,0,0,0,28.86358905,0.1,27.91184042,80.85167292,2.566,3.068916779
12,15,21.5,-27.3943662,0,0,0,0,28.78441818,0,27.3883844,82.55065739,1.557,3.068916779
12,15,22,-28.87323944,0,0,0,0,28.64586916,0,27.23738748,83.65000028,1.025,3.068916779
12,15,22.5,-27.04225352,0,0,0,0,28.49742377,0,27.19712163,84.94922371,1.26,3.068916779
12,15,23,-27.6056338,0,0,0,0,28.39846019,0,27.03605824,86.44832765,1.08,3.068916779
12,15,23.5,-23.73239437,0,0,0,0,28.31928932,0,27.00585886,87.84749134,1.39,3.068916779
12,16,0,-22.04225352,0,0,0,0,28.24011845,0,26.95552655,88.74695371,2.819,3.068916779
12,16,0.5,-17.53521127,0,0,0,0,28.17084394,0,26.86492839,88.14731213,2.714,3.068916779
12,16,1,-23.16901408,0,0,0,0,28.12136214,0,26.81459608,87.74755107,2.085,3.068916779
12,16,1.5,-21.54929577,0,0,0,0,28.12136214,0,26.71393147,87.84749134,1.377,3.068916779
12,16,2,-27.3943662,0,0,0,0,28.1312585,0,26.45220346,88.54707318,1.931,3.068916779
12,16,2.5,-26.83098592,0,0,0,0,28.11146579,0,26.22067484,88.94683423,1.8,3.068916779
12,16,3,-27.67605634,0,0,0,0,28.06198399,0,26.03947853,89.34659529,1.922,3.068916779
12,16,3.5,-26.4084507,0,0,0,0,28.02239856,0.1,25.84821575,89.8462966,1.389,3.068916779
12,16,4,-27.18309859,0,0,0,0,27.97291676,0,25.73748467,90.34599792,0.546,3.068916779
12,16,4.5,-27.32394366,0,0,0,0,27.89374589,0,25.68715236,90.64581871,0.687,3.068916779
12,16,5,-29.64788732,0.2,0,0,0,27.82447138,0,25.59655421,90.9456395,0.953,3.068916779
12,16,5.5,-23.38028169,8.2,2.4,7.657614838,0.257886159,27.74530051,0,25.53615544,91.14552002,1.787,3.068916779
12,16,6,12.46478873,70.4,20.8,60.73280733,2.836747746,27.69581872,0,25.84821575,91.54528108,1.716,3.068916779
12,16,6.5,120.915493,238.6,72.8,200.1542085,9.283901714,27.62654421,0,26.59313392,90.54587844,2.221,3.068916779
12,16,7,192.2535211,287.2,82.8,252.7012896,10.57333251,27.66612964,0,27.10652347,87.44773029,3.061,3.068916779
12,16,7.5,191.8309859,274,77.6,214.4132155,10.31544635,27.75519687,0.1,27.71051118,84.54946265,3.115,3.068916779
12,16,8,231.1267606,348.2,125.4,447.3103288,15.21528337,27.95312405,0,28.47556228,79.86226431,3.977,3.068916779
12,16,8.5,476.8309859,594.2,145.8,560.0621059,17.79414495,28.25991117,0,29.51240784,75.66477326,4.46,3.033137246
12,16,9,545.6338028,688,164.8,636.3741986,19.59934806,28.48752742,0,30.32779124,72.17685807,4.48,3.033137246
12,16,9.5,469.084507,714.2,171.4,627.9244167,20.37300654,28.48752742,0,30.94184541,69.95818423,4.885,2.996582688
12,16,10,635.2112676,731,180.2,730.9061335,21.66243733,28.42814926,0,31.11297526,68.05931923,5.508,2.959224716
12,16,10.5,652.8169014,791.2,183.4,711.6300685,21.92032349,29.13079073,0,31.46530143,65.98056175,4.982,2.959224716
12,16,11,717.6056338,726.6,200.4,655.1221522,23.98341276,30.08084117,0,32.06928913,63.38211491,4.699,2.921033461
12,16,11.5,677.4647887,765.8,213.8,818.0445092,25.78861587,30.80327536,0,32.59274514,61.0235247,4.738,2.881977479
12,16,12,821.1267606,930.6,218.2,914.9529453,26.82016051,31.21892242,0,32.82427377,58.38510175,4.829,2.842023636
12,16,12.5,796.4788732,908.4,217.8,892.5082121,26.56227435,31.5356059,0.1,33.39806209,56.91597988,4.683,2.801136995
12,16,13,456.6901408,566.8,146.2,540.5219853,18.05203111,31.34757508,0,31.34450388,63.51203725,6.635,2.759280685
12,16,13.5,691.5492958,811.6,207,778.4361566,25.53072971,31.00120253,0,31.04251003,64.38151754,5.713,2.716415763
12,16,14,392.3943662,478.4,128.6,457.0803891,16.246828,30.47669552,0,30.61971864,61.69312446,4.289,2.672501059
12,16,14.5,447.7464789,532.2,142.4,508.0431361,18.05203111,30.22928655,0,32.30081775,60.19402052,4.544,2.627493012
12,16,15,426.1267606,521.2,142.8,505.4025793,18.30991727,30.50638459,0,32.40148237,61.57319615,6.236,2.627493012
12,16,15.5,275.3521127,351.6,100.4,329.277438,12.63642178,30.4569028,0,30.82104787,65.62077681,5.324,2.581345488
12,16,16,242.4647887,310.8,90.6,281.2193035,11.08910483,30.37773193,0,30.68011741,65.30096796,3.453,2.581345488
12,16,16.5,153.8732394,212.8,61.8,198.3058187,7.994470921,30.1204266,0,30.58951925,64.37152352,3.645,2.534009579
12,16,17,85.49295775,142.6,42.4,131.7637863,5.673495492,29.91260307,0,30.63985156,66.26039449,3.143,2.534009579
12,16,17.5,31.1971831,78.8,24,72.35125743,3.352520064,29.67509046,0,30.5492534,67.64956415,2.568,2.534009579
12,16,18,-2.183098592,37.6,12.4,32.74290482,1.547316952,29.51674872,0,30.4183894,69.5284411,1.481,2.534009579
12,16,18.5,-28.09859155,5,1.8,3.960835261,0,29.35840698,0,30.09626262,71.86704325,1.531,2.534009579
12,16,19,-31.47887324,0,0,0,0,29.29902883,0,29.1802146,75.27500623,1.931,2.534009579
12,16,19.5,-32.18309859,0,0,0,0,29.18027253,0,28.67689151,78.50307673,1.34,2.534009579
12,16,20,-33.23943662,0,0,0,0,29.02193079,0,28.21383427,80.45191186,2.066,2.534009579
12,16,20.5,-27.18309859,0,0,0,0,28.84379633,0,27.85144165,81.1514937,1.972,2.534009579
12,16,21,-18.8028169,0,0,0,0,28.71514367,0,27.7306441,81.45131449,2.308,2.534009579
12,16,21.5,-29.01408451,0,0,0,0,28.57659464,0,27.82124226,81.65119502,1.757,2.534009579
12,16,22,-27.46478873,0,0,0,0,28.49742377,0,27.61991303,82.45071713,1.649,2.534009579
12,16,22.5,-19.71830986,0,0,0,0,28.45783834,0,27.4689161,83.74994055,1.4,2.534009579
12,16,23,-15.56338028,0,0,0,0,28.44794198,0.1,27.23738748,85.04916397,1.185,2.534009579
12,16,23.5,-22.32394366,0,0,0,0,28.39846019,0,27.26758686,85.44892502,1.709,2.534009579
12,17,0,-26.4084507,0,0,0,0,28.33908204,0,27.22732102,85.64880555,1.673,2.534009579
12,17,0.5,-24.71830986,0,0,0,0,28.30939296,0,27.09645701,86.24844713,1.536,2.534009579
12,17,1,-17.04225352,0,0,0,0,28.28960024,0,26.90519424,86.74814844,2.068,2.534009579
12,17,1.5,-22.32394366,0,0,0,0,28.23022209,0,26.68373208,86.44832765,2.313,2.534009579
12,17,2,-30.49295775,0,0,0,0,28.17084394,0,26.45220346,85.84868607,2.369,2.534009579
12,17,2.5,-23.23943662,0,0,0,0,28.1312585,0,26.28107361,84.94922371,2.032,2.534009579
12,17,3,-21.33802817,0,0,0,0,28.09167307,0,26.26094069,84.34958213,1.791,2.534009579
12,17,3.5,-15.49295775,0,0,0,0,28.06198399,0,26.20054191,84.1497016,2.086,2.534009579
12,17,4,-24.50704225,0,0,0,0,28.0125022,0,26.19047545,83.65000028,2.668,2.534009579
12,17,4.5,-24.78873239,0,0,0,0,27.95312405,0,26.2307413,83.15029897,2.085,2.534009579
12,17,5,-26.26760563,0,0,0,0,27.91353861,0,26.2307413,83.35017949,2.084,2.534009579
12,17,5.5,-12.53521127,5.4,1.6,5.017057997,0,27.89374589,0,26.16027607,84.1497016,2.213,2.534009579
12,17,6,10.42253521,39.6,11.2,35.64751735,1.547316952,27.87395318,0,26.29114007,84.44952239,2.321,2.534009579
12,17,6.5,29.78873239,67.6,19.2,63.90147554,2.836747746,27.86405682,0,26.58306746,84.64940292,1.613,2.534009579
12,17,7,58.8028169,97.2,27.8,90.83515532,3.610406222,27.89374589,0,26.89512778,84.1497016,1.667,2.534009579
12,17,7.5,128.7323944,184.2,53,162.9223571,6.962926286,27.95312405,0,27.29778625,83.05035871,2.858,2.534009579
12,17,8,211.2676056,295,86.2,288.0847513,11.60487714,28.03229492,0.1,27.90177396,80.55185213,3.535,2.534009579
12,17,8.5,206.3380282,274,75.8,260.3589045,10.57333251,28.08177671,0,28.46549581,77.09391902,4.039,2.485433389
12,17,9,278.6619718,363,99.2,332.7101619,12.89430794,28.23022209,0,28.85808782,75.58482105,3.855,2.485433389
12,17,9.5,389.3661972,547.4,145,489.0311269,17.79414495,28.41825291,0,29.49227492,72.4167147,4.491,2.485433389
12,17,10,592.2535211,695.8,178.2,664.6281568,21.92032349,28.36877111,0,30.12646201,70.20803489,5.12,2.435561791
12,17,10.5,552.5352113,671.8,169.4,611.0248529,20.6308927,28.72504003,0,30.55931986,69.67835149,4.513,2.384336168
12,17,11,394.7183099,471.6,128.6,431.7310434,15.73105568,29.20006524,0,30.87138018,69.22862031,3.323,2.384336168
12,17,11.5,418.943662,521.6,144,494.8403519,17.79414495,29.51674872,0,31.05257649,68.60899068,3.269,2.33169412
12,17,12,301.2676056,378.6,105.6,343.8005007,12.63642178,29.57612687,0,31.08277588,68.58900262,2.862,2.33169412
12,17,12.5,381.8309859,473.2,128.8,436.4840458,15.98894184,29.81363948,0,31.37470327,68.29917586,2.424,2.277569142
12,17,13,325.4225352,409.2,112.8,379.1839623,13.92585257,29.95218851,0,31.53576666,67.71952233,2.343,2.277569142
12,17,13.5,283.0985915,357,97.8,332.7101619,12.63642178,29.99177394,0,31.32437096,67.27978517,1.764,2.221890279
12,17,14,214.5774648,276.4,75.4,266.1681295,10.05756019,30.10063389,0,30.36805709,73.26620694,4.342,2.221890279
12,17,14.5,173.8028169,239,66.4,223.6551644,9.026015556,30.27876834,0,29.27081276,78.6429931,2.767,2.221890279
12,17,15,246.6197183,325,89.8,300.7594241,11.8627633,30.15011568,0,29.53254076,79.81229418,1.765,2.221890279
12,17,15.5,272.7464789,355,99.2,333.2382733,12.89430794,30.11053025,0,29.87480046,77.11390707,2.52,2.164581728
12,17,16,270.915493,360.4,103,335.6147744,13.41008025,30.17980476,0,30.4183894,76.4043312,2.344,2.164581728
12,17,16.5,234.4366197,322.8,96.4,298.6469787,12.89430794,30.3381465,0.1,30.49892109,74.8852392,2.551,2.164581728
12,17,17,127.6760563,197,62,185.6311459,9.283901714,30.42721372,0,30.55931986,74.38553789,2.098,2.105562403
12,17,17.5,44.50704225,100.4,33,94.26787921,4.899837016,30.16001204,0,30.45865525,74.3155797,1.487,2.105562403
12,17,18,-4.788732394,33.8,10.4,32.74290482,1.547316952,29.84332856,0,30.2069937,74.60540647,0.776,2.105562403
12,17,18.5,-30.14084507,2.6,0.6,2.640556841,0,29.58602323,0,29.74393646,77.21384734,0.867,2.105562403
12,17,19,-32.67605634,0,0,0,0,29.43757785,0,28.86815429,81.35137423,1.481,2.105562403
12,17,19.5,-32.32394366,0,0,0,0,29.2099616,0,28.27423304,83.45011976,1.428,2.105562403
12,17,20,-23.66197183,0,0,0,0,28.99224171,0,28.0225715,85.84868607,2.458,2.105562403
12,17,20.5,-8.732394366,0,0,0,0,28.8042109,0,27.97223919,86.94802897,2.242,2.105562403
12,17,21,-14.15492958,0,0,0,0,28.69535095,0,28.09303673,87.24784976,2.095,2.105562403
12,17,21.5,-23.87323944,0,0,0,0,28.62607644,0,27.8111758,85.64880555,3.004,2.105562403
12,17,22,-14.08450704,0,0,0,0,28.61618008,0,27.40851733,85.04916397,2.498,2.105562403
12,17,22.5,-19.85915493,0,0,0,0,28.62607644,0,27.37831794,84.94922371,2.264,2.105562403
12,17,23,-29.78873239,0,0,0,0,28.60628372,0,27.5997801,86.74814844,2.257,2.105562403
12,17,23.5,-25.84507042,0,0,0,0,28.55680193,0,27.48904902,87.9474316,1.246,2.105562403
12,18,0,-26.1971831,0,0,0,0,28.48752742,0,27.14678932,88.54707318,2.311,2.105562403
12,18,0.5,-20.28169014,0,0,0,0,28.43804562,0,25.94888037,88.04737186,3.929,2.105562403
12,18,1,-23.8028169,0,0,0,0,28.44794198,0,24.76103788,88.24725239,4.249,2.105562403
12,18,1.5,-18.8028169,0,0,0,0,28.39846019,0,24.22751541,88.84689397,1.457,2.105562403
12,18,2,-19.08450704,0,0,0,0,28.25991117,0,24.15705017,89.24665502,2.277,2.105562403
12,18,2.5,-19.36619718,0,0,0,0,28.11146579,0,24.05638556,89.34659529,1.79,2.105562403
12,18,3,-24.78873239,0,0,0,0,27.99270948,0,23.93558801,89.54647581,1.267,2.105562403
12,18,3.5,-23.8028169,0,0,0,0,27.90364225,0,23.92552155,89.94623686,1.093,2.105562403
12,18,4,-15.49295775,0,0,0,0,27.82447138,0,23.90538863,90.24605765,0.948,2.105562403
12,18,4.5,-14.01408451,0,0,0,0,27.78488595,0,23.90538863,90.84569923,0.939,2.105562403
12,18,5,-21.90140845,0,0,0,0,27.71561144,0,23.88525571,91.14552002,0.564,2.105562403
12,18,5.5,-20.07042254,3.2,0.8,2.640556841,0,27.65623328,0,24.02618617,91.54528108,0.215,2.105562403
12,18,6,-5.14084507,15,4.6,12.67467284,0.257886159,27.60675149,0,24.04631909,91.64522134,0.283,2.105562403
12,18,6.5,21.61971831,44.4,12.8,38.02401851,1.547316952,27.56716606,0.1,24.1771831,91.7451616,1.387,2.105562403
12,18,7,60.28169014,104,30,90.83515532,3.610406222,27.56716606,0,24.4389111,91.7451616,1.636,2.105562403
12,18,7.5,111.4084507,167.8,47.6,148.6633501,6.18926781,27.59685513,0,24.75097142,91.44534081,2.081,2.105562403
12,18,8,190.5633803,262.2,75.6,247.1561203,10.31544635,27.73540415,0,25.38515851,90.74575897,1.799,2.105562403
12,18,8.5,267.3943662,335.2,90.4,307.6248719,12.12064946,27.85416046,0,25.93881391,88.94683423,2.683,2.105562403
12,18,9,248.7323944,316.6,87.2,285.7082502,11.34699098,27.94322769,0,26.02941206,86.34838739,2.468,2.105562403
12,18,9.5,526.5492958,717.6,178.6,635.8460872,22.43609581,28.28960024,0,27.09645701,82.65059765,2.606,2.105562403
12,18,10,667.6056338,772.2,186.2,732.2264119,23.98341276,28.24011845,0,28.46549581,77.70355462,2.451,2.04474546
12,18,10.5,706.3380282,849.6,195,789.2624397,25.0149574,28.97244899,0,29.62313892,74.30558568,2.507,2.04474546
12,18,11,455.3521127,499.2,142.8,370.9982361,17.79414495,29.76415769,0,29.28087922,74.40552594,3.67,1.982037751
12,18,11.5,702.8169014,840.4,223.8,849.2030799,28.62536362,31.06058068,0,30.04593031,72.80648173,3.25,1.982037751
12,18,12,808.4507042,943,223.4,905.7109963,29.14113594,31.54550226,0,29.864734,73.01635628,4.632,1.982037751
12,18,12.5,834.5070423,966.2,230.2,919.1778362,30.17268057,31.8720821,0,29.77413585,74.47548412,3.528,1.91733923
12,18,13,871.8309859,1015.2,244.6,968.8203048,31.97788368,32.3273146,0,30.34792417,73.29618902,3.741,1.91733923
12,18,13.5,408.5915493,501.6,130,489.2951826,17.27837264,31.89187481,0,29.1802146,72.14687599,4.66,1.850542278
12,18,14,497.3239437,599.6,155.8,568.2478321,20.37300654,31.2486115,0,28.88828721,76.29439691,4.264,1.850542278
12,18,14.5,289.8591549,372.6,101.4,351.7221712,13.1521941,30.69441541,0,28.7070909,76.30439094,4.105,1.850542278
12,18,15,153.8732394,226.2,65.4,206.7556006,8.768129397,30.42721372,0,28.63662567,76.80409226,3.861,1.850542278
12,18,15.5,104.084507,167,48.8,151.0398513,6.18926781,30.21939019,0,28.48562874,77.42372189,3.441,1.850542278
12,18,16,115.4929577,179,52.6,161.6020786,6.962926286,30.02146302,0,28.3648312,77.41372786,3.203,1.850542278
12,18,16.5,70.28169014,117.8,33.6,108.5268862,4.641950857,29.82353584,0,28.24403366,77.7335367,2.575,1.850542278
12,18,17,36.54929577,62.2,17.6,56.50791639,2.320975429,29.67509046,0,28.06283734,78.04335152,2.024,1.850542278
12,18,17.5,18.94366197,43.4,12.2,39.87240829,1.805203111,29.50685236,0,27.95210626,77.72354268,1.835,1.850542278
12,18,18,-3.873239437,10.4,2.8,9.77006031,0.257886159,29.32871791,0,27.71051118,79.16268247,2.993,1.781530951
12,18,18.5,-23.87323944,0,0,0,0,29.31882155,0,25.48582313,85.34898476,4.251,1.781530951
12,18,19,-11.83098592,0,0,0,0,28.68545459,0,24.77110434,88.54707318,3.506,3.528305116
12,18,19.5,-18.30985915,0,0,0,0,28.0125022,0,24.66037326,90.04617713,3.366,3.901818108
12,18,20,-19.15492958,0,0,0,0,27.74530051,0.1,24.44897756,90.9456395,2.363,3.981712275
12,18,20.5,-18.5915493,0,0,0,0,27.61664785,0,24.47917695,91.64522134,1.949,4.038724253
12,18,21,-17.67605634,0,0,0,0,27.5572697,0,24.46911049,92.24486292,1.653,4.057207964
12,18,21.5,-19.15492958,0,0,0,0,27.51768426,0,24.35837941,92.74456423,2.14,4.057207964
12,18,22,-20.14084507,0,0,0,0,27.5077879,0,24.20738248,92.94444476,0.905,4.057207964
12,18,22.5,-20.28169014,0,0,0,0,27.49789154,0,24.14698371,93.04438502,0.79,4.038724253
12,18,23,-20.14084507,0,0,0,0,27.47809883,0,23.9657874,93.14432529,0.1,4.019984414
12,18,23.5,-21.12676056,0,0,0,0,27.43851339,0,24.11678433,93.24426555,0.95,4.000982477
12,19,0,-23.5915493,0,0,0,0,27.40882432,0,24.18724956,93.54408634,1.331,3.981712275
12,19,0.5,-23.5915493,0,0,0,0,27.39892796,0,24.16711663,93.74396687,1.933,3.962167436
12,19,1,-24.29577465,0,0,0,0,27.3890316,0,24.11678433,93.94384739,1.472,3.942341374
12,19,1.5,-22.3943662,0,0,0,0,27.37913524,0.1,24.07651848,94.14372792,2.251,3.922227279
12,19,2,-20.70422535,0,0,0,0,27.37913524,0,24.13691725,94.34360844,2.324,3.922227279
12,19,2.5,-18.23943662,0,0,0,0,27.35934252,0,24.13691725,94.44354871,1.112,3.901818108
12,19,3,-20.70422535,0,0,0,0,27.33954981,0,24.10671786,94.44354871,1.078,3.881106577
12,19,3.5,-18.5915493,0,0,0,0,27.29996437,0,24.0966514,94.54348897,0.54,3.881106577
12,19,4,-17.46478873,0,0,0,0,27.29006801,0,24.05638556,94.54348897,0.32,3.860085144
12,19,4.5,-17.81690141,0,0,0,0,27.25048258,0,24.10671786,94.64342923,0.267,3.860085144
12,19,5,-18.45070423,0,0,0,0,27.2207935,0,24.14698371,94.64342923,0.647,3.838746003
12,19,5.5,-13.5915493,7.4,2.2,5.809225049,0,27.19110442,0,24.16711663,94.7433695,1.116,3.838746003
12,19,6,0.774647887,28.6,8.2,24.8212343,1.031544635,27.18120807,0,24.31811356,94.84330976,1.7,3.838746003
12,19,6.5,17.46478873,64.6,17.4,60.73280733,2.320975429,27.15151899,0,24.20738248,94.84330976,2.499,3.838746003
12,19,7,21.83098592,99.4,27.4,97.43654742,3.868292381,27.15151899,0.1,24.11678433,94.7433695,2.47,3.817081071
12,19,7.5,67.67605634,160.8,45.4,139.9495126,6.705040127,27.20100078,0,24.35837941,94.64342923,2.321,3.817081071
12,19,8,219.0140845,338,106.4,402.4208625,13.66796641,27.31975709,0,25.02276589,94.04378766,2.862,3.817081071
12,19,8.5,470.0704225,592.2,140.4,538.1454841,17.27837264,27.60675149,0,25.68715236,92.54468371,3.43,3.795081971
12,19,9,552.2535211,678.2,158.4,597.558013,19.08357575,27.81457502,0,26.41193761,90.34599792,3.675,3.795081971
12,19,9.5,424.5774648,674.6,157.4,589.3722868,19.08357575,27.94322769,0,27.09645701,87.04796923,3.537,3.772740025
12,19,10,673.2394366,709.4,178.2,728.5296323,21.40455117,27.79478231,0,27.6803118,81.05155344,3.499,3.750046232
12,19,10.5,702.1126761,847.8,188.4,759.4241474,22.17820965,28.6359728,0,28.81782198,74.1256932,4.068,3.750046232
12,19,11,757.7464789,769,200.8,686.5447786,23.7255266,29.80374313,0,29.84460108,68.73891302,3.865,3.726991262
12,19,11.5,567.6056338,623.8,190.6,692.3540036,22.95186813,30.49648823,0,30.68011741,64.94118302,3.743,3.703565429
12,19,12,842.2535211,958.6,228,911.5202214,26.82016051,30.84286079,0,31.48543435,62.84243749,3.398,3.679758684
12,19,12.5,881.6901408,986.4,239.2,946.111516,27.85170514,31.43664231,0,32.15988729,61.05350678,3.067,3.65556059
12,19,13,627.4647887,719.4,185.2,684.4323331,21.40455117,31.68405128,0,31.94849159,60.84363223,4.432,3.630960307
12,19,13.5,342.6760563,427.4,115,406.6457535,14.18373873,30.97151345,0,30.10632908,67.37972544,4.374,3.605946568
12,19,14,498.8028169,603,159.8,585.9395629,19.85723422,30.31835378,0.1,29.85466754,70.24801099,3.584,3.580507661
12,19,14.5,607.7464789,726.2,195.4,683.640166,23.7255266,30.35793921,0,30.25732601,67.89941481,2.562,3.580507661
12,19,15,299.2253521,363.4,101,353.3065053,12.89430794,30.52617731,0,30.73044972,67.27978517,1.661,3.554631403
12,19,15.5,366.1971831,461.6,130.2,442.0292151,16.50471416,30.76368992,0,31.41496912,65.53083057,1.432,3.528305116
12,19,16,142.6760563,201.4,58.8,208.6039904,8.510243238,30.94182438,0,31.30423804,63.64195959,2.484,3.528305116
12,19,16.5,107.5352113,164.4,49,164.2426355,7.220812445,30.60534818,0,30.79084849,66.08050202,2.25,3.528305116
12,19,17,107.1126761,169.6,53.6,161.338023,7.478698603,30.31835378,0,30.38819001,66.26039449,1.895,3.501515604
12,19,17.5,22.18309859,36.2,10.4,34.32723893,1.289430794,30.04125573,0,29.11981583,71.31737181,6.099,3.501515604
12,19,18,-20,7,2,6.865447786,0,29.73446861,0,26.65353269,79.75233002,4.122,3.501515604
12,19,18.5,-18.66197183,1,0.2,0.528111368,0,29.41778514,0,25.6770859,83.84988081,2.565,3.501515604
12,19,19,-20.84507042,0,0,0,0,28.97244899,0,25.53615544,85.84868607,1.398,3.501515604
12,19,19.5,-19.01408451,0,0,0,0,28.57659464,0,25.56635482,87.54767055,1.04,3.501515604
12,19,20,-24.01408451,0,0,0,0,28.32918568,0,25.60662067,88.44713292,1.597,3.501515604
12,19,20.5,-27.53521127,0,0,0,0,28.1807403,0,25.57642128,89.34659529,1.406,3.501515604
12,19,21,-21.12676056,0,0,0,0,28.09167307,0,25.65695298,90.34599792,1.789,3.501515604
12,19,21.5,-20.35211268,0,0,0,0,28.03229492,0,25.85828221,91.24546029,2.103,3.501515604
12,19,22,-17.04225352,0,0,0,0,27.99270948,0.1,25.85828221,91.54528108,1.084,3.501515604
12,19,22.5,-18.8028169,0,0,0,0,27.99270948,0,25.92874745,91.7451616,1.945,3.501515604
12,19,23,-21.05633803,0,0,0,0,27.9630204,0,25.73748467,91.84510187,1.78,3.501515604
12,19,23.5,-18.52112676,0,0,0,0,27.94322769,0,25.76768406,91.94504213,1.252,3.501515604
12,20,0,-18.8028169,0,0,0,0,27.90364225,0,25.8079499,92.24486292,0.626,3.501515604
12,20,0.5,-20.35211268,0,0,0,0,27.88384953,0,25.90861452,92.34480318,0.523,3.501515604
12,20,1,-20.98591549,0,0,0,0,27.8442641,0,25.82808283,92.44474344,1.424,3.501515604
12,20,1.5,-19.08450704,0,0,0,0,27.82447138,0,25.64688652,92.64462397,1.845,3.501515604
12,20,2,-22.67605634,0,0,0,0,27.79478231,0,25.53615544,92.74456423,2.079,3.501515604
12,20,2.5,-22.32394366,0,0,0,0,27.74530051,0,25.49588959,92.94444476,2.004,3.501515604
12,20,3,-18.87323944,0,0,0,0,27.7255078,0,25.49588959,93.04438502,1.737,3.501515604
12,20,3.5,-19.64788732,0,0,0,0,27.69581872,0,25.47575667,93.24426555,2.009,3.501515604
12,20,4,-21.26760563,0,0,0,0,27.676026,0,25.50595605,93.34420581,1.937,3.501515604
12,20,4.5,-21.33802817,0,0,0,0,27.63644057,0,25.40529143,93.44414608,2.067,3.501515604
12,20,5,-20.56338028,0,0,0,0,27.61664785,0,25.45562374,93.6440266,1.815,3.501515604
12,20,5.5,-22.18309859,3,0.6,2.640556841,0,27.60675149,0.1,25.40529143,93.74396687,2.418,3.501515604
12,20,6,-15.56338028,23,6.4,21.12445473,0.773658476,27.57706241,0,25.37509205,93.84390713,2.46,3.501515604
12,20,6.5,14.57746479,65.8,18,60.20469597,2.06308927,27.58695877,0,25.35495912,93.54408634,2.64,3.501515604
12,20,7,65.07042254,106.6,28.8,102.7176611,3.610406222,27.58695877,0,25.34489266,92.74456423,3.516,3.501515604
12,20,7.5,105.2816901,142.2,39.6,133.3481205,5.415609333,27.58695877,0,25.56635482,91.7451616,3.646,3.501515604
12,20,8,169.5070423,216,60.8,200.9463756,7.994470921,27.65623328,0,25.94888037,90.14611739,4.183,3.501515604
12,20,8.5,190.915493,243.2,68.4,225.2394985,8.510243238,27.65623328,0,26.30120653,88.04737186,4.93,3.501515604
12,20,9,227.2535211,284.2,79.4,264.5837954,10.05756019,27.7255078,0,26.81459608,85.94862634,4.346,3.501515604
12,20,9.5,276.6197183,342,94,321.3557675,11.8627633,27.77498959,0,27.28771979,83.35017949,4.535,3.501515604
12,20,10,441.056338,524,140.4,493.5200735,16.50471416,27.91353861,0,28.03263796,80.45191186,4.911,3.474249121
12,20,10.5,370,441.8,121.4,411.9268671,14.18373873,27.94322769,0,28.57622689,77.20385331,4.792,3.474249121
12,20,11,404.1549296,487.8,133.4,452.3273868,15.21528337,28.14115486,0,29.10974937,74.97518544,4.662,3.474249121
12,20,11.5,482.0422535,574.6,153.8,529.1675909,17.53625879,28.33908204,0,29.56274015,73.28619499,4.504,3.446491342
12,20,12,577.4647887,667.8,172.2,630.0368622,19.85723422,28.72504003,0.1,30.26739247,69.48846499,4.877,3.446491342
12,20,12.5,806.3380282,923.8,227.6,881.1538177,25.78861587,29.42768149,0,30.82104787,67.02993452,5.11,3.418227335
12,20,13,785.915493,891.2,222.8,856.8606948,25.53072971,30.29856106,0,31.68676358,63.84184012,4.778,3.389441522
12,20,13.5,606.3380282,701,179.2,673.0779387,20.88877886,30.1204266,0,32.09948852,62.57259878,4.863,3.389441522
12,20,14,569.0140845,656,171.8,624.7557485,20.11512038,29.45737057,0,32.35115006,59.45446257,5.554,3.360117648
12,20,14.5,594.3661972,687.4,184,641.3912566,21.40455117,29.36830334,0,32.83434023,59.15464178,4.978,3.360117648
12,20,15,604.9295775,708.6,194.2,660.1392102,22.69398197,30.1204266,0,33.17659993,57.56559159,4.913,3.330238739
12,20,15.5,463.3802817,560.8,158.6,525.734867,19.08357575,30.65482997,0,33.41819501,57.39569315,4.695,3.299787062
12,20,16,301.6901408,369.8,109.6,348.8175586,13.66796641,30.37773193,0,33.03566946,58.23519136,4.478,3.299787062
12,20,16.5,211.8309859,284.4,88.4,271.9773546,11.60487714,30.17980476,0,32.74374207,57.95535862,4.407,3.299787062
12,20,17,92.11267606,138.4,40.8,135.4605659,5.673495492,29.93239579,0,32.50214699,58.47504799,4.347,3.299787062
12,20,17.5,64.85915493,113.4,33.4,106.150385,4.384064698,29.62560867,0,31.9988239,61.69312446,3.43,3.26874408
12,20,18,21.97183099,63.6,20.4,55.45169365,2.320975429,29.36830334,0,31.67669712,62.55261073,2.854,3.26874408
12,20,18.5,-17.32394366,17.2,6,10.29817168,0.515772317,29.10110166,0,31.13310819,64.22161312,2.434,3.26874408
12,20,19,-28.8028169,0,0,0,0,29.01203443,0,30.2069937,68.83885328,2.206,3.26874408
12,20,19.5,-32.04225352,0,0,0,0,28.94275992,0,28.9688189,75.2250361,3.351,3.26874408
12,20,20,-32.25352113,0,0,0,0,28.8042109,0,28.19370135,78.42312452,3.144,3.26874408
12,20,20.5,-30.91549296,0,0,0,0,28.64586916,0,27.85144165,79.95221055,2.701,3.26874408
12,20,21,-30.56338028,0,0,0,0,28.51721649,0,27.4689161,81.55125476,2.064,3.26874408
12,20,21.5,-30.70422535,0,0,0,0,28.40835655,0,27.22732102,82.55065739,2.162,3.26874408
12,20,22,-31.83098592,0,0,0,0,28.28960024,0,27.0461247,82.85047818,2.431,3.26874408
12,20,22.5,-33.94366197,0,0,0,0,28.1807403,0,27.05619117,82.95041844,2.724,3.26874408
12,20,23,-34.92957746,0,0,0,0,28.07188035,0.1,27.05619117,81.05155344,3.426,3.26874408
12,20,23.5,-32.95774648,0,0,0,0,27.98281312,0,27.21725455,79.43252118,3.297,3.26874408
12,21,0,-31.4084507,0,0,0,0,27.94322769,0,27.22732102,78.77291544,3.602,3.26874408
12,21,0.5,-33.94366197,0,0,0,0,27.89374589,0,27.26758686,78.14329178,4.062,3.26874408
12,21,1,-35.63380282,0,0,0,0,27.83436774,0,27.34811856,78.23323802,3.814,3.26874408
12,21,1.5,-36.83098592,0,0,0,0,27.81457502,0,27.34811856,78.25322607,3.996,3.26874408
12,21,2,-35.70422535,0,0,0,0,27.77498959,0,27.31791917,78.50307673,4.356,3.26874408
12,21,2.5,-37.04225352,0,0,0,0,27.74530051,0,27.19712163,78.98278999,3.883,3.26874408
12,21,3,-37.74647887,0,0,0,0,27.7255078,0,27.07632409,79.69236586,3.313,3.26874408
12,21,3.5,-38.87323944,0,0,0,0,27.71561144,0,26.88506132,80.95161318,3.576,3.26874408
12,21,4,-38.94366197,0,0,0,0,27.69581872,0,26.76426377,81.95101581,3.168,3.26874408
12,21,4.5,-40.70422535,0,0,0,0,27.66612964,0,26.64346623,82.75053792,4.035,3.26874408
12,21,5,-38.87323944,0,0,0,0,27.61664785,0,26.54280161,82.55065739,4.693,3.26874408
12,21,5.5,-34.29577465,6.8,2,6.601392102,0,27.56716606,0.1,26.43207054,82.45071713,4.807,3.26874408
12,21,6,0.211267606,63.6,20.2,52.81113681,2.836747746,27.52758062,0,26.43207054,82.2508366,4.269,3.26874408
12,21,6.5,83.94366197,166.6,51.4,135.4605659,6.447153968,27.47809883,0,26.89512778,80.95161318,4.565,3.26874408
12,21,7,125.6338028,197.2,56.6,171.6361946,7.220812445,27.52758062,0,27.21725455,79.43252118,4.578,3.237090405
12,21,7.5,220.8450704,319.6,89,240.8187839,10.83121867,27.66612964,0,27.84137518,77.53365618,4.406,3.237090405
12,21,8,221.1267606,345,129.4,431.2029321,15.47316952,27.80467867,0,28.51582812,75.42491662,4.771,3.237090405
12,21,8.5,434.7887324,558.4,140.4,498.2730758,16.76260032,27.92343497,0,28.86815429,73.86584852,4.836,3.237090405
12,21,9,548.943662,686.4,165.6,617.626245,19.34146191,28.08177671,0,29.32114507,72.5666251,5.107,3.204805749
12,21,9.5,508.2394366,744.8,180.8,690.7696695,20.88877886,28.16094758,0,30.08619616,70.30797515,4.722,3.204805749
12,21,10,321.2676056,376.4,106.2,344.0645563,12.12064946,28.19063665,0,30.30765832,68.46907431,4.888,3.171868865
12,21,10.5,448.028169,554.6,137.6,435.427823,15.73105568,28.64586916,0,30.78078202,65.66075291,4.896,3.171868865
12,21,11,490.5633803,559.4,146.2,519.3975306,17.27837264,29.28913247,0,31.53576666,62.7325032,5.096,3.171868865
12,21,11.5,549.084507,649.2,166.6,609.7045745,19.59934806,29.30892519,0,31.56596604,62.38271228,4.683,3.138257493
12,21,12,562.7464789,652.4,166,611.81702,19.59934806,29.8334322,0,32.31088421,59.48444465,5.259,3.103948293
12,21,12.5,530.6338028,621,160.2,577.7538367,19.08357575,29.59591959,0,32.19008667,59.29455815,5.425,3.103948293
12,21,13,490.7746479,578,153,539.7298182,18.05203111,29.85322492,0,31.60623189,58.9747493,6.421,3.068916779
12,21,13.5,180.6338028,258.4,71.6,246.6280089,9.283901714,29.72457226,0,30.24725955,67.42969557,3.363,3.068916779
12,21,14,103.3098592,163.8,48.4,145.7587376,6.18926781,29.61571231,0,28.57622689,72.32676847,3.67,3.068916779
12,21,14.5,143.028169,212.4,62,189.3279255,7.478698603,29.496956,0,27.39845087,75.84466573,3.414,3.068916779
12,21,15,207.3239437,286,82.4,256.6621249,9.799674032,29.30892519,0,27.3380521,78.06333957,3.53,3.033137246
12,21,15.5,288.2394366,384,111.2,340.8958881,13.1521941,29.29902883,0,28.20376781,76.52425952,2.666,3.033137246
12,21,16,293.4507042,387.8,114.8,349.0816143,13.66796641,29.55633416,0,29.51240784,71.83706118,3.216,3.033137246
12,21,16.5,215.2816901,301.8,93,267.488408,11.34699098,29.45737057,0,29.90499985,69.79827981,2.953,3.033137246
12,21,17,138.4507042,214.4,69.6,192.4965937,9.026015556,29.52664508,0,29.80433523,70.57781386,3.147,3.033137246
12,21,17.5,69.29577465,140.4,50.6,125.1623942,6.705040127,29.7146759,0,29.67347123,71.39732402,2.559,2.996582688
12,21,18,-15.84507042,20.8,6.2,22.18067746,0.773658476,29.43757785,0,28.93861952,75.12509583,2.749,2.996582688
12,21,18.5,-31.54929577,2.8,0.6,2.904612525,0,29.30892519,0,27.91184042,78.2632201,1.941,2.996582688
12,21,19,-26.83098592,0,0,0,0,29.03182715,0,27.50918195,80.45191186,1.629,2.996582688
12,21,19.5,-21.69014085,0,0,0,0,28.7547291,0,27.37831794,82.35077686,1.692,2.996582688
12,21,20,-17.11267606,0,0,0,0,28.50732013,0,27.30785271,81.55125476,4.333,2.996582688
12,21,20.5,-15.56338028,0,0,0,0,28.32918568,0,25.98914622,80.05215081,4.366,2.996582688
12,21,21,-16.76056338,0,0,0,0,28.32918568,0,25.37509205,82.85047818,3.141,2.996582688
12,21,21.5,-24.85915493,0,0,0,0,28.25001481,0,25.08316466,84.54946265,2.609,2.996582688
12,21,22,-18.66197183,0,0,0,0,28.12136214,0,24.93216773,85.64880555,2.396,2.996582688
12,21,22.5,-20.21126761,0,0,0,0,28.0125022,0,24.81137019,86.24844713,1.911,2.996582688
12,21,23,-30.84507042,0,0,0,0,27.88384953,0,24.71070557,86.44832765,1.41,2.996582688
12,21,23.5,-32.95774648,0,0,0,0,27.79478231,0,24.56977511,87.04796923,2.441,2.996582688
12,22,0,-25.07042254,0,0,0,0,27.71561144,0.1,24.47917695,87.44773029,2.218,2.996582688
12,22,0.5,-19.08450704,0,0,0,0,27.66612964,0,24.48924341,87.84749134,2.273,2.996582688
12,22,1,-16.61971831,0,0,0,0,27.62654421,0,24.53957572,87.54767055,2.636,2.996582688
12,22,1.5,-20.42253521,0,0,0,0,27.5572697,0,24.70063911,87.1479095,2.078,2.996582688
12,22,2,-17.25352113,0,0,0,0,27.52758062,0,24.88183542,87.04796923,0.95,2.996582688
12,22,2.5,-18.38028169,0,0,0,0,27.53747698,0,24.90196834,87.54767055,1.285,2.996582688
12,22,3,-18.5915493,0,0,0,0,27.52758062,0,24.85163604,87.9474316,1.843,2.996582688
12,22,3.5,-15.77464789,0,0,0,0,27.5077879,0,24.76103788,88.24725239,1.629,2.996582688
12,22,4,-15.14084507,0,0,0,0,27.47809883,0,24.7811708,88.54707318,1.289,2.996582688
12,22,4.5,-14.29577465,0,0,0,0,27.45830611,0,24.90196834,88.94683423,2.151,2.996582688
12,22,5,-16.26760563,0,0,0,0,27.43851339,0,24.91203481,89.14671476,1.89,2.996582688
12,22,5.5,-16.90140845,5.2,1.4,5.017057997,0,27.39892796,0,25.00263296,89.54647581,1.478,2.996582688
12,22,6,4.225352113,32.8,9.6,29.8382923,1.547316952,27.3890316,0,25.17376281,89.94623686,1.56,2.996582688
12,22,6.5,29.08450704,49.6,14,44.36135492,1.805203111,27.41872068,0,25.43549082,90.04617713,1.615,2.996582688
12,22,7,73.66197183,102.2,28.6,92.15543374,3.868292381,27.47809883,0,25.7576176,89.94623686,1.825,2.996582688
12,22,7.5,32.67605634,74.2,19.8,72.08720175,3.094633905,27.51768426,0,25.98914622,89.14671476,4.279,2.996582688
12,22,8,-0.774647887,41.6,9.6,47.53002313,1.805203111,27.62654421,0,24.75097142,90.04617713,5.83,3.237090405
12,22,8.5,12.32394366,49.8,11.8,53.33924818,1.805203111,27.51768426,0,24.11678433,91.44534081,3.668,3.922227279
12,22,9,31.47887324,78,19.6,78.16048248,2.578861587,27.16141535,0,24.50937634,92.04498239,1.933,4.057207964
12,22,9.5,101.8309859,216.8,57,203.8509881,7.220812445,26.98328089,0,24.8617025,92.34480318,2.326,4.128694494
12,22,10,114.8591549,244.4,65.2,226.0316656,8.252357079,26.92390274,0,25.43549082,92.54468371,3.191,4.163043047
12,22,10.5,68.16901408,190.4,50.8,179.2938095,6.447153968,27.00307361,0,25.61668713,92.44474344,3.733,4.145980777
12,22,11,58.94366197,157.6,41.2,151.0398513,5.415609333,27.17131171,0,25.23416158,92.8445045,3.596,4.1798861
12,22,11.5,54.78873239,134,31.2,146.5509047,4.899837016,27.21089714,0,24.98250004,93.24426555,4.019,4.747189665
12,22,12,19.57746479,66,14.6,77.10425975,2.836747746,27.0525554,0,24.93216773,93.54408634,4.211,4.875464264
12,22,12.5,-2.394366197,12.2,2.6,16.6355081,0.515772317,26.97338453,0,24.58990803,93.74396687,2.604,4.80826509
12,22,13,1.478873239,12.8,2.4,17.95578652,0.773658476,26.89421366,0.1,24.47917695,94.04378766,1.624,4.856686183
12,22,13.5,9.788732394,35,8.4,38.81618556,1.805203111,26.80514644,0,24.4389111,94.14372792,0.975,4.837575743
12,22,14,20.56338028,67.2,17.6,63.90147554,2.320975429,26.74576828,0,24.54964218,94.34360844,1.195,4.788279418
12,22,14.5,27.18309859,96,26.6,85.02593027,3.094633905,26.70618285,0,24.72077203,94.44354871,1.991,4.715347224
12,22,15,31.05633803,95.2,26.8,81.32915069,3.094633905,26.72597557,0,24.80130373,94.54348897,1.593,4.625781237
12,22,15.5,33.02816901,103.2,28.6,90.83515532,3.352520064,26.77545736,0,25.06303173,94.44354871,1.364,4.528696868
12,22,16,25.14084507,83,22.8,73.40748017,3.094633905,26.92390274,0,25.16369635,94.34360844,1.726,4.476995899
12,22,16.5,34.22535211,87.6,24.4,76.04803701,3.352520064,27.04265904,0,25.28449389,94.14372792,0.973,4.409093509
12,22,17,46.97183099,90,24.8,78.16048248,3.352520064,27.13172627,0,25.39522497,93.84390713,0.913,4.36647031
12,22,17.5,16.61971831,57.2,15.6,49.90652429,1.805203111,27.16141535,0,25.4153579,93.44414608,1.761,4.337219607
12,22,18,-2.535211268,26.4,7.6,22.70878883,1.031544635,27.18120807,0,25.34489266,93.44414608,1.545,4.307269667
12,22,18.5,-25,2.8,0.6,2.640556841,0,27.15151899,0,25.21402866,93.44414608,1.483,4.276592177
12,22,19,-25.63380282,0,0,0,0,27.11193356,0,24.97243358,93.54408634,1.594,4.245157198
12,22,19.5,-21.47887324,0,0,0,0,27.03276269,0,24.85163604,93.84390713,0.214,4.229145817
12,22,20,-22.11267606,0,0,0,0,26.96348817,0,24.85163604,94.04378766,1.43,4.212933033
12,22,20.5,-21.97183099,0,0,0,0,26.91400638,0,24.72077203,94.14372792,2.186,4.1798861
12,22,21,-14.64788732,0,0,0,0,26.89421366,0.1,24.74090496,94.44354871,1.4,4.163043047
12,22,21.5,-15.35211268,0,0,0,0,26.8843173,0,24.76103788,94.44354871,1.072,4.163043047
12,22,22,-16.33802817,0,0,0,0,26.87442095,0,24.8617025,94.64342923,0.246,4.145980777
12,22,22.5,-20.35211268,0,0,0,0,26.86452459,0,24.83150311,94.84330976,0.547,4.128694494
12,22,23,-24.01408451,0,0,0,0,26.83483551,0,24.71070557,94.84330976,0.615,4.111179251
12,22,23.5,-21.26760563,0,0,0,0,26.81504279,0,24.59997449,94.94325002,1.392,4.111179251
12,23,0,-21.47887324,0,0,0,0,26.80514644,0,24.49930987,95.04319029,1.617,4.093429949
12,23,0.5,-19.15492958,0,0,0,0,26.79525008,0,24.54964218,95.14313055,1.272,4.075441329
12,23,1,-18.8028169,0,0,0,0,26.78535372,0,24.57984157,95.14313055,1.131,4.075441329
12,23,1.5,-16.83098592,0,0,0,0,26.77545736,0,24.49930987,95.34301108,1.227,4.057207964
12,23,2,-16.69014085,0,0,0,0,26.765561,0,24.50937634,95.44295134,1.4,4.057207964
12,23,2.5,-16.47887324,0,0,0,0,26.75566464,0,24.45904403,95.44295134,1.629,4.057207964
12,23,3,-14.92957746,0,0,0,0,26.765561,0,24.45904403,95.64283187,1.923,4.038724253
12,23,3.5,-19.22535211,0,0,0,0,26.75566464,0,24.46911049,95.74277213,1.676,4.038724253
12,23,4,-19.43661972,0,0,0,0,26.75566464,0,24.03625263,95.44295134,2.387,4.019984414
12,23,4.5,-19.01408451,0,0,0,0,26.765561,0,23.281268,95.24307081,1.712,4.019984414
12,23,5,-12.18309859,0,0,0,0,26.74576828,0,23.14033753,95.44295134,1.869,4.019984414
12,23,5.5,-7.605633803,2.2,0.6,2.112445473,0,26.65670105,0.1,23.22086923,95.44295134,1.674,4.000982477
12,23,6,-2.323943662,23.8,6.8,20.86039904,0.773658476,26.60721926,0,23.25106861,95.44295134,1.886,4.000982477
12,23,6.5,16.90140845,55.6,14.8,49.37841292,1.805203111,26.57753018,0,23.281268,95.34301108,2.36,4.000982477
12,23,7,57.67605634,88,23.8,78.68859385,3.094633905,26.57753018,0,23.57319539,95.24307081,1.869,3.981712275
12,23,7.5,90.42253521,140.6,38.2,125.6905056,4.641950857,26.6468047,0,23.95572094,95.04319029,1.329,3.981712275
12,23,8,157.0422535,212.4,57.2,194.8730948,7.478698603,26.83483551,0,24.28791418,94.7433695,1.803,3.981712275
12,23,8.5,220.3521127,285.8,76.8,258.246459,10.05756019,27.06245176,0,24.62010741,93.94384739,2.085,3.981712275
12,23,9,237.4647887,300.8,82,268.0165193,10.05756019,27.27027529,0,25.04289881,92.64462397,2.24,3.962167436
12,23,9.5,129.0140845,188.8,52,169.5237492,6.18926781,27.47809883,0,25.24422805,91.24546029,2.116,3.962167436
12,23,10,208.7323944,331.6,90.2,298.9110344,10.83121867,27.56716606,0,25.4656902,90.24605765,2.095,3.942341374
12,23,10.5,69.50704225,233.6,65,202.5307097,7.220812445,27.47809883,0,25.26436097,90.34599792,3.157,3.942341374
12,23,11,254.4366197,429.6,117,382.3526305,13.1521941,27.69581872,0,25.37509205,92.04498239,2.862,3.942341374
12,23,11.5,348.0985915,447.8,123.6,450.478997,14.18373873,27.99270948,0,25.77775052,90.54587844,2.339,3.942341374
12,23,12,286.056338,362,100,311.3216515,12.12064946,28.12136214,0,25.99921268,87.9474316,3.431,3.922227279
12,23,12.5,419.3661972,520.6,138.2,439.1246026,16.246828,28.44794198,0,26.58306746,85.44892502,2.787,3.922227279
12,23,13,420,521.2,138.4,453.1195539,15.73105568,28.6359728,0,27.17698871,82.65059765,2.913,3.922227279
12,23,13.5,476.9014085,588.4,153.6,528.3754238,17.79414495,28.76462546,0,27.74071057,80.05215081,2.81,3.901818108
12,23,14,507.6760563,618.6,163,554.5169365,18.30991727,28.69535095,0,28.07290381,77.98338736,3.44,3.901818108
12,23,14.5,395.5633803,495.8,134.6,447.0462731,15.47316952,28.68545459,0,28.37489766,76.75412212,3.853,3.881106577
12,23,15,535.4929577,670.2,180.6,600.9907369,20.88877886,29.15058345,0,28.50576166,74.82527505,3.844,3.860085144
12,23,15.5,243.3098592,313.6,88,287.0285286,10.83121867,29.51674872,0,28.92855306,74.36554983,2.633,3.860085144
12,23,16,150.7042254,231.4,64.6,214.6772711,7.994470921,29.30892519,0,28.85808782,73.68595604,3.376,3.838746003
12,23,16.5,49.36619718,151,43.6,137.3089557,5.157723175,28.95265628,0,28.10310319,78.17327386,3.795,3.838746003
12,23,17,73.23943662,123.4,34.8,117.2407237,4.384064698,28.76462546,0,27.47898256,81.25143397,3.66,3.838746003
12,23,17.5,101.9014085,176.8,55.6,146.0227933,6.18926781,28.54690557,0,27.3883844,82.15089634,4.105,3.838746003
12,23,18,35.63380282,83.2,24.6,71.82314607,2.836747746,28.31928932,0,26.84479547,82.2508366,3.777,3.817081071
12,23,18.5,-7.746478873,19.4,6.8,10.82628305,0.257886159,28.15105122,0,26.45220346,83.45011976,2.496,3.817081071
12,23,19,-8.873239437,0,0,0,0,28.00260584,0,26.17034253,84.34958213,2.543,3.817081071
12,23,19.5,-13.73239437,0,0,0,0,27.8442641,0.1,25.8884816,85.94862634,2.998,3.817081071
12,23,20,-13.30985915,0,0,0,0,27.71561144,0,25.55628836,87.64761081,2.891,3.817081071
12,23,20.5,-15,0,0,0,0,27.59685513,0,25.36502559,88.84689397,2.894,3.817081071
12,23,21,-10.21126761,0,0,0,0,27.47809883,0,25.18382927,89.64641608,2.838,3.817081071
12,23,21.5,-7.464788732,0,0,0,0,27.3890316,0,25.03283235,90.04617713,3.036,3.795081971
12,23,22,-6.901408451,0,0,0,0,27.32965345,0,24.68050619,90.44593818,3.424,3.795081971
12,23,22.5,-23.66197183,0,0,0,0,27.29006801,0,24.48924341,90.84569923,2.927,3.795081971
12,23,23,-24.36619718,0,0,0,0,27.23068986,0,24.24764833,91.34540055,3.436,3.795081971
12,23,23.5,-18.87323944,0,0,0,0,27.18120807,0,23.82485693,92.04498239,3.284,3.795081971
12,24,0,-18.87323944,0,0,0,0,27.11193356,0,23.76445816,92.54468371,2.818,3.795081971
12,24,0.5,-16.47887324,0,0,0,0,27.04265904,0,23.71412585,92.8445045,2.301,3.795081971
12,24,1,-14.36619718,0,0,0,0,27.00307361,0,23.63359416,93.04438502,2.625,3.795081971
12,24,1.5,-15.49295775,0,0,0,0,26.95359182,0,23.34166677,93.24426555,2.845,3.772740025
12,24,2,-13.16901408,0,0,0,0,26.89421366,0,23.12020461,93.54408634,2.416,3.772740025
12,24,2.5,-10.70422535,0,0,0,0,26.83483551,0,23.10007169,93.74396687,1.962,3.795081971
12,24,3,-9.366197183,0,0,0,0,26.77545736,0,23.02960645,93.84390713,1.72,3.795081971
12,24,3.5,-9.366197183,0,0,0,0,26.71607921,0,23.00947353,94.04378766,1.693,3.838746003
12,24,4,-7.746478873,0,0,0,0,26.67649377,0,23.00947353,94.24366818,1.4,3.881106577
12,24,4.5,-6.690140845,0,0,0,0,26.6468047,0,22.91887537,94.34360844,1.38,3.901818108
12,24,5,-8.591549296,0,0,0,0,26.62701198,0,22.7276126,94.44354871,1.854,3.922227279
12,24,5.5,-7.957746479,1,0.2,1.056222736,0,26.5973229,0,22.74774552,94.64342923,1.046,3.922227279
12,24,6,-3.873239437,7.4,2.2,6.865447786,0,26.56763383,0,22.82827722,94.7433695,0.75,3.942341374
12,24,6.5,0.774647887,22.4,6.2,20.59634336,0.773658476,26.52804839,0,22.76787845,94.7433695,1.321,3.942341374
12,24,7,5.563380282,36.6,9.8,34.06318324,1.547316952,26.49835931,0,22.71754614,94.84330976,1.491,3.942341374
12,24,7.5,7.746478873,46.8,12,43.83324355,1.805203111,26.46867024,0,22.67728029,94.84330976,1.93,3.942341374
12,24,8,17.74647887,62.4,15.8,60.46875165,1.805203111,26.46867024,0,22.52628336,94.94325002,1.294,3.942341374
12,24,8.5,32.6056338,97.2,25.2,92.15543374,3.094633905,26.43898116,0,22.64708091,95.04319029,1.457,3.962167436
12,24,9,65.77464789,158.6,42,145.7587376,4.899837016,26.39939573,0,22.88867599,95.04319029,1.355,4.019984414
12,24,9.5,97.11267606,194.8,52.4,174.0126958,5.673495492,26.36970665,0,23.25106861,94.94325002,0.793,4.038724253
12,24,10,180.4929577,295.2,79.8,260.0948488,9.283901714,26.56763383,0,23.66379355,94.7433695,1.245,4.057207964
12,24,10.5,501.3380282,624.8,163.6,562.7026627,18.05203111,27.03276269,0,24.38857879,94.44354871,1.514,4.057207964
12,24,11,411.056338,487.4,135.6,439.652714,15.21528337,27.36923888,0,24.84156957,93.14432529,2.377,4.038724253
12,24,11.5,451.8309859,543.8,146,494.5762962,16.50471416,27.46820247,0,25.34489266,92.24486292,2.002,4.038724253
12,24,12,601.4084507,709.2,183.2,620.7949132,19.85723422,28.19063665,0,26.19047545,90.44593818,2.046,4.019984414
12,24,12.5,465.8450704,565.2,147.4,515.1726396,16.76260032,28.48752742,0,26.73406439,88.14731213,2.104,4.019984414
12,24,13,403.2394366,477,127.2,430.410765,14.44162489,28.6359728,0.1,27.14678932,85.2490445,2.939,4.000982477
12,24,13.5,662.6760563,790,203.2,711.8941242,22.69398197,28.72504003,0,27.88164103,83.25023923,2.61,3.981712275
12,24,14,499.084507,609,162.8,548.7077115,18.30991727,28.50732013,0,28.43529643,79.89224639,2.661,3.981712275
12,24,14.5,362.3943662,440.2,119.6,396.6116375,13.66796641,28.55680193,0,28.94868598,77.67357255,2.972,3.962167436
12,24,15,-11.69014085,111.2,31.4,101.3973827,3.610406222,28.76462546,0,27.50918195,80.25203134,4.172,4.322333774
12,24,15.5,29.71830986,112.8,31.6,101.133327,3.610406222,28.7547291,0,26.25087422,87.44773029,3.309,4.788279418
12,24,16,43.23943662,138,37.2,131.7637863,4.899837016,28.15105122,0,26.0193456,89.14671476,2.945,4.938704345
12,24,16.5,246.3380282,357.4,109.2,323.2041573,13.1521941,28.22032573,0,26.80452962,89.24665502,3.005,4.866116164
12,24,17,136.6197183,192.4,59.4,186.9514243,7.478698603,28.69535095,0,27.41858379,86.74814844,2.221,4.778148925
12,24,17.5,80.21126761,119.4,35.2,101.6614384,4.12617854,28.21042937,0,26.80452962,84.34958213,2.413,4.682578795
12,24,18,-2.042253521,102,33.2,73.67153585,2.836747746,28.00260584,0,26.80452962,83.84988081,2.401,4.590310845
12,24,18.5,-28.66197183,23.6,8.2,11.88250578,0.515772317,27.71561144,0,26.46226992,86.24844713,1.982,4.528696868
12,24,19,-26.54929577,0.2,0,0,0,27.63644057,0,26.12001022,88.04737186,1.219,4.476995899
12,24,19.5,-25.28169014,0,0,0,0,27.51768426,0,25.96901329,88.94683423,1.961,4.436710259
12,24,20,-30.42253521,0,0,0,0,27.3890316,0,25.32475974,89.64641608,3.04,4.395048566
12,24,20.5,-28.66197183,0,0,0,0,27.28017165,0,24.84156957,90.34599792,1.729,4.36647031
12,24,21,-21.12676056,0,0,0,0,27.21089714,0,24.62010741,90.9456395,2.291,4.337219607
12,24,21.5,-28.8028169,0,0,0,0,27.14162263,0,24.56977511,91.44534081,3.536,4.307269667
12,24,22,-24.78873239,0,0,0,0,27.03276269,0,24.80130373,91.34540055,3.683,4.292023697
12,24,22.5,-16.1971831,0,0,0,0,26.97338453,0,24.64024034,91.04557976,1.963,4.276592177
12,24,23,-24.64788732,0,0,0,0,26.95359182,0.1,24.31811356,91.04557976,1.775,4.260971312
12,24,23.5,-18.45070423,0,0,0,0,26.94369546,0,24.19731602,91.34540055,1.186,4.245157198
12,25,0,-20.14084507,0,0,0,0,26.89421366,0,24.20738248,91.54528108,1.786,4.229145817
12,25,0.5,-20.35211268,0,0,0,0,26.84473187,0,24.16711663,91.64522134,1.792,4.229145817
12,25,1,-22.04225352,0,0,0,0,26.80514644,0,24.23758187,91.84510187,1.913,4.212933033
12,25,1.5,-20.63380282,0,0,0,0,26.77545736,0,24.23758187,91.84510187,1.45,4.212933033
12,25,2,-18.23943662,0,0,0,0,26.74576828,0,24.37851233,91.94504213,1.248,4.196514589
12,25,2.5,-28.45070423,0,0,0,0,26.70618285,0,24.48924341,92.04498239,0.738,4.196514589
12,25,3,-23.16901408,0,0,0,0,26.67649377,0,24.45904403,92.44474344,0.314,4.1798861
12,25,3.5,-27.25352113,0,0,0,0,26.65670105,0,24.32818002,92.74456423,0.262,4.1798861
12,25,4,-22.81690141,0,0,0,0,26.61711562,0,24.19731602,92.8445045,0.964,4.163043047
12,25,4.5,-15.98591549,0,0,0,0,26.60721926,0,24.24764833,93.24426555,0.558,4.163043047
12,25,5,-14.43661972,0,0,0,0,26.57753018,0,24.27784771,93.34420581,1.542,4.163043047
12,25,5.5,-11.4084507,3,0.6,3.168668209,0,26.56763383,0,24.22751541,93.44414608,1.539,4.145980777
12,25,6,4.647887324,25,6.8,22.97284451,0.773658476,26.56763383,0,24.36844587,93.6440266,0.98,4.145980777
12,25,6.5,50.98591549,96.6,27,82.38537343,3.094633905,26.56763383,0,24.97243358,93.74396687,0.504,4.128694494
12,25,7,61.61971831,104.6,28.8,97.7006031,3.868292381,26.58742654,0,25.4153579,93.34420581,1.047,4.128694494
12,25,7.5,116.3380282,161.2,44,146.0227933,5.673495492,26.65670105,0,25.76768406,93.04438502,1.353,4.128694494
12,25,8,120.2816901,168.4,46.2,155.7928536,6.18926781,26.81504279,0,26.17034253,92.54468371,1.31,4.128694494
12,25,8.5,200.4929577,268.6,72.2,240.2906725,9.026015556,26.97338453,0,26.71393147,91.64522134,1.092,4.111179251
12,25,9,391.1971831,511.4,128.6,451.2711641,14.69951105,27.19110442,0,26.95552655,89.74635634,1.832,4.111179251
12,25,9.5,399.2957746,543,134,486.9186814,15.47316952,27.28017165,0,27.60984656,85.64880555,3.006,4.093429949
12,25,10,551.8309859,669.6,172.4,618.4184121,19.34146191,27.2207935,0.1,28.41516351,80.65179239,3.394,4.093429949
12,25,10.5,446.1267606,555.2,142.8,495.1044076,15.98894184,27.60675149,0,29.44194261,77.26381747,2.17,4.075441329
12,25,11,315.3521127,402.8,110.2,358.8516746,12.63642178,27.81457502,0,29.79426877,74.14568126,2.475,4.075441329
12,25,11.5,387.9577465,493,134.2,445.9900504,15.21528337,28.15105122,0,30.21706016,71.43730012,3.232,4.057207964
12,25,12,661.971831,797.8,202.6,720.3439061,22.95186813,28.69535095,0,30.93177895,68.64896678,2.866,4.038724253
12,25,12.5,534.6478873,652.6,170.4,589.1082311,19.34146191,28.94275992,0,31.60623189,65.98056175,2.707,4.038724253
12,25,13,450.7042254,546.4,141.6,508.0431361,16.246828,29.26933975,0,31.69683005,65.5808007,2.613,4.019984414
12,25,13.5,349.2957746,438.4,116,389.7461897,13.66796641,29.12089437,0,31.59616543,66.66015554,1.562,4.000982477
12,25,14,640.1408451,763,197.4,700.8037855,22.43609581,28.74483274,0,32.39141591,64.49145183,1.81,4.000982477
12,25,14.5,308.8732394,383.4,104,358.587619,12.63642178,28.55680193,0,32.46188114,62.01293331,1.578,3.981712275
12,25,15,570.4225352,696,189.8,621.851136,21.92032349,29.72457226,0,33.09606823,60.82364417,2.102,3.981712275
12,25,15.5,153.5915493,229.4,64.2,211.7726586,7.736584762,30.25897563,0,31.73709589,63.20222244,5.015,3.962167436
12,25,16,-33.23943662,30,7.4,31.68668209,1.547316952,29.99177394,0,26.58306746,77.63359644,3.407,3.981712275
12,25,16.5,-14.64788732,15.4,4.2,15.84334104,0.257886159,29.53654144,0,25.47575667,85.14910423,2.861,4.145980777
12,25,17,-20.07042254,8.6,2,9.241948942,0,28.72504003,0,24.96236712,89.24665502,3.161,4.1798861
12,25,17.5,-15,5.4,1.4,5.545169365,0,28.1807403,0,24.66037326,90.44593818,1.341,4.1798861
12,25,18,-25.63380282,2,0.4,2.112445473,0,27.8442641,0,24.77110434,90.64581871,2.748,4.1798861
12,25,18.5,-21.97183099,0,0,0,0,27.676026,0,24.27784771,91.54528108,3.569,4.1798861
12,25,19,-23.5915493,0,0,0,0,27.53747698,0,24.36844587,92.34480318,4.465,4.1798861
12,25,19.5,-22.25352113,0,0,0,0,27.39892796,0,24.45904403,92.8445045,4.598,4.229145817
12,25,20,-20.21126761,0,0,0,0,27.27027529,0,24.37851233,93.14432529,3.948,4.307269667
12,25,20.5,-17.3943662,0,0,0,0,27.16141535,0,24.37851233,93.54408634,3.263,4.395048566
12,25,21,-18.66197183,0,0,0,0,27.07234812,0,24.46911049,93.74396687,2.439,4.436710259
12,25,21.5,-17.95774648,0,0,0,0,27.01296997,0,24.49930987,93.74396687,1.817,4.450287922
12,25,22,-18.52112676,0,0,0,0,26.98328089,0,24.50937634,93.94384739,1.488,4.436710259
12,25,22.5,-25.84507042,0,0,0,0,26.96348817,0,24.5194428,94.14372792,1.338,4.422979751
12,25,23,-24.36619718,0,0,0,0,26.92390274,0,24.55970864,94.34360844,1.747,4.395048566
12,25,23.5,-25.42253521,0,0,0,0,26.91400638,0,24.45904403,94.54348897,1.528,4.380841875
12,26,0,-28.87323944,0,0,0,0,26.90411002,0,24.42884464,94.64342923,1.475,4.36647031
12,26,0.5,-30.42253521,0,0,0,0,26.87442095,0,24.27784771,94.7433695,1.22,4.351930654
12,26,1,-29.85915493,0,0,0,0,26.84473187,0,24.15705017,94.84330976,1.347,4.351930654
12,26,1.5,-21.4084507,0,0,0,0,26.81504279,0,24.19731602,94.94325002,0.937,4.337219607
12,26,2,-22.25352113,0,0,0,0,26.78535372,0,24.21744894,95.04319029,0.76,4.322333774
12,26,2.5,-28.38028169,0,0,0,0,26.75566464,0,24.18724956,95.14313055,1.38,4.322333774
12,26,3,-27.32394366,0,0,0,0,26.72597557,0,24.12685079,95.24307081,1.297,4.307269667
12,26,3.5,-33.87323944,0,0,0,0,26.68639013,0,24.00605325,95.24307081,0.765,4.307269667
12,26,4,-33.5915493,0,0,0,0,26.63690834,0,23.92552155,95.34301108,1.581,4.292023697
12,26,4.5,-33.87323944,0,0,0,0,26.56763383,0,23.76445816,95.44295134,1.508,4.292023697
12,26,5,-35.07042254,0,0,0,0,26.51815203,0.1,23.6235277,95.5428916,1.378,4.292023697
12,26,5.5,-30.42253521,7.4,2.2,6.601392102,0.257886159,26.45877388,0,23.50273016,95.5428916,0.923,4.276592177
12,26,6,-9.295774648,33.4,9,33.79912756,1.547316952,26.39939573,0,23.59332831,95.74277213,0.799,4.276592177
12,26,6.5,93.52112676,167.6,49.6,137.5730114,6.447153968,26.38949937,0,24.34831295,95.84271239,1.18,4.260971312
12,26,7,177.1126761,269.4,76.4,234.2173918,10.57333251,26.56763383,0,25.23416158,95.04319029,0.833,4.260971312
12,26,7.5,247.3943662,374.4,96.8,260.3589045,12.12064946,26.81504279,0,25.73748467,94.04378766,1.221,4.260971312
12,26,8,180.5633803,313.2,115.6,373.3747373,13.66796641,26.99317725,0,25.91868098,92.8445045,1.53,4.245157198
12,26,8.5,432.1830986,569,135,487.9749041,15.47316952,27.40882432,0,26.58306746,90.84569923,1.076,4.245157198
12,26,9,503.7323944,666.8,155,585.6755073,17.53625879,27.78488595,0,27.13672286,88.04737186,1.222,4.229145817
12,26,9.5,494.3661972,757.8,172.8,679.1512194,19.34146191,27.92343497,0,27.77090995,84.64940292,1.051,4.212933033
12,26,10,614.084507,726.2,178.6,679.4152751,19.85723422,27.80467867,0,28.50576166,80.45191186,1.692,4.212933033
12,26,10.5,732.3943662,854.8,188.8,711.6300685,20.88877886,28.49742377,0,29.13994875,76.83407434,1.757,4.196514589
12,26,11,596.4788732,696.4,174,671.7576603,19.85723422,29.87301764,0,29.89493339,73.65597397,1.523,4.1798861
12,26,11.5,604.2253521,623.2,201,616.834078,22.17820965,30.6251409,0,30.33785771,70.65776607,1.393,4.163043047
12,26,12,559.6478873,663.8,159,596.2377346,18.30991727,30.86265351,0,30.93177895,67.91940286,1.631,4.145980777
12,26,12.5,855.6338028,988.8,239,899.1096042,26.56227435,31.3673678,0,31.88809282,63.63196557,1.957,4.128694494
12,26,13,491.1971831,581.4,144.2,540.2579296,16.76260032,31.27830057,0.1,32.29075129,61.74309459,1.285,4.128694494
12,26,13.5,650.7042254,770.2,193.2,705.5567878,21.66243733,30.97151345,0.1,32.83434023,60.10407428,1.432,4.111179251
12,26,14,606.3380282,718,186.4,636.1101429,20.88877886,29.89281035,0,33.40812855,57.23578872,1.842,4.093429949
12,26,14.5,316.971831,410.8,111.8,353.3065053,12.89430794,29.29902883,0.1,33.22693224,59.46445659,2.559,4.075441329
12,26,15,548.8028169,651.8,176.4,583.0349504,20.6308927,30.20949383,0.1,32.86453961,60.01412804,2.878,4.075441329
12,26,15.5,478.028169,590.6,165,534.1846489,19.59934806,30.78348264,0.1,33.4987267,55.69670867,2.859,4.057207964
12,26,16,461.056338,590.4,170.8,517.8131964,19.85723422,30.77358628,0.1,34.0523821,54.1876107,2.05,4.057207964
12,26,16.5,242.6760563,315.8,92.2,295.7423662,10.83121867,30.83296443,0.1,33.89131871,53.49802288,3.786,4.038724253
12,26,17,-29.92957746,8,1.4,12.14656147,0.257886159,30.68451905,0,24.92210127,79.92222847,7.631,4.292023697
12,26,17.5,-15.63380282,1.8,0,2.112445473,0,30.1204266,0.1,23.38193262,87.1479095,1.176,4.515979605
12,26,18,-19.01408451,0.4,0,0,0,28.87348541,0,23.57319539,89.54647581,1.52,4.528696868
12,26,18.5,-18.45070423,0,0,0,0,28.11146579,0.1,23.46246431,90.44593818,1.589,4.515979605
12,26,19,-19.36619718,0,0,0,0,27.70571508,0,23.51279662,91.24546029,1.582,4.515979605
12,26,19.5,-21.90140845,0,0,0,0,27.48799519,0,23.60339478,91.84510187,1.332,4.503125352
12,26,20,-26.69014085,0,0,0,0,27.33954981,0.1,23.67386001,92.54468371,2.152,4.49013163
12,26,20.5,-35.98591549,0,0,0,0,27.26037894,0,23.42219846,93.34420581,1.943,4.476995899
12,26,21,-38.09859155,0,0,0,0,27.20100078,0.1,23.23093569,93.6440266,0.927,4.463715554
12,26,21.5,-38.30985915,0,0,0,0,27.11193356,0,23.13027107,93.94384739,0.959,4.450287922
12,26,22,-39.92957746,0,0,0,0,27.00307361,0.1,23.21080277,94.04378766,1.057,4.436710259
12,26,22.5,-41.90140845,0,0,0,0,26.91400638,0.1,23.18060338,94.14372792,1.17,4.436710259
12,26,23,-30.77464789,0,0,0,0,26.83483551,0,23.150404,94.44354871,0.821,4.422979751
12,26,23.5,-26.05633803,0,0,0,0,26.79525008,0.1,23.25106861,94.54348897,0.774,4.422979751
12,27,0,-26.4084507,0,0,0,0,26.765561,0,23.16047046,94.64342923,0.351,4.409093509
12,27,0.5,-35.28169014,0,0,0,0,26.71607921,0.1,23.16047046,94.84330976,0.835,4.409093509
12,27,1,-40.56338028,0,0,0,0,26.65670105,0,23.19066984,94.94325002,0.907,4.409093509
12,27,1.5,-44.22535211,0,0,0,0,26.5973229,0.1,23.16047046,95.14313055,0.307,4.395048566
12,27,2,-44.29577465,0,0,0,0,26.52804839,0.1,22.88867599,95.14313055,0.656,4.395048566
12,27,2.5,-43.87323944,0,0,-0.264055684,0,26.46867024,0,22.57661567,95.34301108,1.085,4.395048566
12,27,3,-40.07042254,0,0,-0.264055684,0,26.39939573,0.1,22.5162169,95.44295134,1.201,4.380841875
12,27,3.5,-11.61971831,0,0,0,0,26.33012122,0,22.5162169,95.5428916,0.932,4.380841875
12,27,4,-5.915492958,0,0,0,0,26.30043214,0.1,22.94907476,95.74277213,1.598,4.380841875
12,27,4.5,-11.12676056,0,0,0,0,26.30043214,0.1,23.10007169,95.84271239,1.21,4.36647031
12,27,5,-16.69014085,0,0,0,0,26.32022486,0,23.10007169,95.74277213,1.22,4.36647031
12,27,5.5,-17.46478873,4.6,1.2,4.224890945,0.257886159,26.33012122,0.1,23.05980584,95.84271239,0.572,4.36647031
12,27,6,-1.056338028,30,8.2,27.98990251,1.547316952,26.34991393,0.1,23.09000522,95.84271239,0.157,4.351930654
12,27,6.5,53.73239437,108.2,30.4,92.41948942,3.868292381,26.37960301,0,23.27120154,96.04259292,0.421,4.351930654
12,27,7,115.7042254,144.8,40.4,126.4826727,5.157723175,26.51815203,0.1,23.4926637,95.84271239,0.785,4.337219607
12,27,7.5,234.4366197,309.2,84.4,191.1763153,10.31544635,26.82493915,0.1,23.78459109,95.74277213,1.068,4.337219607
12,27,8,193.943662,342.6,120,432.5232105,14.18373873,27.17131171,0.1,24.36844587,95.44295134,1.127,4.337219607
12,27,8.5,427.9577465,581.8,140.8,473.4518415,15.98894184,27.41872068,0.1,25.11336404,94.84330976,1.294,4.322333774
12,27,9,509.5774648,670.6,158.2,542.6344307,17.53625879,27.58695877,0.1,26.0193456,93.94384739,1.009,4.307269667
12,27,9.5,490.4225352,721.4,173,625.8119712,19.08357575,27.65623328,0.1,26.29114007,91.54528108,1.05,4.307269667
12,27,10,605.6338028,726.6,184.6,660.6673215,19.85723422,27.39892796,0.1,26.85486193,87.74755107,1.867,4.292023697
12,27,10.5,723.2394366,862.4,194,730.1139664,20.88877886,28.08177671,0.1,28.01250503,82.55065739,2.04,4.276592177
12,27,11,702.8169014,794,200.2,658.5548761,21.40455117,29.36830334,0.1,29.33121153,76.58422368,2.476,4.260971312
12,27,11.5,639.4366197,640.6,206.2,600.1985699,22.17820965,30.16001204,0.1,30.46872171,70.69774218,1.608,4.245157198
12,27,12,799.2957746,915.2,215.4,829.927015,23.46764044,30.83296443,0.1,31.5760325,65.21102173,2.406,4.229145817
12,27,12.5,764.7887324,887.6,214.8,798.2403329,23.46764044,31.29809329,0.1,32.4719476,59.95416388,2.051,4.212933033
12,27,13,744.3661972,868.2,215.8,788.4702726,23.7255266,31.67415492,0.2,33.32759685,56.98593807,1.884,4.196514589
12,27,13.5,717.6056338,839.2,213.4,762.3287599,22.95186813,31.2486115,0.1,33.88125225,54.24757486,1.616,4.1798861
12,27,14,666.9014085,791.8,205.4,721.1360732,22.17820965,29.99177394,0.1,34.6060375,52.77845299,1.872,4.163043047
12,27,14.5,576.056338,688.4,184.2,622.643303,20.11512038,29.50685236,0.2,34.64630335,51.25936099,1.732,4.163043047
12,27,15,491.7605634,601.2,166.4,560.3261616,18.56780343,30.38762829,0.2,34.95836366,50.35989862,1.843,4.145980777
12,27,15.5,405.1408451,518.4,147.2,459.1928346,16.246828,30.92203166,0.1,35.18989228,49.8202212,1.577,4.128694494
12,27,16,311.971831,421.4,124.8,379.448018,13.66796641,30.86265351,0.2,35.33082275,48.96073493,1.333,4.128694494
12,27,16.5,247.0422535,351.8,108.2,317.3949322,12.12064946,30.53607367,0.2,35.40128798,44.79322596,1.929,4.111179251
12,27,17,191.1971831,287.4,91.8,251.6450669,10.57333251,30.32825014,0.2,35.33082275,44.48341114,2.001,4.111179251
12,27,17.5,83.16901408,147,47.2,128.0670068,5.415609333,29.88291399,0.1,34.70670212,51.31932514,2.26,4.093429949
12,27,18,3.23943662,34.4,10.8,26.40556841,1.031544635,29.46726693,0.2,33.14640054,60.72370391,2.375,4.093429949
12,27,18.5,-25.42253521,6,2,3.696779577,0,29.26933975,0.2,30.79084849,68.62897873,3.879,4.093429949
12,27,19,-31.61971831,0,0,0,0,29.05161986,0.1,29.48220845,72.6066012,3.053,4.093429949
12,27,19.5,-30.07042254,0,0,0,0,28.71514367,0.2,29.11981583,72.99636823,1.75,4.093429949
12,27,20,-30.91549296,0,0,0,0,28.43804562,0.1,28.97888537,74.74532283,2.344,4.093429949
12,27,20.5,-29.92957746,0,0,0,0,28.23022209,0.2,28.55609397,75.86465378,2.374,4.075441329
12,27,21,-27.53521127,0,0,0,0,28.11146579,0.2,28.43529643,78.53305881,1.595,4.075441329
12,27,21.5,-27.81690141,0,0,0,0,28.00260584,0.1,28.05277088,80.45191186,2.166,4.075441329
12,27,22,-32.11267606,0,0,0,0,27.90364225,0.2,27.67024533,82.05095607,1.803,4.075441329
12,27,22.5,-31.4084507,0,0,0,0,27.83436774,0.2,27.41858379,82.95041844,0.972,4.075441329
12,27,23,-25.49295775,0,0,0,0,27.78488595,0.1,27.21725455,84.74934318,2.216,4.075441329
12,27,23.5,-30.49295775,0,0,0,0,27.70571508,0.1,27.00585886,84.94922371,2.178,4.075441329
12,28,0,-22.04225352,0,0,0,0,27.62654421,0.2,27.02599178,85.54886528,1.418,4.075441329
12,28,0.5,-29.71830986,0,0,0,0,27.59685513,0.1,26.97565947,85.94862634,0.925,4.057207964
12,28,1,-22.32394366,0,0,0,0,27.59685513,0.1,26.85486193,87.64761081,0.128,4.057207964
12,28,1.5,-19.22535211,0,0,0,0,27.61664785,0.1,26.85486193,88.64701344,0.674,4.057207964
12,28,2,-31.90140845,0,0,0,0,27.57706241,0.1,26.77433024,89.14671476,0.824,4.057207964
12,28,2.5,-32.18309859,0,0,0,0,27.52758062,0.2,26.56293454,89.44653555,0.958,4.057207964
12,28,3,-30.35211268,0,0,0,0,27.47809883,0.1,26.45220346,89.94623686,1.046,4.057207964
12,28,3.5,-19.64788732,0,0,0,0,27.44840975,0.1,26.35153884,90.84569923,0.448,4.057207964
12,28,4,-21.76056338,0,0,0,0,27.42861703,0.1,26.37167176,91.34540055,0.937,4.057207964
12,28,4.5,-31.90140845,0,0,0,0,27.3890316,0.1,26.25087422,91.34540055,0.964,4.057207964
12,28,5,-34.15492958,0,0,0,0,27.34944616,0.2,26.06967791,91.54528108,1.254,4.038724253
12,28,5.5,-27.32394366,8.2,2.6,6.337336418,0,27.31975709,0.1,25.6770859,91.84510187,1.422,4.038724253
12,28,6,3.38028169,67.4,20.8,48.0581345,2.320975429,27.33954981,0.1,26.0193456,92.34480318,1.229,4.038724253
12,28,6.5,25.49295775,153,46,128.8591738,5.931381651,27.42861703,0.1,26.85486193,91.64522134,1.367,4.038724253
12,28,7,139.8591549,258,73,219.9583848,10.31544635,27.51768426,0.1,27.14678932,89.74635634,2.181,4.038724253
12,28,7.5,237.3239437,365,96.6,235.2736145,11.8627633,27.78488595,0.2,27.67024533,85.54886528,2.719,4.038724253
12,28,8,185.915493,314.4,118.8,374.6950157,13.66796641,28.00260584,0.1,28.67689151,77.18386526,3.617,4.038724253
12,28,8.5,436.6197183,569.8,137.8,496.6887417,15.73105568,28.15105122,0.1,29.89493339,69.12868004,3.621,4.019984414
12,28,9,515.4929577,655.6,154.2,556.629382,17.27837264,28.17084394,0.2,30.99217772,65.12107549,3.696,4.019984414
12,28,9.5,507.6056338,692,168.6,611.5529643,18.56780343,28.17084394,0.1,31.81762759,62.37271825,3.251,4.000982477
12,28,10,602.8169014,710.4,180.2,650.1050942,19.85723422,27.99270948,0.2,32.64307745,58.90479112,3.344,4.000982477
12,28,10.5,692.2535211,835.8,190.8,741.4683608,20.88877886,28.6359728,0.1,33.30746393,56.99593209,3.85,3.981712275
12,28,11,602.1126761,695.2,189,649.3129271,20.6308927,29.39799242,0.2,33.64972363,55.37689983,4.225,3.962167436
12,28,11.5,654.2253521,677.4,214.8,640.3350339,23.20975429,29.77405405,0.1,33.82085348,55.48683412,3.64,3.942341374
12,28,12,441.9014085,596,150.2,522.0380874,16.246828,30.11053025,0.2,33.61952425,55.87660115,3.819,3.942341374
12,28,12.5,799.2957746,927.2,226.6,838.9049083,24.75707124,30.6251409,0.2,33.85105287,55.18701333,2.291,3.922227279
12,28,13,622.5352113,711.2,180,627.9244167,19.59934806,31.39705688,0.2,34.65636981,51.29933709,3.17,3.901818108
12,28,13.5,553.1690141,650.4,168,565.8713309,18.56780343,30.46679916,0.2,34.2637778,51.43925346,2.642,3.901818108
12,28,14,338.4507042,417.8,112,380.5042407,12.37853562,29.76415769,0.2,34.89796489,49.30053183,3.037,3.881106577
12,28,14.5,566.9014085,681.2,183.4,586.73173,19.59934806,29.78395041,0.2,34.65636981,50.45983888,1.904,3.881106577
12,28,15,426.7605634,526,145,474.7721199,16.246828,30.15011568,0.2,34.6060375,51.12943864,1.973,3.860085144
12,28,15.5,427.0422535,532.2,150.2,499.3292986,17.02048648,31.11006248,0.2,35.34088921,45.55277196,2.116,3.860085144
12,28,16,369.084507,475,141,437.8043242,16.246828,31.09026976,0.2,35.69321537,47.41166085,2.678,3.860085144
12,28,16.5,238.8732394,332,105.4,306.0405378,12.37853562,30.92203166,0.2,35.6328166,47.68149956,1.66,3.838746003
12,28,17,128.8732394,206,69,189.8560368,8.510243238,30.71420813,0.1,35.56235137,47.79143385,2.02,3.838746003
12,28,17.5,69.29577465,138.2,48.2,121.993726,5.931381651,30.30845742,0.2,35.09929413,49.55038249,2.073,3.838746003
12,28,18,9.718309859,57.4,21,49.6424686,2.578861587,29.69488318,0.2,34.31411011,51.19939683,1.988,3.838746003
12,28,18.5,-29.92957746,5.4,1.6,5.281113681,0.257886159,29.29902883,0.1,33.56919194,60.92358444,1.505,3.838746003
12,28,19,-35.49295775,0,0,0,0,29.31882155,0.2,31.49550081,70.65776607,1.91,3.838746003
12,28,19.5,-33.45070423,0,0,0,0,29.19016888,0.1,30.35799063,76.16447457,1.783,3.838746003
12,28,20,-31.12676056,0,0,0,0,28.9229672,0.2,29.15001522,76.56423562,2.088,3.838746003
12,28,20.5,-33.73239437,0,0,0,0,28.61618008,0.1,28.85808782,76.65418186,1.116,3.838746003
12,28,21,-36.33802817,0,0,0,0,28.45783834,0.1,28.52589459,79.52246741,1.052,3.838746003
12,28,21.5,-35.56338028,0,0,0,0,28.36877111,0.2,27.97223919,81.85107555,1.02,3.838746003
12,28,22,-32.81690141,0,0,0,0,28.25991117,0.1,27.7306441,83.74994055,1.476,3.838746003
12,28,22.5,-31.97183099,0,0,0,0,28.19063665,0.2,27.52931487,85.14910423,1.455,3.838746003
12,28,23,-32.11267606,0,0,0,0,28.11146579,0.1,27.39845087,86.44832765,0.457,3.838746003
12,28,23.5,-32.32394366,0,0,0,0,28.05208763,0.1,27.22732102,87.44773029,0.967,3.838746003
12,29,0,-31.54929577,0,0,0,0,28.0125022,0.2,27.11658994,88.54707318,1.134,3.838746003
12,29,0.5,-29.43661972,0,0,0,0,27.97291676,0.1,26.87499485,89.0467745,1.223,3.838746003
12,29,1,-29.50704225,0,0,0,0,27.93333133,0.1,26.79446316,89.8462966,0.746,3.838746003
12,29,1.5,-29.50704225,0,0,0,0,27.90364225,0.1,26.60320039,90.34599792,0.747,3.838746003
12,29,2,-30.49295775,0,0,0,0,27.87395318,0.2,26.3616053,90.74575897,0.817,3.838746003
12,29,2.5,-31.90140845,0,0,0,0,27.83436774,0.1,26.26094069,91.24546029,1.014,3.838746003
12,29,3,-33.16901408,0,0,0,0,27.77498959,0.1,26.16027607,91.44534081,1.715,3.838746003
12,29,3.5,-33.66197183,0,0,0,0,27.71561144,0.2,26.02941206,91.54528108,1.925,3.838746003
12,29,4,-32.67605634,0,0,0,0,27.65623328,0.1,25.69721883,91.7451616,1.491,3.838746003
12,29,4.5,-32.74647887,0,0,0,0,27.62654421,0.1,25.38515851,92.04498239,1.606,3.838746003
12,29,5,-32.81690141,0,0,0,0,27.5572697,0.1,25.3348262,92.24486292,1.351,3.817081071
12,29,5.5,-30.21126761,6.2,1.8,5.281113681,0,27.49789154,0.1,25.27442743,92.44474344,1.571,3.817081071
12,29,6,-5.845070423,57.6,18.2,43.83324355,2.06308927,27.44840975,0.2,25.86834868,92.8445045,0.99,3.817081071
12,29,6.5,43.66197183,145.8,43.6,115.1282783,5.415609333,27.49789154,0.1,26.75419731,92.14492265,1.238,3.817081071
12,29,7,92.6056338,257.6,73.4,238.4422827,9.799674032,27.69581872,0.1,27.00585886,90.64581871,1.425,3.817081071
12,29,7.5,190.6338028,294,78.6,209.1321018,10.05756019,28.04219127,0.2,27.28771979,87.1479095,2.3,3.817081071
12,29,8,148.943662,266.2,103.6,324.5244357,12.37853562,28.24011845,0.2,28.22390073,82.05095607,2.708,3.817081071
12,29,8.5,380.3521127,505.6,123.2,448.8946629,13.92585257,28.4677347,0.1,29.35134445,75.46489273,2.998,3.817081071
12,29,9,496.971831,644.2,152.8,559.2699388,17.02048648,28.586491,0.2,30.5492534,69.89822007,3.159,3.817081071
12,29,9.5,521.971831,697.2,171,621.5870803,18.56780343,28.53700921,0.1,31.63643128,65.31096199,3.624,3.795081971
12,29,10,596.4788732,708,180.8,640.8631452,19.85723422,28.25991117,0.2,32.49208053,59.36451633,4.159,3.772740025
12,29,10.5,712.6760563,856,191,748.5978643,20.6308927,28.71514367,0.2,33.17659993,53.89778393,4.864,3.772740025
12,29,11,692.2535211,797.8,197.8,683.1120547,21.40455117,29.73446861,0.1,33.81078702,52.67851272,4.665,3.750046232
12,29,11.5,673.2394366,667.2,207.2,585.6755073,22.69398197,30.36783557,0.2,34.27384426,51.68910412,4.34,3.726991262
12,29,12,803.5211268,930.4,218,835.4721844,23.98341276,30.80327536,0.1,34.77716735,49.62034067,4.371,3.703565429
12,29,12.5,805.6338028,931,223.2,847.8828015,24.24129892,31.11006248,0.2,34.97849659,47.97132633,5.124,3.703565429
12,29,13,754.2253521,886.4,216.6,810.6509501,23.7255266,31.26840421,0.2,35.14962644,47.11184006,4.802,3.679758684
12,29,13.5,734.5070423,854.4,213.8,781.8688805,23.46764044,30.94182438,0.2,35.39122152,47.87138606,4.624,3.65556059
12,29,14,681.6901408,806,207,733.810746,22.69398197,29.96208486,0.1,35.51201906,45.23296312,4.668,3.630960307
12,29,14.5,562.1126761,682.2,180.4,620.7949132,20.11512038,29.65529774,0.2,35.73348122,46.35229406,4.139,3.630960307
12,29,15,539.8591549,658,179.6,595.1815119,20.11512038,30.48659188,0.1,35.72341476,45.39286754,4.591,3.605946568
12,29,15.5,418.6619718,525.2,147.8,473.7158972,17.02048648,30.9121353,0.2,35.77374707,45.20298104,4.384,3.605946568
12,29,16,344.7183099,441.2,130.8,396.6116375,15.21528337,30.86265351,0.1,35.67308245,46.92195356,4.111,3.580507661
12,29,16.5,230.5633803,315.6,99.6,285.9723058,11.60487714,30.67462269,0.2,35.4214209,46.53218654,4.342,3.580507661
12,29,17,122.6056338,202.2,68.4,186.4233129,8.510243238,30.37773193,0.1,33.67992302,52.06887712,5.85,3.580507661
12,29,17.5,73.09859155,148.2,54.6,130.9716193,6.962926286,30.3381465,0.1,33.04573592,55.06708501,3.877,3.580507661
12,29,18,12.3943662,59.4,22.2,53.60330386,2.836747746,29.81363948,0.1,32.69340976,57.67552588,2.977,3.580507661
12,29,18.5,-31.76056338,9.8,3.2,8.44978189,0.257886159,29.40788878,0.1,31.75722882,58.06529291,4.09,3.580507661
12,29,19,-36.05633803,0,0,0,0,29.23965068,0.1,31.2337728,57.77546615,2.619,3.580507661
12,29,19.5,-35.77464789,0,0,0,0,29.0417235,0.1,30.39825648,61.51323199,2.702,3.580507661
12,29,20,-40.07042254,0,0,0,0,28.83389997,0.1,29.68353769,62.39270631,3.17,3.580507661
12,29,20.5,-36.76056338,0,0,0,0,28.6359728,0,29.38154384,63.03232399,2.35,3.580507661
12,29,21,-35.63380282,0,0,0,0,28.49742377,0.1,28.74735674,65.60078875,2.195,3.580507661
12,29,21.5,-41.05633803,0,0,0,0,28.40835655,0.1,28.39503058,66.55022125,3.021,3.580507661
12,29,22,-36.26760563,0,0,0,0,28.25001481,0,28.18363488,66.85004204,2.16,3.580507661
12,29,22.5,-35.35211268,0,0,0,0,28.17084394,0.1,27.76084349,69.15866212,1.927,3.580507661
12,29,23,-39.36619718,0,0,0,0,28.15105122,0.1,26.99579239,72.5666251,2.705,3.580507661
12,29,23.5,-40.21126761,0,0,0,0,28.07188035,0,26.59313392,74.15567528,2.744,3.580507661
12,30,0,-37.53521127,0,0,0,0,27.95312405,0.1,26.32133946,75.19505402,2.577,3.580507661
12,30,0.5,-37.18309859,0,0,0,0,27.88384953,0.1,26.13007668,77.00397278,2.066,3.580507661
12,30,1,-35.77464789,0,0,0,0,27.81457502,0,25.86834868,78.62300505,1.788,3.580507661
12,30,1.5,-35.28169014,0,0,0,0,27.77498959,0.1,25.74755113,80.95161318,1.694,3.580507661
12,30,2,-35.42253521,0,0,0,0,27.73540415,0,25.51602251,82.45071713,2.22,3.580507661
12,30,2.5,-37.95774648,0,0,0,0,27.63644057,0.1,25.27442743,83.15029897,1.828,3.580507661
12,30,3,-37.6056338,0,0,0,0,27.56716606,0,24.89190188,83.94982107,1.622,3.580507661
12,30,3.5,-30.14084507,0,0,0,0,27.54737334,0.1,24.58990803,84.94922371,1.455,3.580507661
12,30,4,-32.88732394,0,0,0,0,27.49789154,0,24.56977511,86.14850686,1.43,3.580507661
12,30,4.5,-34.50704225,0,0,0,0,27.41872068,0.1,24.38857879,87.04796923,1.485,3.580507661
12,30,5,-34.08450704,0,0,0,0,27.36923888,0,24.32818002,87.74755107,2.215,3.580507661
12,30,5.5,-30.91549296,3.8,1,3.960835261,0,27.29996437,0.1,24.21744894,88.04737186,2.2,3.580507661
12,30,6,-35.14084507,37.2,11.4,31.68668209,1.289430794,27.2207935,0,24.29798064,88.14731213,2.099,3.580507661
12,30,6.5,28.66197183,100.6,30.6,86.34620869,3.868292381,27.13172627,0.1,24.81137019,87.34779002,2.473,3.580507661
12,30,7,115.915493,221.6,64.6,181.6703106,7.994470921,27.26037894,0,25.34489266,84.64940292,3.784,3.580507661
12,30,7.5,227.0422535,351.6,96,241.8750066,11.8627633,27.54737334,0.1,26.45220346,80.05215081,4.066,3.580507661
12,30,8,178.5915493,302,117,350.6659484,12.89430794,27.81457502,0.1,27.80110934,74.52545426,3.583,3.580507661
12,30,8.5,431.056338,563.4,139,485.8624587,15.47316952,28.10156943,0,29.11981583,68.97876965,4.228,3.554631403
12,30,9,515.1408451,653.2,155.8,552.4044911,17.02048648,28.14115486,0.1,30.19692724,66.62017944,4.138,3.554631403
12,30,9.5,532.3943662,697,169.4,614.1935211,18.30991727,28.12136214,0.1,30.96197834,64.18163702,4.081,3.554631403
12,30,10,612.6760563,696,180.8,637.1663656,19.85723422,27.9630204,0.1,31.58609897,61.89300499,3.893,3.528305116
12,30,10.5,709.1549296,844.2,190.2,755.4633121,20.6308927,28.59638736,0.1,32.38134945,60.96356054,3.67,3.501515604
12,30,11,700,779.8,196.2,735.9231915,21.40455117,29.75426133,0.1,32.79407438,59.78426544,4.424,3.474249121
12,30,11.5,673.2394366,648.2,202.6,582.2427834,22.43609581,30.38762829,0.1,33.24706516,57.91538251,4.722,3.474249121
12,30,12,803.5211268,914.8,215.6,839.6970753,23.98341276,30.71420813,0.1,33.70005594,56.03650557,4.905,3.446491342
12,30,12.5,802.1126761,924.2,223,853.1639152,24.75707124,31.0803734,0,34.0523821,54.57737772,5.15,3.418227335
12,30,13,770.4225352,890.8,219,825.1740127,24.24129892,31.47622775,0.1,34.34430949,52.65852467,4.964,3.389441522
12,30,13.5,720.4225352,827.4,208,764.9693167,23.20975429,31.13975155,0.1,34.67650273,52.6685187,4.857,3.360117648
12,30,14,589.4366197,678.8,175.8,627.3963053,19.85723422,30.15011568,0,34.77716735,51.83901451,4.417,3.330238739
12,30,14.5,498.8028169,580.8,154.2,531.544092,17.79414495,29.79384677,0.1,34.88789843,51.04948643,3.845,3.299787062
12,30,15,403.6619718,474.4,130.4,431.4669878,15.21528337,30.30845742,0.1,34.93823074,49.88018535,4.449,3.26874408
12,30,15.5,300.4929577,370.8,104.8,340.3677768,12.89430794,30.63503726,0,34.91809782,49.99011964,4.134,3.26874408
12,30,16,349.6478873,446.4,134.2,396.6116375,15.47316952,30.68451905,0.1,35.10936059,48.25115906,4.317,3.237090405
12,30,16.5,255.0704225,349.4,112.2,315.8105981,13.1521941,30.73400084,0,35.40128798,46.87198343,3.703,3.237090405
12,30,17,157.0422535,241.6,84,218.3740507,10.57333251,30.72410449,0.1,35.23015813,47.11184006,3.531,3.237090405
12,30,17.5,69.85915493,142.4,53.2,126.4826727,6.705040127,30.52617731,0,34.95836366,48.74086635,3.15,3.204805749
12,30,18,-1.338028169,44.6,16.4,42.77702082,2.320975429,30.01156666,0,34.14298026,50.74966564,3.218,3.204805749
12,30,18.5,-32.74647887,4.2,1,5.017057997,0,29.67509046,0,33.04573592,53.66792133,2.877,3.204805749
12,30,19,-31.26760563,0,0,0,0,29.48705965,0.1,32.20015313,58.61496436,2.021,3.204805749
12,30,19.5,-33.09859155,0,0,0,0,29.32871791,0,30.83111433,66.31036462,1.738,3.204805749
12,30,20,-34.15492958,0,0,0,0,29.21985796,0,29.41174322,72.29678639,2.045,3.204805749
12,30,20.5,-33.16901408,0,0,0,0,29.02193079,0,28.84802136,74.09571112,2.246,3.237090405
12,30,21,-32.11267606,0,0,0,0,28.78441818,0.1,28.89835367,73.02635031,2.009,3.237090405
12,30,21.5,-32.95774648,0,0,0,0,28.61618008,0,28.68695797,73.88583657,2.214,3.237090405
12,30,22,-32.67605634,0,0,0,0,28.52711285,0,28.6265592,75.78470157,1.9,3.237090405
12,30,22.5,-31.83098592,0,0,0,0,28.43804562,0,28.0225715,78.29320218,1.712,3.237090405
12,30,23,-32.32394366,0,0,0,0,28.39846019,0.1,27.31791917,80.25203134,1.732,3.237090405
12,30,23.5,-32.04225352,0,0,0,0,28.31928932,0,27.31791917,81.65119502,1.715,3.237090405
12,31,0,-31.61971831,0,0,0,0,28.25001481,0,27.21725455,83.35017949,1.602,3.237090405
12,31,0.5,-30.49295775,0,0,0,0,28.19063665,0,26.93539362,84.44952239,2.03,3.237090405
12,31,1,-39.15492958,0,0,0,0,28.08177671,0,26.61326685,84.54946265,1.902,3.237090405
12,31,1.5,-35.14084507,0,0,0,0,28.04219127,0.1,26.53273515,85.04916397,2.171,3.237090405
12,31,2,-39.85915493,0,0,0,0,27.97291676,0,26.33140592,85.34898476,2.293,3.237090405
12,31,2.5,-34.15492958,0,0,0,0,27.90364225,0,26.08981083,85.54886528,1.251,3.237090405
12,31,3,-35.42253521,0,0,0,0,27.88384953,0,25.78781698,86.14850686,2.225,3.237090405
12,31,3.5,-35.70422535,0,0,0,0,27.82447138,0.1,25.72741821,86.44832765,2.254,3.237090405
12,31,4,-32.74647887,0,0,0,0,27.76509323,0,25.66701944,87.04796923,1.376,3.237090405
12,31,4.5,-33.02816901,0,0,0,0,27.76509323,0,25.52608898,87.74755107,1.868,3.237090405
12,31,5,-33.09859155,0,0,0,0,27.73540415,0,25.53615544,88.34719265,1.38,3.237090405
12,31,5.5,-24.50704225,4.4,1.4,3.960835261,0,27.69581872,0,25.31469328,89.14671476,1.616,3.237090405
12,31,6,-13.5915493,28.8,8.2,26.40556841,1.289430794,27.63644057,0,25.61668713,89.64641608,1.518,3.237090405
12,31,6.5,27.18309859,121.2,36.8,101.133327,4.641950857,27.60675149,0,26.34147238,90.04617713,1.318,3.26874408
12,31,7,135,251,73.8,203.058821,9.026015556,27.83436774,0.1,27.02599178,88.04737186,2.439,3.26874408
12,31,7.5,225.4929577,350,95.8,240.8187839,11.8627633,28.14115486,0,27.69037826,82.65059765,3.372,3.26874408
12,31,8,184.7887324,308.4,117.6,341.9521109,13.66796641,28.38856383,0,28.76748967,74.95519739,3.65,3.237090405
12,31,8.5,415.6338028,547.6,135.6,469.2269506,15.73105568,28.60628372,0,29.88486693,69.48846499,3.816,3.237090405
12,31,9,501.6901408,633.4,152,531.544092,17.53625879,28.67555823,0,30.68011741,66.35034073,3.767,3.204805749
12,31,9.5,538.0985915,701.2,167.6,602.3110153,19.34146191,28.62607644,0.1,31.29417157,64.5913921,3.486,3.204805749
12,31,10,603.5211268,685,177.4,623.4354701,20.11512038,28.49742377,0,32.03908975,62.75249125,2.75,3.171868865
12,31,10.5,702.8169014,833.2,187.6,736.7153585,21.66243733,29.06151622,0,32.49208053,60.93357846,3.581,3.138257493
12,31,11,685.915493,798.2,196,732.4904676,22.43609581,30.14021932,0,32.93500484,59.10467165,3.878,3.103948293
12,31,11.5,689.4366197,675.2,205.6,606.799962,23.7255266,30.66472633,0.1,33.22693224,56.5062248,4.893,3.068916779
12,31,12,816.1971831,939.8,221.6,853.4279709,25.78861587,30.88244622,0,33.7101224,54.46744343,4.935,3.033137246
12,31,12.5,798.5915493,916.4,221.6,834.944073,25.78861587,31.44653867,0,34.12284733,53.44805275,4.619,2.959224716
12,31,13,716.1971831,831.2,206.4,751.7665325,23.98341276,31.66425856,0,34.25371134,53.34811249,3.881,2.921033461
12,31,13.5,788.7323944,909.8,228,832.3035162,26.82016051,31.54550226,0,34.59597104,50.72967759,4.915,2.881977479
12,31,14,738.028169,853.6,218.4,787.4140499,26.04650203,30.53607367,0.1,34.66643627,50.41986278,5.128,2.842023636
12,31,14.5,650,774.8,203.6,703.708398,24.24129892,30.19959747,0,34.61610396,47.67150554,4.561,2.801136995
12,31,15,510.0704225,611.2,166,553.1966581,19.59934806,30.89234258,0,34.93823074,46.4422403,3.874,2.759280685
12,31,15.5,407.3943662,514.2,145,455.2319993,17.02048648,31.12985519,0,34.70670212,47.68149956,3.868,2.716415763
12,31,16,265.915493,351.8,103,316.0746538,12.37853562,31.02099525,0,34.52550581,48.35109933,3.591,2.672501059
12,31,16.5,266.3380282,357.2,109.8,312.3778742,12.89430794,30.96161709,0,34.86776551,51.20939085,2.487,2.672501059
12,31,17,161.1971831,234.4,73.6,210.9804916,9.283901714,30.92203166,0,34.50537288,52.7084948,3.88,2.627493012
12,31,17.5,81.05633803,145,47.4,122.7858931,5.931381651,30.63503726,0,33.5792584,56.21639804,4.055,2.627493012
12,31,18,28.73239437,76.6,26,59.94064028,2.836747746,30.30845742,0.1,33.19673285,56.54620091,4.394,2.627493012
12,31,18.5,-21.4084507,3.8,1.2,2.904612525,0,30.1204266,0,30.08619616,63.36212686,7.482,2.627493012
12,31,19,-38.52112676,0,0,0,0,30.13032296,0,28.00243857,72.26680431,4.86,2.627493012
12,31,19.5,-38.94366197,0,0,0,0,29.75426133,0,27.51924841,73.48607552,3.778,2.627493012
12,31,20,-38.45070423,0,0,0,0,29.35840698,0,27.28771979,73.29618902,3.334,2.627493012
12,31,20.5,-38.52112676,0,0,0,0,29.08130894,0,27.16692225,73.66596799,2.929,2.627493012
12,31,21,-38.73239437,0,0,0,0,28.88338176,0,27.03605824,73.24621889,3.107,2.627493012
12,31,21.5,-38.45070423,0,0,0,0,28.69535095,0,26.96559301,72.66656536,2.58,2.627493012
12,31,22,-36.4084507,0,0,0,0,28.57659464,0,26.94546009,72.25681028,2.09,2.627493012
12,31,22.5,-32.32394366,0,0,0,0,28.47763106,0,26.85486193,72.77649965,2.417,2.627493012
12,31,23,-30.70422535,0,0,0,0,28.40835655,0,26.7843967,73.19624876,2.862,2.627493012
12,31,23.5,-33.8028169,0,0,0,0,28.30939296,0,26.89512778,73.26620694,2.6,2.627493012
